2.260972e-08,-5.725112e-10,4.210054e-11,1.378256e-08,-7.580353e-10,1.205564e-08,1.817610e-08,-8.297172e-10,2.223944e-10,1.355753e-08,-6.219306e-10,-1.181903e-08,-8.840745e-10,-5.718252e-10,-2.413328e-10,-2.711148e-11,1.529674e-10,3.658669e-10,7.021065e-10,7.031968e-10,2.608597e-10,-1.650083e-11,-1.795534e-10,-1.230414e-10,5.084593e-10,1.793576e-09,2.951068e-09,4.234357e-09,5.708371e-09,7.125870e-09,-1.433447e-07,-1.427404e-07,-1.421358e-07,-1.415328e-07,-1.409238e-07,-1.402495e-07,-1.394865e-07,-1.385424e-07,-1.374433e-07,-1.361460e-07,-1.346889e-07,-1.331043e-07,-1.313984e-07,-1.295729e-07,-1.276643e-07,-1.257434e-07,-1.238406e-07,-1.219332e-07,6.635207e-09,6.661856e-09,6.689748e-09,6.712197e-09,6.698737e-09,6.669252e-09,6.592585e-09,6.484637e-09,6.344451e-09,6.167537e-09,6.017896e-09,5.887312e-09,5.799643e-09,5.733316e-09,5.637701e-09,5.509332e-09,5.381502e-09,5.254256e-09,-9.800072e-08,-1.017025e-07,-1.054070e-07,-1.090393e-07,-1.124278e-07,-1.153821e-07,-1.177266e-07,-1.194238e-07,-1.205578e-07,-1.212694e-07,-1.216559e-07,-1.217228e-07,-1.215537e-07,-1.212977e-07,-1.209894e-07,-1.205559e-07,-1.200220e-07,-1.194933e-07,-1.399188e-08,-1.228338e-08,-1.057675e-08,-8.840399e-09,-6.985580e-09,-4.969620e-09,-2.901922e-09,-1.066002e-09,3.072207e-10,1.238768e-09,1.816335e-09,2.204095e-09,2.600011e-09,3.006164e-09,3.262000e-09,3.346233e-09,3.377114e-09,3.413533e-09
-5.725112e-10,1.897802e-08,1.951647e-09,1.525264e-09,1.303713e-08,-3.113299e-09,-3.030236e-10,1.113086e-08,-6.130474e-09,-2.423494e-09,1.285524e-08,-2.484450e-09,3.231868e-08,3.279905e-08,3.332300e-08,3.321241e-08,3.321228e-08,3.304534e-08,3.337099e-08,3.292839e-08,3.215818e-08,3.000621e-08,2.816133e-08,2.649495e-08,2.533570e-08,2.485055e-08,2.510203e-08,2.594823e-08,2.678257e-08,2.751693e-08,9.385921e-09,8.769004e-09,8.152290e-09,7.534484e-09,6.919400e-09,6.416658e-09,6.055002e-09,5.705299e-09,5.252868e-09,4.685068e-09,4.021766e-09,3.262044e-09,2.418741e-09,1.498168e-09,5.038992e-10,-5.530684e-10,-1.634651e-09,-2.711736e-09,-1.002696e-07,-9.915218e-08,-9.802805e-08,-9.696492e-08,-9.606092e-08,-9.521129e-08,-9.441693e-08,-9.368549e-08,-9.301523e-08,-9.247120e-08,-9.215678e-08,-9.199109e-08,-9.192908e-08,-9.191840e-08,-9.192223e-08,-9.192034e-08,-9.189325e-08,-9.186051e-08,-4.333320e-09,-2.967749e-09,-1.602474e-09,-2.235074e-10,1.223654e-09,2.701029e-09,4.076103e-09,5.203085e-09,5.928945e-09,6.158567e-09,5.884040e-09,5.186527e-09,4.209187e-09,3.014108e-09,1.584842e-09,-1.753430e-11,-1.666421e-09,-3.310648e-09,3.152057e-08,3.272520e-08,3.393429e-08,3.497071e-08,3.567257e-08,3.586099e-08,3.543160e-08,3.432010e-08,3.265717e-08,3.051187e-08,2.808951e-08,2.550316e-08,2.292289e-08,2.052603e-08,1.835809e-08,1.630038e-08,1.424122e-08,1.217859e-08
4.210054e-11,1.951647e-09,2.120232e-08,-3.053479e-09,1.222975e-08,3.614700e-09,-4.522910e-10,5.999468e-09,-1.176201e-08,2.947495e-09,1.195645e-08,4.168601e-09,-4.490748e-08,-4.588309e-08,-4.660411e-08,-4.663420e-08,-4.715421e-08,-4.693248e-08,-4.695788e-08,-4.620628e-08,-4.518919e-08,-4.287285e-08,-4.087462e-08,-3.972744e-08,-3.888937e-08,-3.814008e-08,-3.737276e-08,-3.658207e-08,-3.610835e-08,-3.561851e-08,-1.363611e-09,-5.910247e-10,1.821281e-10,9.540499e-10,1.731860e-09,2.411586e-09,2.875105e-09,3.272796e-09,3.669386e-09,3.944112e-09,4.040169e-09,3.907252e-09,3.588633e-09,3.147240e-09,2.593141e-09,1.994017e-09,1.400075e-09,8.049861e-10,-9.527363e-08,-9.487112e-08,-9.446607e-08,-9.388683e-08,-9.309955e-08,-9.220242e-08,-9.129848e-08,-9.042531e-08,-8.962595e-08,-8.880477e-08,-8.791426e-08,-8.693340e-08,-8.585537e-08,-8.471579e-08,-8.353095e-08,-8.228881e-08,-8.102412e-08,-7.975891e-08,-1.279823e-09,-1.020200e-10,1.075186e-09,2.278451e-09,3.566631e-09,4.941745e-09,6.294682e-09,7.438009e-09,8.196758e-09,8.500466e-09,8.347867e-09,7.810989e-09,7.020533e-09,6.035477e-09,4.844867e-09,3.503601e-09,2.123679e-09,7.485951e-10,-2.830858e-07,-2.784665e-07,-2.738386e-07,-2.692461e-07,-2.648229e-07,-2.605281e-07,-2.564316e-07,-2.524734e-07,-2.486075e-07,-2.447520e-07,-2.410122e-07,-2.374370e-07,-2.339895e-07,-2.305629e-07,-2.271207e-07,-2.237167e-07,-2.203663e-07,-2.170112e-07
1.378256e-08,1.525264e-09,-3.053479e-09,2.019805e-08,-7.343881e-10,1.990545e-09,1.365392e-08,-2.834431e-09,-2.608883e-09,1.207181e-08,-6.644544e-10,-6.242641e-09,3.266167e-08,3.351544e-08,3.429409e-08,3.442709e-08,3.481419e-08,3.483433e-08,3.522830e-08,3.466971e-08,3.348643e-08,3.129458e-08,2.951589e-08,2.844440e-08,2.815424e-08,2.863982e-08,2.928416e-08,3.021445e-08,3.145264e-08,3.259557e-08,-1.004670e-07,-1.009225e-07,-1.013779e-07,-1.018343e-07,-1.022879e-07,-1.025995e-07,-1.026839e-07,-1.025813e-07,-1.023817e-07,-1.020037e-07,-1.014415e-07,-1.006952e-07,-9.979306e-08,-9.876439e-08,-9.764287e-08,-9.650876e-08,-9.540182e-08,-9.428892e-08,4.431818e-09,4.981756e-09,5.534590e-09,5.984325e-09,6.252250e-09,6.439530e-09,6.567314e-09,6.659956e-09,6.735585e-09,6.719173e-09,6.592436e-09,6.372008e-09,6.090701e-09,5.767974e-09,5.389846e-09,4.959810e-09,4.528858e-09,4.100749e-09,6.389740e-08,5.922245e-08,5.454350e-08,4.987372e-08,4.533366e-08,4.104013e-08,3.716580e-08,3.366284e-08,3.052560e-08,2.775924e-08,2.551258e-08,2.388788e-08,2.283945e-08,2.218062e-08,2.174938e-08,2.148810e-08,2.131090e-08,2.112590e-08,-8.389625e-09,-6.930003e-09,-5.472877e-09,-3.985110e-09,-2.395184e-09,-7.536840e-10,7.988057e-10,2.087220e-09,2.930003e-09,3.256461e-09,3.062199e-09,2.427886e-09,1.504033e-09,3.604161e-10,-1.018939e-09,-2.566088e-09,-4.151232e-09,-5.731634e-09
-7.580353e-10,1.303713e-08,1.222975e-08,-7.343881e-10,2.214865e-08,-5.007143e-10,-7.157507e-10,1.290746e-08,-1.204464e-08,-5.010374e-10,1.779930e-08,5.060993e-10,5.284516e-10,1.828253e-10,3.720455e-11,-1.860231e-10,-5.702459e-10,-5.795888e-10,-2.797033e-10,-1.761832e-10,-2.512517e-10,-7.502476e-10,-1.170600e-09,-1.892391e-09,-2.271493e-09,-2.030696e-09,-1.158241e-09,2.202325e-10,1.427871e-09,2.574239e-09,8.538962e-09,8.505091e-09,8.471740e-09,8.436749e-09,8.407634e-09,8.419968e-09,8.430215e-09,8.420124e-09,8.333872e-09,8.082058e-09,7.646012e-09,6.998565e-09,6.178779e-09,5.228394e-09,4.155427e-09,3.009767e-09,1.849182e-09,6.913130e-10,-1.399494e-07,-1.388196e-07,-1.376823e-07,-1.364832e-07,-1.352829e-07,-1.340537e-07,-1.328597e-07,-1.317368e-07,-1.307145e-07,-1.297889e-07,-1.290203e-07,-1.283256e-07,-1.276608e-07,-1.270014e-07,-1.263351e-07,-1.256359e-07,-1.249078e-07,-1.241755e-07,-5.914068e-09,-3.714705e-09,-1.509500e-09,6.456632e-10,2.783795e-09,4.942083e-09,6.974598e-09,8.652809e-09,9.763573e-09,1.013841e-08,9.752759e-09,8.802091e-09,7.606549e-09,6.335765e-09,4.978313e-09,3.551214e-09,2.121411e-09,6.943984e-10,-1.391634e-07,-1.358371e-07,-1.325080e-07,-1.292632e-07,-1.262676e-07,-1.237103e-07,-1.217483e-07,-1.204038e-07,-1.195575e-07,-1.190533e-07,-1.187631e-07,-1.187086e-07,-1.188501e-07,-1.190581e-07,-1.192861e-07,-1.196016e-07,-1.200059e-07,-1.204060e-07
1.205564e-08,-3.113299e-09,3.614700e-09,1.990545e-09,-5.007143e-10,2.131470e-08,1.201144e-08,2.583679e-09,4.529359e-09,5.593882e-09,-4.663529e-10,-1.150678e-08,-4.654374e-08,-4.712725e-08,-4.758084e-08,-4.735289e-08,-4.748828e-08,-4.707292e-08,-4.705096e-08,-4.639991e-08,-4.571797e-08,-4.328692e-08,-4.104819e-08,-3.926682e-08,-3.767518e-08,-3.615575e-08,-3.514781e-08,-3.440400e-08,-3.371610e-08,-3.299911e-08,-1.026932e-07,-1.010942e-07,-9.949460e-08,-9.789637e-08,-9.629180e-08,-9.476155e-08,-9.337621e-08,-9.190308e-08,-9.025061e-08,-8.845112e-08,-8.657726e-08,-8.468936e-08,-8.278482e-08,-8.083025e-08,-7.884532e-08,-7.684102e-08,-7.483174e-08,-7.282266e-08,8.148868e-09,7.339052e-09,6.527161e-09,5.845571e-09,5.348569e-09,4.935694e-09,4.526261e-09,4.107406e-09,3.646682e-09,3.224900e-09,2.969902e-09,2.848317e-09,2.858012e-09,2.939307e-09,3.034002e-09,3.137591e-09,3.240656e-09,3.341196e-09,-2.616149e-07,-2.619356e-07,-2.622559e-07,-2.624621e-07,-2.624321e-07,-2.618643e-07,-2.605800e-07,-2.585286e-07,-2.558196e-07,-2.524702e-07,-2.486758e-07,-2.444970e-07,-2.400380e-07,-2.354544e-07,-2.308218e-07,-2.261285e-07,-2.213848e-07,-2.166414e-07,-2.315393e-10,1.087805e-09,2.407829e-09,3.731842e-09,5.114727e-09,6.552943e-09,7.933639e-09,9.104708e-09,9.911931e-09,1.026552e-08,1.014447e-08,9.618182e-09,8.822269e-09,7.821746e-09,6.608260e-09,5.243085e-09,3.840785e-09,2.443274e-09
1.817610e-08,-3.030236e-10,-4.522910e-10,1.365392e-08,-7.157507e-10,1.201144e-08,2.267397e-08,-3.877596e-10,7.350138e-10,1.349244e-08,-5.917226e-10,-1.171152e-08,-1.547407e-09,-1.193393e-09,-8.223314e-10,-5.726502e-10,-2.915521e-10,4.420617e-11,4.270041e-10,3.085382e-10,-3.882973e-10,-8.077665e-10,-8.967775e-10,-7.139173e-10,1.329311e-10,1.783647e-09,3.393816e-09,5.216531e-09,7.254866e-09,9.228853e-09,-1.429475e-07,-1.423064e-07,-1.416649e-07,-1.410251e-07,-1.403790e-07,-1.396520e-07,-1.388113e-07,-1.377389e-07,-1.364547e-07,-1.349222e-07,-1.331933e-07,-1.313275e-07,-1.293375e-07,-1.272223e-07,-1.250224e-07,-1.228140e-07,-1.206265e-07,-1.184337e-07,7.294953e-09,7.255945e-09,7.217899e-09,7.174169e-09,7.090081e-09,6.990879e-09,6.845036e-09,6.660838e-09,6.430069e-09,6.130510e-09,5.820663e-09,5.502812e-09,5.213483e-09,4.936311e-09,4.622421e-09,4.270822e-09,3.920002e-09,3.569872e-09,-9.750559e-08,-1.011738e-07,-1.048447e-07,-1.084442e-07,-1.118021e-07,-1.147289e-07,-1.170498e-07,-1.187273e-07,-1.198453e-07,-1.205445e-07,-1.209237e-07,-1.209897e-07,-1.208269e-07,-1.205838e-07,-1.202951e-07,-1.198882e-07,-1.193842e-07,-1.188853e-07,-1.547211e-09,7.215732e-10,2.989218e-09,5.277572e-09,7.674667e-09,1.004929e-08,1.215032e-08,1.380331e-08,1.476097e-08,1.477264e-08,1.372063e-08,1.166658e-08,8.821173e-09,5.368702e-09,1.430837e-09,-2.797947e-09,-7.086616e-09,-1.136660e-08
-8.297172e-10,1.113086e-08,5.999468e-09,-2.834431e-09,1.290746e-08,2.583679e-09,-3.877596e-10,1.990955e-08,-1.214039e-09,2.095321e-09,1.261130e-08,3.719024e-09,-3.591902e-08,-3.685227e-08,-3.757415e-08,-3.779652e-08,-3.832500e-08,-3.814415e-08,-3.790340e-08,-3.717924e-08,-3.643222e-08,-3.489520e-08,-3.364146e-08,-3.306505e-08,-3.262210e-08,-3.213345e-08,-3.138209e-08,-3.035170e-08,-2.958212e-08,-2.884690e-08,6.116838e-09,6.233808e-09,6.351403e-09,6.467314e-09,6.590485e-09,6.681628e-09,6.682074e-09,6.710527e-09,6.787015e-09,6.763205e-09,6.575283e-09,6.189860e-09,5.643427e-09,4.977995e-09,4.195995e-09,3.349696e-09,2.495887e-09,1.643100e-09,-9.743359e-08,-9.717007e-08,-9.690585e-08,-9.650131e-08,-9.595091e-08,-9.534148e-08,-9.476390e-08,-9.424314e-08,-9.381116e-08,-9.339802e-08,-9.299386e-08,-9.256142e-08,-9.208896e-08,-9.159333e-08,-9.106881e-08,-9.049511e-08,-8.989149e-08,-8.928457e-08,1.193706e-09,2.503893e-09,3.813619e-09,5.144536e-09,6.549133e-09,8.018399e-09,9.432499e-09,1.060380e-08,1.135704e-08,1.161803e-08,1.138685e-08,1.074040e-08,9.818784e-09,8.684767e-09,7.323624e-09,5.793408e-09,4.217618e-09,2.646997e-09,4.564202e-08,4.618188e-08,4.671639e-08,4.720281e-08,4.755558e-08,4.749754e-08,4.688164e-08,4.564341e-08,4.389347e-08,4.177954e-08,3.953663e-08,3.712169e-08,3.448012e-08,3.164525e-08,2.863631e-08,2.544937e-08,2.216384e-08,1.888373e-08
2.223944e-10,-6.130474e-09,-1.176201e-08,-2.608883e-09,-1.204464e-08,4.529359e-09,7.350138e-10,-1.214039e-09,2.154457e-08,3.616322e-09,-1.194567e-08,4.078200e-09,-5.080074e-08,-5.105656e-08,-5.136463e-08,-5.099147e-08,-5.088438e-08,-5.061046e-08,-5.094964e-08,-5.033614e-08,-4.937372e-08,-4.655364e-08,-4.409608e-08,-4.194198e-08,-4.050159e-08,-3.989956e-08,-4.014704e-08,-4.108576e-08,-4.204265e-08,-4.289821e-08,-7.485977e-09,-7.144587e-09,-6.803216e-09,-6.461480e-09,-6.119730e-09,-5.898981e-09,-5.809323e-09,-5.650766e-09,-5.293650e-09,-4.774047e-09,-4.139910e-09,-3.396366e-09,-2.562714e-09,-1.649009e-09,-6.551511e-10,4.039972e-10,1.488035e-09,2.567612e-09,9.767909e-08,9.607060e-08,9.445043e-08,9.290231e-08,9.152354e-08,9.014396e-08,8.874436e-08,8.735673e-08,8.599098e-08,8.473655e-08,8.371431e-08,8.284643e-08,8.208598e-08,8.138802e-08,8.071678e-08,8.004511e-08,7.935148e-08,7.865192e-08,6.285845e-09,4.974577e-09,3.663617e-09,2.339008e-09,9.446938e-10,-4.777884e-10,-1.800450e-09,-2.895485e-09,-3.624580e-09,-3.895042e-09,-3.698030e-09,-3.109955e-09,-2.264090e-09,-1.221078e-09,3.040505e-11,1.435052e-09,2.880014e-09,4.320864e-09,2.875581e-07,2.832915e-07,2.790249e-07,2.747024e-07,2.704041e-07,2.661890e-07,2.621622e-07,2.582667e-07,2.544719e-07,2.506204e-07,2.467778e-07,2.430551e-07,2.395142e-07,2.361143e-07,2.328361e-07,2.296952e-07,2.266397e-07,2.235769e-07
1.355753e-08,-2.423494e-09,2.947495e-09,1.207181e-08,-5.010374e-10,5.593882e-09,1.349244e-08,2.095321e-09,3.616322e-09,2.151493e-08,-4.490913e-10,-1.001111e-09,-3.803192e-08,-3.826824e-08,-3.842612e-08,-3.814850e-08,-3.806682e-08,-3.758855e-08,-3.738102e-08,-3.696680e-08,-3.680352e-08,-3.523758e-08,-3.362240e-08,-3.215682e-08,-3.060950e-08,-2.883501e-08,-2.746633e-08,-2.624330e-08,-2.498629e-08,-2.374608e-08,-1.029953e-07,-1.027658e-07,-1.025358e-07,-1.023075e-07,-1.020718e-07,-1.018424e-07,-1.016248e-07,-1.011841e-07,-1.004644e-07,-9.951311e-08,-9.841345e-08,-9.722914e-08,-9.597355e-08,-9.463048e-08,-9.322751e-08,-9.180754e-08,-9.039535e-08,-8.898060e-08,4.867236e-09,4.480987e-09,4.090935e-09,3.788382e-09,3.596110e-09,3.429909e-09,3.225206e-09,2.995162e-09,2.728864e-09,2.474468e-09,2.329744e-09,2.276962e-09,2.327353e-09,2.440894e-09,2.558309e-09,2.670523e-09,2.787416e-09,2.903272e-09,8.490089e-08,8.070478e-08,7.650521e-08,7.231171e-08,6.823985e-08,6.427108e-08,6.045785e-08,5.680802e-08,5.326685e-08,4.959365e-08,4.575274e-08,4.175354e-08,3.757958e-08,3.322155e-08,2.878778e-08,2.442377e-08,2.014055e-08,1.585315e-08,-2.507533e-09,-9.967048e-10,5.146165e-10,2.030165e-09,3.603728e-09,5.220064e-09,6.751220e-09,8.027392e-09,8.876387e-09,9.202658e-09,8.985454e-09,8.302341e-09,7.307305e-09,6.075765e-09,4.597098e-09,2.942161e-09,1.244345e-09,-4.480698e-10
-6.219306e-10,1.285524e-08,1.195645e-08,-6.644544e-10,1.779930e-08,-4.663529e-10,-5.917226e-10,1.261130e-08,-1.194567e-08,-4.490913e-10,2.184923e-08,2.963895e-10,2.566714e-09,1.793227e-09,1.230912e-09,6.977237e-10,1.328333e-10,1.201045e-10,5.906229e-10,8.384234e-10,8.035011e-10,2.197618e-10,-3.493627e-10,-1.225143e-09,-1.667859e-09,-1.428961e-09,-4.482093e-10,1.189275e-09,2.649127e-09,4.025110e-09,8.157312e-09,8.053422e-09,7.950051e-09,7.845134e-09,7.746061e-09,7.703620e-09,7.681365e-09,7.653872e-09,7.558263e-09,7.289424e-09,6.820899e-09,6.129859e-09,5.259286e-09,4.250118e-09,3.103104e-09,1.868339e-09,6.136733e-10,-6.376199e-10,-1.385765e-07,-1.373934e-07,-1.362024e-07,-1.349341e-07,-1.336427e-07,-1.322944e-07,-1.309529e-07,-1.296652e-07,-1.284694e-07,-1.273629e-07,-1.264133e-07,-1.255388e-07,-1.246965e-07,-1.238695e-07,-1.230412e-07,-1.221770e-07,-1.212785e-07,-1.203741e-07,-6.173598e-09,-4.497690e-09,-2.829685e-09,-1.062808e-09,9.192720e-10,3.004360e-09,4.987179e-09,6.644324e-09,7.739833e-09,8.213478e-09,8.077249e-09,7.357932e-09,6.129370e-09,4.404521e-09,2.155401e-09,-4.794940e-10,-3.227755e-09,-5.964603e-09,-1.375889e-07,-1.342791e-07,-1.309665e-07,-1.277357e-07,-1.247474e-07,-1.221880e-07,-1.202131e-07,-1.188457e-07,-1.179698e-07,-1.174317e-07,-1.171054e-07,-1.170118e-07,-1.171110e-07,-1.172757e-07,-1.174612e-07,-1.177332e-07,-1.180917e-07,-1.184460e-07
-1.181903e-08,-2.484450e-09,4.168601e-09,-6.242641e-09,5.060993e-10,-1.150678e-08,-1.171152e-08,3.719024e-09,4.078200e-09,-1.001111e-09,2.963895e-10,2.079858e-08,-4.798274e-08,-4.877564e-08,-4.948875e-08,-4.947879e-08,-4.984645e-08,-4.980758e-08,-5.016439e-08,-4.938234e-08,-4.802849e-08,-4.536178e-08,-4.327617e-08,-4.187534e-08,-4.129439e-08,-4.157913e-08,-4.214691e-08,-4.305531e-08,-4.425372e-08,-4.537081e-08,9.331803e-08,9.288070e-08,9.244339e-08,9.200661e-08,9.156927e-08,9.098603e-08,9.019695e-08,8.930777e-08,8.841931e-08,8.740781e-08,8.624430e-08,8.494489e-08,8.352969e-08,8.201473e-08,8.042711e-08,7.883260e-08,7.726199e-08,7.568595e-08,-4.406474e-09,-4.806966e-09,-5.213982e-09,-5.499428e-09,-5.583525e-09,-5.633521e-09,-5.691669e-09,-5.754654e-09,-5.825827e-09,-5.794728e-09,-5.618846e-09,-5.325200e-09,-4.956548e-09,-4.537643e-09,-4.061530e-09,-3.534990e-09,-3.005400e-09,-2.477921e-09,2.585678e-07,2.585490e-07,2.585290e-07,2.584100e-07,2.580723e-07,2.573199e-07,2.560434e-07,2.540948e-07,2.515577e-07,2.485753e-07,2.454261e-07,2.422025e-07,2.389939e-07,2.358860e-07,2.328510e-07,2.297977e-07,2.266969e-07,2.235956e-07,1.049143e-08,9.236048e-09,7.983757e-09,6.696076e-09,5.302447e-09,3.856481e-09,2.486238e-09,1.345200e-09,5.918047e-10,2.790847e-10,4.056103e-10,9.026139e-10,1.645215e-09,2.576017e-09,3.708185e-09,4.984836e-09,6.295971e-09,7.603124e-09
-8.840745e-10,3.231868e-08,-4.490748e-08,3.266167e-08,5.284516e-10,-4.654374e-08,-1.547407e-09,-3.591902e-08,-5.080074e-08,-3.803192e-08,2.566714e-09,-4.798274e-08,1.152684e-06,8.504659e-07,6.294557e-07,5.219819e-07,5.013136e-07,5.093566e-07,5.330212e-07,5.413192e-07,5.365388e-07,5.082921e-07,4.793695e-07,4.544445e-07,4.352846e-07,4.244871e-07,4.231638e-07,4.297444e-07,4.406781e-07,4.508479e-07,1.394827e-07,1.231561e-07,1.068301e-07,9.047912e-08,7.402755e-08,5.856754e-08,4.519552e-08,3.288224e-08,2.088805e-08,9.936502e-09,3.924152e-10,-7.695803e-09,-1.469866e-08,-2.107814e-08,-2.707874e-08,-3.314143e-08,-3.940291e-08,-4.563059e-08,-2.404958e-07,-1.952691e-07,-1.497436e-07,-1.086099e-07,-7.433034e-08,-4.565631e-08,-2.194783e-08,-2.728470e-09,1.251343e-08,2.332285e-08,2.945872e-08,3.185513e-08,3.132791e-08,2.892773e-08,2.540067e-08,2.109609e-08,1.656974e-08,1.208244e-08,-4.321213e-08,-4.146913e-08,-3.972673e-08,-3.809262e-08,-3.657800e-08,-3.533993e-08,-3.450153e-08,-3.388746e-08,-3.335177e-08,-3.292473e-08,-3.256975e-08,-3.221618e-08,-3.183493e-08,-3.144099e-08,-3.107846e-08,-3.075509e-08,-3.044412e-08,-3.013575e-08,-6.238811e-08,-6.476419e-08,-6.719526e-08,-6.913257e-08,-7.032754e-08,-7.102252e-08,-7.132691e-08,-7.133893e-08,-7.114044e-08,-7.059986e-08,-6.966669e-08,-6.837869e-08,-6.680833e-08,-6.501556e-08,-6.305438e-08,-6.098176e-08,-5.885876e-08,-5.674142e-08
-5.718252e-10,3.279905e-08,-4.588309e-08,3.351544e-08,1.828253e-10,-4.712725e-08,-1.193393e-09,-3.685227e-08,-5.105656e-08,-3.826824e-08,1.793227e-09,-4.877564e-08,8.504659e-07,7.517014e-07,6.327668e-07,5.636727e-07,5.410978e-07,5.367607e-07,5.476948e-07,5.483339e-07,5.414797e-07,5.136153e-07,4.866439e-07,4.643137e-07,4.473257e-07,4.370733e-07,4.339793e-07,4.368702e-07,4.431228e-07,4.486640e-07,1.087800e-07,9.504043e-08,8.129899e-08,6.754639e-08,5.368869e-08,4.112990e-08,3.095595e-08,2.166689e-08,1.229481e-08,3.583041e-09,-4.041950e-09,-1.044698e-08,-1.592446e-08,-2.088445e-08,-2.550210e-08,-3.018087e-08,-3.504396e-08,-3.987433e-08,-1.444572e-07,-1.142858e-07,-8.388200e-08,-5.705401e-08,-3.578603e-08,-1.841289e-08,-4.126161e-09,7.433918e-09,1.672863e-08,2.310487e-08,2.605707e-08,2.626342e-08,2.429017e-08,2.094471e-08,1.677413e-08,1.201002e-08,7.110482e-09,2.245390e-09,-4.088302e-08,-3.948873e-08,-3.809410e-08,-3.679478e-08,-3.559302e-08,-3.469446e-08,-3.421647e-08,-3.391313e-08,-3.360216e-08,-3.332130e-08,-3.304520e-08,-3.271129e-08,-3.229810e-08,-3.183102e-08,-3.136599e-08,-3.092266e-08,-3.048966e-08,-3.005997e-08,-5.996493e-08,-6.156317e-08,-6.320700e-08,-6.444759e-08,-6.507503e-08,-6.537799e-08,-6.547184e-08,-6.542825e-08,-6.531802e-08,-6.499375e-08,-6.438036e-08,-6.348355e-08,-6.234285e-08,-6.099581e-08,-5.948344e-08,-5.786024e-08,-5.619002e-08,-5.452564e-08
-2.413328e-10,3.332300e-08,-4.660411e-08,3.429409e-08,3.720455e-11,-4.758084e-08,-8.223314e-10,-3.757415e-08,-5.136463e-08,-3.842612e-08,1.230912e-09,-4.948875e-08,6.294557e-07,6.327668e-07,6.420621e-07,6.033891e-07,5.802970e-07,5.627926e-07,5.610251e-07,5.539799e-07,5.451945e-07,5.178731e-07,4.929693e-07,4.733099e-07,4.585457e-07,4.488435e-07,4.439027e-07,4.429579e-07,4.443398e-07,4.450655e-07,7.652171e-08,6.555260e-08,5.457919e-08,4.360841e-08,3.252827e-08,2.304988e-08,1.623308e-08,1.010321e-08,3.461901e-09,-2.929460e-09,-8.579162e-09,-1.326328e-08,-1.718944e-08,-2.071121e-08,-2.393137e-08,-2.721260e-08,-3.066298e-08,-3.408181e-08,-4.658786e-08,-3.186145e-08,-1.697026e-08,-4.849444e-09,3.013584e-09,8.718376e-09,1.324880e-08,1.685194e-08,1.994358e-08,2.167540e-08,2.127550e-08,1.915902e-08,1.563586e-08,1.126170e-08,6.376321e-09,1.089404e-09,-4.242967e-09,-9.545672e-09,-3.923414e-08,-3.814433e-08,-3.705330e-08,-3.604605e-08,-3.511623e-08,-3.451854e-08,-3.436470e-08,-3.433964e-08,-3.422665e-08,-3.407144e-08,-3.386041e-08,-3.353876e-08,-3.309140e-08,-3.255368e-08,-3.199354e-08,-3.144117e-08,-3.089816e-08,-3.035905e-08,-5.990191e-08,-6.061710e-08,-6.136830e-08,-6.180802e-08,-6.177074e-08,-6.159647e-08,-6.140941e-08,-6.125459e-08,-6.119061e-08,-6.105192e-08,-6.073710e-08,-6.021900e-08,-5.950290e-08,-5.860173e-08,-5.754195e-08,-5.637512e-08,-5.516648e-08,-5.396377e-08
-2.711148e-11,3.321241e-08,-4.663420e-08,3.442709e-08,-1.860231e-10,-4.735289e-08,-5.726502e-10,-3.779652e-08,-5.099147e-08,-3.814850e-08,6.977237e-10,-4.947879e-08,5.219819e-07,5.636727e-07,6.033891e-07,6.323343e-07,6.073050e-07,5.818423e-07,5.679749e-07,5.535483e-07,5.417860e-07,5.142655e-07,4.908946e-07,4.734670e-07,4.606875e-07,4.518742e-07,4.463973e-07,4.437226e-07,4.427444e-07,4.411495e-07,5.777705e-08,4.807789e-08,3.837217e-08,2.868136e-08,1.887752e-08,1.098197e-08,6.147116e-09,2.028128e-09,-2.751776e-09,-7.439918e-09,-1.154183e-08,-1.481489e-08,-1.743459e-08,-1.972374e-08,-2.174054e-08,-2.381888e-08,-2.605557e-08,-2.826175e-08,8.220423e-09,1.347765e-08,1.883937e-08,2.208057e-08,2.200785e-08,2.098185e-08,2.009119e-08,1.946462e-08,1.945126e-08,1.905664e-08,1.732954e-08,1.451735e-08,1.076309e-08,6.463012e-09,1.840282e-09,-3.067544e-09,-7.967801e-09,-1.284154e-08,-3.892446e-08,-3.796321e-08,-3.700013e-08,-3.611265e-08,-3.528565e-08,-3.481918e-08,-3.483361e-08,-3.496041e-08,-3.495687e-08,-3.487179e-08,-3.469594e-08,-3.437656e-08,-3.390075e-08,-3.330869e-08,-3.267438e-08,-3.203547e-08,-3.140398e-08,-3.077683e-08,-5.965381e-08,-5.973555e-08,-5.984444e-08,-5.971922e-08,-5.921632e-08,-5.870492e-08,-5.831255e-08,-5.806301e-08,-5.800450e-08,-5.795902e-08,-5.780881e-08,-5.750624e-08,-5.703347e-08,-5.638775e-08,-5.558731e-08,-5.468132e-08,-5.373587e-08,-5.279640e-08
1.529674e-10,3.321228e-08,-4.715421e-08,3.481419e-08,-5.702459e-10,-4.748828e-08,-2.915521e-10,-3.832500e-08,-5.088438e-08,-3.806682e-08,1.328333e-10,-4.984645e-08,5.013136e-07,5.410978e-07,5.802970e-07,6.073050e-07,6.371159e-07,6.081810e-07,5.864392e-07,5.620551e-07,5.438463e-07,5.128750e-07,4.890368e-07,4.730153e-07,4.626929e-07,4.566166e-07,4.538518e-07,4.534131e-07,4.542851e-07,4.545578e-07,2.177258e-08,1.603565e-08,1.029152e-08,4.567417e-09,-1.257781e-09,-5.107684e-09,-5.857996e-09,-6.272599e-09,-7.868475e-09,-9.778177e-09,-1.145111e-08,-1.259709e-08,-1.332522e-08,-1.389476e-08,-1.428600e-08,-1.476286e-08,-1.539348e-08,-1.599373e-08,1.713160e-08,1.879418e-08,2.051774e-08,2.061450e-08,1.815508e-08,1.555102e-08,1.388400e-08,1.318412e-08,1.372473e-08,1.435851e-08,1.399886e-08,1.282758e-08,1.091624e-08,8.599522e-09,6.074064e-09,3.333081e-09,6.341432e-10,-2.039993e-09,-3.796284e-08,-3.726761e-08,-3.657023e-08,-3.594115e-08,-3.536367e-08,-3.514847e-08,-3.540989e-08,-3.572274e-08,-3.582567e-08,-3.578776e-08,-3.560975e-08,-3.524468e-08,-3.468769e-08,-3.398669e-08,-3.322190e-08,-3.244197e-08,-3.166818e-08,-3.089904e-08,-5.693914e-08,-5.666664e-08,-5.641505e-08,-5.598634e-08,-5.525948e-08,-5.460607e-08,-5.414672e-08,-5.389423e-08,-5.389053e-08,-5.394555e-08,-5.393003e-08,-5.378724e-08,-5.348709e-08,-5.302034e-08,-5.240366e-08,-5.168333e-08,-5.092466e-08,-5.017201e-08
3.658669e-10,3.304534e-08,-4.693248e-08,3.483433e-08,-5.795888e-10,-4.707292e-08,4.420617e-11,-3.814415e-08,-5.061046e-08,-3.758855e-08,1.201045e-10,-4.980758e-08,5.093566e-07,5.367607e-07,5.627926e-07,5.818423e-07,6.081810e-07,6.314772e-07,6.044678e-07,5.735117e-07,5.457526e-07,5.088202e-07,4.819833e-07,4.655436e-07,4.567047e-07,4.533596e-07,4.540778e-07,4.571610e-07,4.614788e-07,4.651997e-07,-3.025296e-09,-5.182319e-09,-7.345367e-09,-9.491869e-09,-1.171186e-08,-1.213432e-08,-9.677832e-09,-7.450769e-09,-7.108452e-09,-7.569512e-09,-8.170177e-09,-8.545063e-09,-8.728799e-09,-8.912905e-09,-9.005250e-09,-9.200946e-09,-9.549906e-09,-9.868387e-09,7.794511e-09,9.460183e-09,1.116796e-08,1.148690e-08,9.652431e-09,7.887122e-09,7.223782e-09,7.726141e-09,9.692421e-09,1.184879e-08,1.304089e-08,1.344897e-08,1.313703e-08,1.243524e-08,1.155123e-08,1.046445e-08,9.427096e-09,8.414126e-09,-3.839257e-08,-3.796382e-08,-3.753311e-08,-3.716388e-08,-3.684145e-08,-3.684665e-08,-3.728878e-08,-3.770369e-08,-3.781875e-08,-3.774210e-08,-3.749468e-08,-3.703864e-08,-3.637743e-08,-3.556570e-08,-3.468744e-08,-3.379587e-08,-3.291088e-08,-3.203045e-08,-5.688677e-08,-5.646331e-08,-5.605799e-08,-5.550195e-08,-5.469169e-08,-5.397039e-08,-5.345360e-08,-5.316719e-08,-5.316210e-08,-5.323837e-08,-5.326165e-08,-5.317471e-08,-5.294391e-08,-5.255727e-08,-5.203070e-08,-5.140708e-08,-5.074739e-08,-5.009348e-08
7.021065e-10,3.337099e-08,-4.695788e-08,3.522830e-08,-2.797033e-10,-4.705096e-08,4.270041e-10,-3.790340e-08,-5.094964e-08,-3.738102e-08,5.906229e-10,-5.016439e-08,5.330212e-07,5.476948e-07,5.610251e-07,5.679749e-07,5.864392e-07,6.044678e-07,6.314665e-07,5.972280e-07,5.624446e-07,5.159002e-07,4.821741e-07,4.615712e-07,4.511099e-07,4.483126e-07,4.512673e-07,4.576554e-07,4.659519e-07,4.736095e-07,1.342122e-08,1.108856e-08,8.751647e-09,6.424661e-09,4.052923e-09,3.143320e-09,4.562526e-09,5.116870e-09,3.174313e-09,1.887331e-10,-2.974957e-09,-5.880735e-09,-8.565920e-09,-1.122490e-08,-1.376950e-08,-1.640203e-08,-1.919915e-08,-2.196465e-08,-1.213541e-08,-7.821197e-09,-3.467344e-09,-4.328257e-10,6.520393e-10,1.741796e-09,3.741416e-09,6.721853e-09,1.098049e-08,1.500039e-08,1.754161e-08,1.886223e-08,1.911513e-08,1.871938e-08,1.795935e-08,1.687342e-08,1.578122e-08,1.471637e-08,-3.838356e-08,-3.824137e-08,-3.809766e-08,-3.800947e-08,-3.796447e-08,-3.818969e-08,-3.876642e-08,-3.922531e-08,-3.930459e-08,-3.917349e-08,-3.888137e-08,-3.839492e-08,-3.771711e-08,-3.690372e-08,-3.603788e-08,-3.516688e-08,-3.430022e-08,-3.343790e-08,-5.710261e-08,-5.674625e-08,-5.640768e-08,-5.592656e-08,-5.522295e-08,-5.460670e-08,-5.418536e-08,-5.399619e-08,-5.409564e-08,-5.425517e-08,-5.432671e-08,-5.425862e-08,-5.402608e-08,-5.362367e-08,-5.307413e-08,-5.242368e-08,-5.173315e-08,-5.104839e-08
7.031968e-10,3.292839e-08,-4.620628e-08,3.466971e-08,-1.761832e-10,-4.639991e-08,3.085382e-10,-3.717924e-08,-5.033614e-08,-3.696680e-08,8.384234e-10,-4.938234e-08,5.413192e-07,5.483339e-07,5.539799e-07,5.535483e-07,5.620551e-07,5.735117e-07,5.972280e-07,6.158638e-07,5.781450e-07,5.280074e-07,4.864708e-07,4.590417e-07,4.424636e-07,4.352783e-07,4.356312e-07,4.412616e-07,4.498614e-07,4.577680e-07,3.868214e-08,3.382599e-08,2.896671e-08,2.411292e-08,1.923016e-08,1.555204e-08,1.372465e-08,1.082709e-08,5.305582e-09,-1.056118e-09,-7.183025e-09,-1.263891e-08,-1.757739e-08,-2.227764e-08,-2.675763e-08,-3.130906e-08,-3.603999e-08,-4.073821e-08,-2.581439e-08,-1.874102e-08,-1.162540e-08,-5.816948e-09,-1.876729e-09,1.924129e-09,6.358257e-09,1.145922e-08,1.750164e-08,2.260467e-08,2.531822e-08,2.602744e-08,2.507052e-08,2.303308e-08,2.031703e-08,1.707875e-08,1.374194e-08,1.043711e-08,-3.743763e-08,-3.739091e-08,-3.734303e-08,-3.734671e-08,-3.739286e-08,-3.766759e-08,-3.822117e-08,-3.862109e-08,-3.861101e-08,-3.840483e-08,-3.807727e-08,-3.759576e-08,-3.695229e-08,-3.619330e-08,-3.539254e-08,-3.458582e-08,-3.377835e-08,-3.297518e-08,-5.604705e-08,-5.594378e-08,-5.585843e-08,-5.563193e-08,-5.520147e-08,-5.484661e-08,-5.466120e-08,-5.467939e-08,-5.495417e-08,-5.520836e-08,-5.526059e-08,-5.507512e-08,-5.465503e-08,-5.401671e-08,-5.319867e-08,-5.225910e-08,-5.126843e-08,-5.028398e-08
2.608597e-10,3.215818e-08,-4.518919e-08,3.348643e-08,-2.512517e-10,-4.571797e-08,-3.882973e-10,-3.643222e-08,-4.937372e-08,-3.680352e-08,8.035011e-10,-4.802849e-08,5.365388e-07,5.414797e-07,5.451945e-07,5.417860e-07,5.438463e-07,5.457526e-07,5.624446e-07,5.781450e-07,5.999688e-07,5.541315e-07,5.110250e-07,4.730288e-07,4.430721e-07,4.225338e-07,4.110264e-07,4.075368e-07,4.084449e-07,4.085837e-07,6.088821e-08,5.131976e-08,4.174872e-08,3.218073e-08,2.258841e-08,1.405445e-08,7.074721e-09,-7.778974e-10,-1.075669e-08,-2.083404e-08,-2.974837e-08,-3.709253e-08,-4.323713e-08,-4.865529e-08,-5.363270e-08,-5.867841e-08,-6.392427e-08,-6.913593e-08,-2.946787e-08,-1.880214e-08,-8.089793e-09,1.265428e-09,8.597266e-09,1.531556e-08,2.193978e-08,2.830629e-08,3.449526e-08,3.833715e-08,3.818935e-08,3.469799e-08,2.859470e-08,2.078909e-08,1.184882e-08,2.120368e-09,-7.831527e-09,-1.774462e-08,-3.611565e-08,-3.588820e-08,-3.565981e-08,-3.548295e-08,-3.535469e-08,-3.544157e-08,-3.577465e-08,-3.597900e-08,-3.582396e-08,-3.554146e-08,-3.522064e-08,-3.482923e-08,-3.433557e-08,-3.375961e-08,-3.314876e-08,-3.251646e-08,-3.187445e-08,-3.123705e-08,-5.415527e-08,-5.461829e-08,-5.509939e-08,-5.543656e-08,-5.556861e-08,-5.573888e-08,-5.601373e-08,-5.639925e-08,-5.691733e-08,-5.724240e-08,-5.715596e-08,-5.665503e-08,-5.579838e-08,-5.464293e-08,-5.324857e-08,-5.169358e-08,-5.006895e-08,-4.845160e-08
-1.650083e-11,3.000621e-08,-4.287285e-08,3.129458e-08,-7.502476e-10,-4.328692e-08,-8.077665e-10,-3.489520e-08,-4.655364e-08,-3.523758e-08,2.197618e-10,-4.536178e-08,5.082921e-07,5.136153e-07,5.178731e-07,5.142655e-07,5.128750e-07,5.088202e-07,5.159002e-07,5.280074e-07,5.541315e-07,5.712460e-07,5.322902e-07,4.896889e-07,4.438911e-07,4.046780e-07,3.733532e-07,3.521042e-07,3.363938e-07,3.198857e-07,8.126832e-08,6.623043e-08,5.119029e-08,3.615179e-08,2.109063e-08,6.958269e-09,-5.875013e-09,-1.940719e-08,-3.451938e-08,-4.905774e-08,-6.141474e-08,-7.099075e-08,-7.832989e-08,-8.417526e-08,-8.922024e-08,-9.430131e-08,-9.959186e-08,-1.048487e-07,-2.346698e-08,-1.131388e-08,8.876273e-10,1.172721e-08,2.044638e-08,2.814381e-08,3.508771e-08,4.091757e-08,4.548918e-08,4.655821e-08,4.219539e-08,3.323058e-08,2.085395e-08,6.276038e-09,-9.836422e-09,-2.695216e-08,-4.440204e-08,-6.180832e-08,-3.677626e-08,-3.646906e-08,-3.616098e-08,-3.590376e-08,-3.570002e-08,-3.569453e-08,-3.589617e-08,-3.597042e-08,-3.571721e-08,-3.536272e-08,-3.503396e-08,-3.473640e-08,-3.442559e-08,-3.409023e-08,-3.373239e-08,-3.332696e-08,-3.289836e-08,-3.247491e-08,-4.922975e-08,-5.028168e-08,-5.135102e-08,-5.227790e-08,-5.299918e-08,-5.371763e-08,-5.447108e-08,-5.523790e-08,-5.600752e-08,-5.643784e-08,-5.626159e-08,-5.550012e-08,-5.427622e-08,-5.268996e-08,-5.081601e-08,-4.874640e-08,-4.658844e-08,-4.443872e-08
-1.795534e-10,2.816133e-08,-4.087462e-08,2.951589e-08,-1.170600e-09,-4.104819e-08,-8.967775e-10,-3.364146e-08,-4.409608e-08,-3.362240e-08,-3.493627e-10,-4.327617e-08,4.793695e-07,4.866439e-07,4.929693e-07,4.908946e-07,4.890368e-07,4.819833e-07,4.821741e-07,4.864708e-07,5.110250e-07,5.322902e-07,5.583910e-07,5.205648e-07,4.685921e-07,4.100350e-07,3.531085e-07,3.047192e-07,2.614762e-07,2.175040e-07,9.919304e-08,7.899891e-08,5.880267e-08,3.860746e-08,1.838948e-08,-9.628634e-10,-1.909064e-08,-3.763833e-08,-5.711154e-08,-7.532722e-08,-9.039698e-08,-1.014331e-07,-1.089537e-07,-1.140208e-07,-1.178144e-07,-1.215669e-07,-1.255086e-07,-1.294205e-07,-9.997522e-09,-8.415386e-10,8.363747e-09,1.620455e-08,2.185733e-08,2.623674e-08,2.950716e-08,3.126896e-08,3.129743e-08,2.757410e-08,1.814309e-08,3.909908e-09,-1.366075e-08,-3.327728e-08,-5.438143e-08,-7.640659e-08,-9.874848e-08,-1.210494e-07,-3.909500e-08,-3.871069e-08,-3.832540e-08,-3.799117e-08,-3.771243e-08,-3.761890e-08,-3.771234e-08,-3.769059e-08,-3.739113e-08,-3.702693e-08,-3.675942e-08,-3.664049e-08,-3.663441e-08,-3.669776e-08,-3.677501e-08,-3.678812e-08,-3.677109e-08,-3.675960e-08,-4.592726e-08,-4.727084e-08,-4.863116e-08,-4.985052e-08,-5.086052e-08,-5.183666e-08,-5.280598e-08,-5.373858e-08,-5.461166e-08,-5.510790e-08,-5.495092e-08,-5.417181e-08,-5.292993e-08,-5.134460e-08,-4.947934e-08,-4.741989e-08,-4.527047e-08,-4.312937e-08
-1.230414e-10,2.649495e-08,-3.972744e-08,2.844440e-08,-1.892391e-09,-3.926682e-08,-7.139173e-10,-3.306505e-08,-4.194198e-08,-3.215682e-08,-1.225143e-09,-4.187534e-08,4.544445e-07,4.643137e-07,4.733099e-07,4.734670e-07,4.730153e-07,4.655436e-07,4.615712e-07,4.590417e-07,4.730288e-07,4.896889e-07,5.205648e-07,5.478781e-07,5.021394e-07,4.382426e-07,3.614143e-07,2.877042e-07,2.161079e-07,1.440498e-07,9.812280e-08,7.672239e-08,5.531982e-08,3.391843e-08,1.249217e-08,-8.058914e-09,-2.728781e-08,-4.656914e-08,-6.612780e-08,-8.389507e-08,-9.802860e-08,-1.075697e-07,-1.126840e-07,-1.146226e-07,-1.149428e-07,-1.151399e-07,-1.154657e-07,-1.157693e-07,9.794503e-09,1.387675e-08,1.800810e-08,2.076681e-08,2.126251e-08,2.031240e-08,1.807283e-08,1.419321e-08,8.459429e-09,-7.698396e-10,-1.514267e-08,-3.353781e-08,-5.429682e-08,-7.613297e-08,-9.871126e-08,-1.216714e-07,-1.447273e-07,-1.677558e-07,-4.095203e-08,-4.053772e-08,-4.012229e-08,-3.975962e-08,-3.945566e-08,-3.933606e-08,-3.940806e-08,-3.939564e-08,-3.916846e-08,-3.891763e-08,-3.879977e-08,-3.888368e-08,-3.917943e-08,-3.962620e-08,-4.011841e-08,-4.054240e-08,-4.094298e-08,-4.134926e-08,-4.053062e-08,-4.195169e-08,-4.338905e-08,-4.468354e-08,-4.575102e-08,-4.674546e-08,-4.769077e-08,-4.856270e-08,-4.934551e-08,-4.977630e-08,-4.962250e-08,-4.894501e-08,-4.792002e-08,-4.667378e-08,-4.524416e-08,-4.368402e-08,-4.206175e-08,-4.044645e-08
5.084593e-10,2.533570e-08,-3.888937e-08,2.815424e-08,-2.271493e-09,-3.767518e-08,1.329311e-10,-3.262210e-08,-4.050159e-08,-3.060950e-08,-1.667859e-09,-4.129439e-08,4.352846e-07,4.473257e-07,4.585457e-07,4.606875e-07,4.626929e-07,4.567047e-07,4.511099e-07,4.424636e-07,4.430721e-07,4.438911e-07,4.685921e-07,5.021394e-07,5.283416e-07,4.781465e-07,4.056411e-07,3.233730e-07,2.381070e-07,1.526325e-07,6.314177e-08,4.681076e-08,3.047732e-08,1.414614e-08,-2.214220e-09,-1.760188e-08,-3.138570e-08,-4.469309e-08,-5.755881e-08,-6.813810e-08,-7.483800e-08,-7.682216e-08,-7.413523e-08,-6.808414e-08,-6.037341e-08,-5.248865e-08,-4.462869e-08,-3.675817e-08,2.520672e-08,2.505650e-08,2.495373e-08,2.348308e-08,1.968918e-08,1.438687e-08,7.818742e-09,-2.371223e-10,-9.897908e-09,-2.234795e-08,-3.874364e-08,-5.775482e-08,-7.759889e-08,-9.693149e-08,-1.154762e-07,-1.333456e-07,-1.508566e-07,-1.683657e-07,-4.501794e-08,-4.460743e-08,-4.419587e-08,-4.383511e-08,-4.352470e-08,-4.339940e-08,-4.348827e-08,-4.354693e-08,-4.348050e-08,-4.346212e-08,-4.362722e-08,-4.403134e-08,-4.469981e-08,-4.556226e-08,-4.648442e-08,-4.735462e-08,-4.822544e-08,-4.910160e-08,-3.898805e-08,-4.016904e-08,-4.136610e-08,-4.241651e-08,-4.321398e-08,-4.390850e-08,-4.453934e-08,-4.510219e-08,-4.560566e-08,-4.585808e-08,-4.569914e-08,-4.521384e-08,-4.458238e-08,-4.393541e-08,-4.330586e-08,-4.269160e-08,-4.208271e-08,-4.147740e-08
1.793576e-09,2.485055e-08,-3.814008e-08,2.863982e-08,-2.030696e-09,-3.615575e-08,1.783647e-09,-3.213345e-08,-3.989956e-08,-2.883501e-08,-1.428961e-09,-4.157913e-08,4.244871e-07,4.370733e-07,4.488435e-07,4.518742e-07,4.566166e-07,4.533596e-07,4.483126e-07,4.352783e-07,4.225338e-07,4.046780e-07,4.100350e-07,4.382426e-07,4.781465e-07,5.112796e-07,4.715820e-07,4.149799e-07,3.459626e-07,2.777691e-07,1.400585e-09,-5.163847e-09,-1.173114e-08,-1.829426e-08,-2.489182e-08,-3.035290e-08,-3.379965e-08,-3.612357e-08,-3.724498e-08,-3.555350e-08,-2.975098e-08,-1.913029e-08,-3.726766e-09,1.507379e-08,3.552284e-08,5.629068e-08,7.716995e-08,9.804436e-08,2.837473e-08,2.649163e-08,2.465260e-08,2.149034e-08,1.604972e-08,9.294320e-09,1.692765e-09,-6.721784e-09,-1.583291e-08,-2.631968e-08,-3.875057e-08,-5.176693e-08,-6.370134e-08,-7.327296e-08,-8.002716e-08,-8.472563e-08,-8.847793e-08,-9.226192e-08,-5.224607e-08,-5.189677e-08,-5.154667e-08,-5.124008e-08,-5.095866e-08,-5.085244e-08,-5.098188e-08,-5.113665e-08,-5.125916e-08,-5.152160e-08,-5.204275e-08,-5.285475e-08,-5.398138e-08,-5.534521e-08,-5.679162e-08,-5.823184e-08,-5.970628e-08,-6.118501e-08,-4.351565e-08,-4.403363e-08,-4.456746e-08,-4.495296e-08,-4.506452e-08,-4.507264e-08,-4.505742e-08,-4.505206e-08,-4.511005e-08,-4.512375e-08,-4.502244e-08,-4.488547e-08,-4.486315e-08,-4.507524e-08,-4.557774e-08,-4.629971e-08,-4.711917e-08,-4.793729e-08
2.951068e-09,2.510203e-08,-3.737276e-08,2.928416e-08,-1.158241e-09,-3.514781e-08,3.393816e-09,-3.138209e-08,-4.014704e-08,-2.746633e-08,-4.482093e-10,-4.214691e-08,4.231638e-07,4.339793e-07,4.439027e-07,4.463973e-07,4.538518e-07,4.540778e-07,4.512673e-07,4.356312e-07,4.110264e-07,3.733532e-07,3.531085e-07,3.614143e-07,4.056411e-07,4.715820e-07,5.449492e-07,5.514691e-07,5.452684e-07,5.385829e-07,-6.340034e-08,-5.887143e-08,-5.434588e-08,-4.981358e-08,-4.532046e-08,-3.949592e-08,-3.117963e-08,-2.105070e-08,-8.971153e-09,6.461713e-09,2.628392e-08,5.117239e-08,8.122776e-08,1.150846e-07,1.510217e-07,1.878265e-07,2.249100e-07,2.619679e-07,1.606778e-08,1.449456e-08,1.296022e-08,1.020924e-08,5.429329e-09,-4.739461e-11,-5.313412e-09,-9.869765e-09,-1.314826e-08,-1.519464e-08,-1.585673e-08,-1.388260e-08,-7.903495e-09,3.093800e-09,1.933166e-08,3.917478e-08,6.059773e-08,8.194782e-08,-5.872887e-08,-5.837082e-08,-5.801237e-08,-5.768560e-08,-5.734786e-08,-5.716921e-08,-5.725126e-08,-5.742110e-08,-5.765757e-08,-5.814101e-08,-5.898071e-08,-6.019328e-08,-6.181393e-08,-6.376833e-08,-6.589835e-08,-6.813622e-08,-7.044895e-08,-7.276378e-08,-5.391776e-08,-5.334564e-08,-5.278917e-08,-5.208690e-08,-5.110826e-08,-5.007157e-08,-4.912086e-08,-4.834449e-08,-4.785945e-08,-4.765500e-08,-4.776971e-08,-4.826404e-08,-4.924238e-08,-5.078706e-08,-5.293266e-08,-5.552243e-08,-5.830633e-08,-6.108322e-08
4.234357e-09,2.594823e-08,-3.658207e-08,3.021445e-08,2.202325e-10,-3.440400e-08,5.216531e-09,-3.035170e-08,-4.108576e-08,-2.624330e-08,1.189275e-09,-4.305531e-08,4.297444e-07,4.368702e-07,4.429579e-07,4.437226e-07,4.534131e-07,4.571610e-07,4.576554e-07,4.412616e-07,4.075368e-07,3.521042e-07,3.047192e-07,2.877042e-07,3.233730e-07,4.149799e-07,5.514691e-07,7.018412e-07,8.018108e-07,9.092843e-07,-1.170105e-07,-1.030786e-07,-8.915053e-08,-7.521307e-08,-6.131742e-08,-4.591188e-08,-2.757934e-08,-6.862002e-09,1.634947e-08,4.325038e-08,7.462600e-08,1.111726e-07,1.532417e-07,1.996902e-07,2.490243e-07,3.002377e-07,3.519341e-07,4.035777e-07,-8.863527e-09,-8.922085e-09,-8.947678e-09,-1.003647e-08,-1.272703e-08,-1.515973e-08,-1.584875e-08,-1.368984e-08,-7.517846e-09,3.320480e-09,1.975429e-08,4.289302e-08,7.373818e-08,1.129705e-07,1.603109e-07,2.129881e-07,2.679223e-07,3.227336e-07,-6.518701e-08,-6.488079e-08,-6.457474e-08,-6.428378e-08,-6.393523e-08,-6.371653e-08,-6.377037e-08,-6.395750e-08,-6.428877e-08,-6.495713e-08,-6.606562e-08,-6.762186e-08,-6.968582e-08,-7.220646e-08,-7.505350e-08,-7.819863e-08,-8.146621e-08,-8.473231e-08,-6.883518e-08,-6.684440e-08,-6.486923e-08,-6.275346e-08,-6.037544e-08,-5.802208e-08,-5.591835e-08,-5.422079e-08,-5.312313e-08,-5.271611e-08,-5.315516e-08,-5.448382e-08,-5.675569e-08,-6.000125e-08,-6.420629e-08,-6.910882e-08,-7.430773e-08,-7.949278e-08
