4.888052e-05,-1.179046e-06,5.467727e-07,2.990493e-05,-1.108726e-06,2.611456e-05,3.965408e-05,-1.349962e-06,-1.269699e-08,2.951633e-05,-8.059778e-07,-2.556592e-05,-1.322994e-06,-1.041263e-06,-7.257662e-07,-6.293528e-07,-7.433301e-07,-3.862430e-07,1.086000e-06,1.348927e-06,-2.907833e-07,-1.065873e-06,-1.207853e-06,-1.973914e-06,-1.245985e-06,2.568243e-06,5.796127e-06,8.655633e-06,1.141019e-05,1.383900e-05,-3.084591e-04,-3.072764e-04,-3.060921e-04,-3.049145e-04,-3.037121e-04,-3.022802e-04,-3.005776e-04,-2.982979e-04,-2.956553e-04,-2.925616e-04,-2.892998e-04,-2.861589e-04,-2.830651e-04,-2.798652e-04,-2.765585e-04,-2.732841e-04,-2.701015e-04,-2.668980e-04,6.349840e-06,6.936753e-06,7.526363e-06,8.105913e-06,8.596289e-06,9.078424e-06,9.395193e-06,9.568887e-06,9.546012e-06,9.276357e-06,9.026393e-06,8.872338e-06,9.049712e-06,9.596687e-06,1.027527e-05,1.099328e-05,1.182332e-05,1.266276e-05,-1.996928e-04,-2.109736e-04,-2.222614e-04,-2.332819e-04,-2.434024e-04,-2.519111e-04,-2.581557e-04,-2.620650e-04,-2.640677e-04,-2.647680e-04,-2.645016e-04,-2.631513e-04,-2.610053e-04,-2.586660e-04,-2.562356e-04,-2.533859e-04,-2.501478e-04,-2.469287e-04,-4.010206e-05,-3.613761e-05,-3.218288e-05,-2.808348e-05,-2.342179e-05,-1.794416e-05,-1.205984e-05,-6.920267e-06,-3.454743e-06,-1.566553e-06,-8.805575e-07,-7.069779e-07,-2.710499e-07,3.591499e-07,4.252906e-07,-2.107386e-07,-1.055312e-06,-1.875713e-06
-1.179046e-06,4.319014e-05,3.827885e-06,3.833037e-06,2.858152e-05,-7.012443e-06,-1.634285e-07,2.492524e-05,-1.335200e-05,-5.128450e-06,2.866323e-05,-6.097359e-06,7.493233e-05,7.625882e-05,7.781850e-05,7.695702e-05,7.687956e-05,7.622719e-05,7.795360e-05,7.710639e-05,7.617252e-05,6.986093e-05,6.440926e-05,5.979678e-05,5.752537e-05,5.708955e-05,5.950306e-05,6.469254e-05,6.997042e-05,7.484788e-05,1.208691e-05,1.153222e-05,1.097824e-05,1.042063e-05,9.872021e-06,9.780459e-06,1.022389e-05,1.060644e-05,1.044782e-05,9.797452e-06,8.821382e-06,7.607895e-06,6.237485e-06,4.683003e-06,2.879231e-06,8.197914e-07,-1.343884e-06,-3.487958e-06,-2.224091e-04,-2.196728e-04,-2.168988e-04,-2.143565e-04,-2.124191e-04,-2.105223e-04,-2.085951e-04,-2.066233e-04,-2.045401e-04,-2.026272e-04,-2.013199e-04,-2.004122e-04,-1.998533e-04,-1.996064e-04,-1.994785e-04,-1.993533e-04,-1.991369e-04,-1.988989e-04,-1.679960e-05,-1.290516e-05,-9.016979e-06,-5.027776e-06,-6.162907e-07,4.113233e-06,8.669115e-06,1.252892e-05,1.509788e-05,1.599538e-05,1.517979e-05,1.296111e-05,9.911106e-06,6.242688e-06,1.791554e-06,-3.267226e-06,-8.449245e-06,-1.360933e-05,7.070847e-05,7.696269e-05,8.323194e-05,8.881367e-05,9.311674e-05,9.547009e-05,9.549460e-05,9.295382e-05,8.841963e-05,8.213088e-05,7.489853e-05,6.716938e-05,5.967425e-05,5.316537e-05,4.775425e-05,4.287434e-05,3.800591e-05,3.312121e-05
5.467727e-07,3.827885e-06,4.772646e-05,-7.105279e-06,2.718138e-05,9.122155e-06,-4.184961e-07,1.366175e-05,-2.638504e-05,6.958578e-06,2.710539e-05,8.816759e-06,-1.026195e-04,-1.058412e-04,-1.079188e-04,-1.072442e-04,-1.086933e-04,-1.075108e-04,-1.082250e-04,-1.066417e-04,-1.048923e-04,-9.854971e-05,-9.401473e-05,-9.188908e-05,-9.000482e-05,-8.847934e-05,-8.635357e-05,-8.294388e-05,-8.026374e-05,-7.755320e-05,-1.052994e-05,-8.316146e-06,-6.099755e-06,-3.889701e-06,-1.651347e-06,2.185721e-07,1.304270e-06,2.358264e-06,3.686849e-06,4.757774e-06,5.386023e-06,5.481777e-06,5.176568e-06,4.602851e-06,3.677289e-06,2.555992e-06,1.442651e-06,3.270563e-07,-2.131166e-04,-2.129370e-04,-2.127479e-04,-2.118037e-04,-2.100030e-04,-2.078021e-04,-2.056169e-04,-2.035385e-04,-2.017000e-04,-1.996729e-04,-1.972935e-04,-1.945716e-04,-1.915658e-04,-1.885285e-04,-1.854757e-04,-1.822930e-04,-1.790614e-04,-1.758265e-04,-2.115801e-05,-1.788684e-05,-1.462221e-05,-1.122622e-05,-7.379088e-06,-3.027492e-06,1.416688e-06,5.218534e-06,7.668180e-06,8.498835e-06,7.704057e-06,5.590107e-06,2.680560e-06,-8.143113e-07,-5.034994e-06,-9.803189e-06,-1.468893e-05,-1.955542e-05,-6.440170e-04,-6.322109e-04,-6.203685e-04,-6.086881e-04,-5.977112e-04,-5.872575e-04,-5.776189e-04,-5.685541e-04,-5.598530e-04,-5.511618e-04,-5.429560e-04,-5.354439e-04,-5.284289e-04,-5.214393e-04,-5.143601e-04,-5.074502e-04,-5.007591e-04,-4.940478e-04
2.990493e-05,3.833037e-06,-7.105279e-06,4.526705e-05,-1.305811e-06,4.398911e-06,3.048962e-05,-5.963794e-06,-5.967909e-06,2.641950e-05,-1.273598e-06,-1.394057e-05,7.522275e-05,7.738333e-05,7.917469e-05,7.859112e-05,7.915307e-05,7.870286e-05,8.082892e-05,7.986851e-05,7.722456e-05,7.100776e-05,6.661246e-05,6.340808e-05,6.251345e-05,6.489668e-05,6.761083e-05,7.047295e-05,7.375501e-05,7.661956e-05,-2.216335e-04,-2.225753e-04,-2.235167e-04,-2.244618e-04,-2.253971e-04,-2.257977e-04,-2.254089e-04,-2.245497e-04,-2.236966e-04,-2.225184e-04,-2.210738e-04,-2.195046e-04,-2.177946e-04,-2.159029e-04,-2.138274e-04,-2.117564e-04,-2.098005e-04,-2.078197e-04,4.734179e-06,6.821140e-06,8.921943e-06,1.059321e-05,1.157164e-05,1.234946e-05,1.301574e-05,1.362575e-05,1.421769e-05,1.443985e-05,1.423894e-05,1.375979e-05,1.323186e-05,1.281100e-05,1.240125e-05,1.193736e-05,1.155919e-05,1.119474e-05,1.503141e-04,1.377502e-04,1.251718e-04,1.126035e-04,1.004775e-04,8.922893e-05,7.951328e-05,7.100035e-05,6.357613e-05,5.725236e-05,5.272783e-05,5.053132e-05,5.053830e-05,5.198931e-05,5.424738e-05,5.711695e-05,6.031015e-05,6.347368e-05,-1.876613e-05,-1.484189e-05,-1.093125e-05,-6.853040e-06,-2.225036e-06,2.820399e-06,7.769943e-06,1.198339e-05,1.474288e-05,1.572584e-05,1.489439e-05,1.257596e-05,9.343430e-06,5.396201e-06,5.793931e-07,-4.897575e-06,-1.051029e-05,-1.610191e-05
-1.108726e-06,2.858152e-05,2.718138e-05,-1.305811e-06,4.877159e-05,-4.437209e-07,-6.567217e-07,2.866730e-05,-2.674292e-05,-3.508485e-07,3.959516e-05,5.255399e-07,5.451689e-07,-5.893587e-07,-8.247254e-07,-1.295263e-06,-2.326274e-06,-2.136607e-06,-1.061586e-06,-7.553476e-07,-5.451487e-07,-2.095177e-06,-4.015216e-06,-6.563689e-06,-7.112695e-06,-6.168050e-06,-2.549013e-06,4.084303e-06,1.042090e-05,1.646879e-05,6.139806e-06,7.010008e-06,7.882351e-06,8.747988e-06,9.637983e-06,1.069356e-05,1.173541e-05,1.272463e-05,1.345549e-05,1.363664e-05,1.329342e-05,1.245629e-05,1.127698e-05,9.809386e-06,7.946286e-06,5.774241e-06,3.526969e-06,1.293542e-06,-3.093037e-04,-3.070410e-04,-3.047412e-04,-3.021588e-04,-2.995342e-04,-2.966790e-04,-2.937863e-04,-2.909122e-04,-2.880913e-04,-2.852942e-04,-2.827850e-04,-2.803971e-04,-2.781228e-04,-2.760822e-04,-2.741469e-04,-2.721485e-04,-2.700578e-04,-2.679487e-04,-2.803271e-05,-2.168401e-05,-1.531500e-05,-9.122928e-06,-2.844586e-06,3.784565e-06,1.024171e-05,1.565728e-05,1.917583e-05,2.008246e-05,1.824297e-05,1.445259e-05,1.002112e-05,5.589533e-06,9.983573e-07,-3.762408e-06,-8.474315e-06,-1.317635e-05,-3.234531e-04,-3.125751e-04,-3.016916e-04,-2.911227e-04,-2.814835e-04,-2.735291e-04,-2.678716e-04,-2.645581e-04,-2.630466e-04,-2.626802e-04,-2.629773e-04,-2.640597e-04,-2.657411e-04,-2.674585e-04,-2.691182e-04,-2.710838e-04,-2.733845e-04,-2.756665e-04
2.611456e-05,-7.012443e-06,9.122155e-06,4.398911e-06,-4.437209e-07,4.713877e-05,2.672576e-05,6.330710e-06,9.320099e-06,1.261912e-05,-2.662918e-07,-2.500958e-05,-1.046212e-04,-1.068883e-04,-1.086039e-04,-1.075668e-04,-1.083212e-04,-1.069089e-04,-1.073022e-04,-1.058035e-04,-1.055484e-04,-9.885171e-05,-9.308710e-05,-8.956980e-05,-8.676858e-05,-8.336092e-05,-8.145650e-05,-8.045383e-05,-7.998908e-05,-7.952308e-05,-2.226279e-04,-2.194717e-04,-2.163133e-04,-2.131612e-04,-2.099805e-04,-2.071057e-04,-2.047866e-04,-2.020115e-04,-1.984566e-04,-1.943972e-04,-1.902323e-04,-1.862782e-04,-1.824978e-04,-1.787072e-04,-1.749267e-04,-1.711513e-04,-1.673797e-04,-1.636058e-04,8.831273e-06,7.050756e-06,5.255470e-06,4.015138e-06,3.532922e-06,3.277027e-06,2.854481e-06,2.205328e-06,1.164690e-06,8.847153e-08,-5.063806e-07,-6.762870e-07,-3.216030e-07,4.265026e-07,1.325354e-06,2.327807e-06,3.386412e-06,4.443123e-06,-5.599183e-04,-5.644916e-04,-5.690565e-04,-5.731853e-04,-5.764747e-04,-5.777661e-04,-5.764335e-04,-5.724079e-04,-5.662476e-04,-5.580216e-04,-5.484919e-04,-5.377775e-04,-5.262199e-04,-5.144055e-04,-5.025828e-04,-4.906271e-04,-4.784964e-04,-4.663645e-04,-2.022067e-05,-1.646844e-05,-1.271485e-05,-8.934723e-06,-4.844351e-06,-3.903301e-07,4.014720e-06,7.810067e-06,1.039700e-05,1.139138e-05,1.070429e-05,8.637397e-06,5.705003e-06,2.116754e-06,-2.247905e-06,-7.197210e-06,-1.228577e-05,-1.735551e-05
3.965408e-05,-1.634285e-07,-4.184961e-07,3.048962e-05,-6.567217e-07,2.672576e-05,5.057435e-05,1.365880e-07,9.702124e-07,3.023886e-05,-3.356997e-07,-2.600711e-05,-2.793906e-06,-2.386893e-06,-1.932063e-06,-1.742901e-06,-1.714334e-06,-1.175779e-06,3.299480e-07,3.638102e-07,-1.811961e-06,-2.889668e-06,-2.748857e-06,-2.911923e-06,-1.760833e-06,2.393699e-06,6.068366e-06,9.400676e-06,1.267353e-05,1.557273e-05,-3.127346e-04,-3.118765e-04,-3.110166e-04,-3.101639e-04,-3.092848e-04,-3.081424e-04,-3.066811e-04,-3.045289e-04,-3.018802e-04,-2.986517e-04,-2.951487e-04,-2.916991e-04,-2.882936e-04,-2.847780e-04,-2.811578e-04,-2.775652e-04,-2.740773e-04,-2.705662e-04,3.976091e-06,4.592172e-06,5.210977e-06,5.821657e-06,6.327726e-06,6.812880e-06,7.104100e-06,7.199074e-06,7.017937e-06,6.467354e-06,5.795971e-06,5.108462e-06,4.668271e-06,4.537898e-06,4.516587e-06,4.529999e-06,4.662826e-06,4.807776e-06,-2.034146e-04,-2.149012e-04,-2.263949e-04,-2.376152e-04,-2.479155e-04,-2.565718e-04,-2.629241e-04,-2.669060e-04,-2.689615e-04,-2.697100e-04,-2.694935e-04,-2.681901e-04,-2.660910e-04,-2.638106e-04,-2.614590e-04,-2.586962e-04,-2.555393e-04,-2.524009e-04,-1.997738e-05,-1.290200e-05,-5.836593e-06,1.370312e-06,9.231302e-06,1.733621e-05,2.477656e-05,3.100092e-05,3.506509e-05,3.588755e-05,3.293305e-05,2.640319e-05,1.709654e-05,5.667401e-06,-7.519645e-06,-2.176643e-05,-3.620315e-05,-5.060628e-05
-1.349962e-06,2.492524e-05,1.366175e-05,-5.963794e-06,2.866730e-05,6.330710e-06,1.365880e-07,4.367197e-05,-3.256915e-06,4.834332e-06,2.864114e-05,7.096279e-06,-7.676073e-05,-7.941868e-05,-8.109214e-05,-8.088178e-05,-8.224410e-05,-8.137365e-05,-8.134676e-05,-7.993483e-05,-7.862337e-05,-7.439714e-05,-7.151218e-05,-7.064551e-05,-6.929076e-05,-6.781534e-05,-6.513869e-05,-6.083569e-05,-5.694213e-05,-5.308226e-05,1.231349e-06,2.403751e-06,3.578674e-06,4.746737e-06,5.943561e-06,6.975109e-06,7.583957e-06,8.329227e-06,9.348950e-06,1.010265e-05,1.041801e-05,1.023483e-05,9.726599e-06,8.995384e-06,7.952428e-06,6.731965e-06,5.501136e-06,4.271846e-06,-2.161264e-04,-2.162055e-04,-2.162753e-04,-2.157470e-04,-2.146221e-04,-2.132463e-04,-2.119752e-04,-2.108753e-04,-2.100470e-04,-2.091905e-04,-2.082847e-04,-2.072805e-04,-2.062042e-04,-2.052506e-04,-2.043638e-04,-2.034026e-04,-2.024049e-04,-2.014016e-04,-1.652620e-05,-1.286556e-05,-9.211603e-06,-5.435955e-06,-1.228674e-06,3.422860e-06,8.071779e-06,1.199654e-05,1.449027e-05,1.526453e-05,1.431137e-05,1.194710e-05,8.729085e-06,4.880075e-06,2.371657e-07,-5.014305e-06,-1.039600e-05,-1.575561e-05,8.061034e-05,8.493722e-05,8.923574e-05,9.336997e-05,9.704577e-05,9.913215e-05,9.904901e-05,9.657157e-05,9.219464e-05,8.651563e-05,8.046639e-05,7.382164e-05,6.632468e-05,5.811385e-05,4.920086e-05,3.952864e-05,2.942071e-05,1.933512e-05
-1.269699e-08,-1.335200e-05,-2.638504e-05,-5.967909e-06,-2.674292e-05,9.320099e-06,9.702124e-07,-3.256915e-06,4.732834e-05,6.903694e-06,-2.682629e-05,8.916383e-06,-1.063096e-04,-1.075435e-04,-1.089644e-04,-1.075892e-04,-1.075485e-04,-1.067259e-04,-1.086950e-04,-1.074051e-04,-1.058331e-04,-9.725992e-05,-8.996332e-05,-8.452960e-05,-8.203437e-05,-8.221723e-05,-8.527732e-05,-9.117706e-05,-9.719023e-05,-1.027956e-04,-7.357272e-06,-7.208677e-06,-7.060237e-06,-6.910042e-06,-6.761373e-06,-7.139650e-06,-8.111274e-06,-8.855050e-06,-8.841484e-06,-8.292831e-06,-7.469459e-06,-6.506692e-06,-5.423407e-06,-4.169540e-06,-2.686906e-06,-9.397368e-07,9.132804e-07,2.746065e-06,2.184154e-04,2.146166e-04,2.107681e-04,2.072334e-04,2.044051e-04,2.015026e-04,1.983721e-04,1.950426e-04,1.914571e-04,1.879730e-04,1.850649e-04,1.825095e-04,1.802462e-04,1.781969e-04,1.762500e-04,1.743108e-04,1.722789e-04,1.702260e-04,1.929598e-05,1.563337e-05,1.197667e-05,8.221049e-06,4.042140e-06,-4.485432e-07,-4.777669e-06,-8.485881e-06,-1.102723e-05,-1.202084e-05,-1.141873e-05,-9.512292e-06,-6.838074e-06,-3.595509e-06,3.555017e-07,4.856006e-06,9.468078e-06,1.406069e-05,6.404657e-04,6.299134e-04,6.193632e-04,6.085699e-04,5.978607e-04,5.875014e-04,5.779397e-04,5.689385e-04,5.603565e-04,5.515199e-04,5.427543e-04,5.345533e-04,5.271318e-04,5.203000e-04,5.139908e-04,5.082935e-04,5.029549e-04,4.975831e-04
2.951633e-05,-5.128450e-06,6.958578e-06,2.641950e-05,-3.508485e-07,1.261912e-05,3.023886e-05,4.834332e-06,6.903694e-06,4.668249e-05,-1.016353e-07,-2.731724e-06,-7.957333e-05,-8.103466e-05,-8.213572e-05,-8.132288e-05,-8.184107e-05,-8.073079e-05,-8.055612e-05,-7.945656e-05,-7.971164e-05,-7.479721e-05,-6.999197e-05,-6.704275e-05,-6.443226e-05,-6.092646e-05,-5.887459e-05,-5.799134e-05,-5.747398e-05,-5.706975e-05,-2.246765e-04,-2.244161e-04,-2.241533e-04,-2.238979e-04,-2.236118e-04,-2.234406e-04,-2.234988e-04,-2.229218e-04,-2.215643e-04,-2.196816e-04,-2.176723e-04,-2.158603e-04,-2.141879e-04,-2.124600e-04,-2.106800e-04,-2.088643e-04,-2.070851e-04,-2.052964e-04,3.277387e-06,2.410467e-06,1.528424e-06,1.033814e-06,1.047347e-06,1.174863e-06,1.089568e-06,7.842134e-07,1.450010e-07,-6.248438e-07,-1.140976e-06,-1.408734e-06,-1.276474e-06,-8.220594e-07,-2.384990e-07,4.255990e-07,1.163960e-06,1.903969e-06,1.772904e-04,1.674556e-04,1.576056e-04,1.477801e-04,1.384811e-04,1.296361e-04,1.214801e-04,1.140494e-04,1.070894e-04,9.958125e-05,9.140261e-05,8.264201e-05,7.322400e-05,6.308924e-05,5.267579e-05,4.259512e-05,3.287727e-05,2.313867e-05,-2.347468e-05,-1.917668e-05,-1.487928e-05,-1.054148e-05,-5.863716e-06,-8.335324e-07,4.082891e-06,8.267233e-06,1.105283e-05,1.202859e-05,1.110413e-05,8.608788e-06,5.119117e-06,8.654481e-07,-4.302032e-06,-1.016661e-05,-1.619378e-05,-2.219863e-05
-8.059778e-07,2.866323e-05,2.710539e-05,-1.273598e-06,3.959516e-05,-2.662918e-07,-3.356997e-07,2.864114e-05,-2.682629e-05,-1.016353e-07,4.880926e-05,9.614060e-08,2.650867e-06,9.749983e-07,2.347469e-07,-5.856626e-07,-1.804453e-06,-1.565883e-06,-2.100364e-07,2.399587e-07,2.781003e-07,-1.629952e-06,-3.820539e-06,-6.473708e-06,-6.821931e-06,-5.230482e-06,-9.267067e-07,6.388446e-06,1.343642e-05,2.023115e-05,4.041792e-06,4.894102e-06,5.748578e-06,6.596419e-06,7.468761e-06,8.542360e-06,9.656276e-06,1.076732e-05,1.166358e-05,1.202191e-05,1.184799e-05,1.117396e-05,1.015461e-05,8.847723e-06,7.149689e-06,5.152300e-06,3.086760e-06,1.034410e-06,-3.094148e-04,-3.071910e-04,-3.049289e-04,-3.023538e-04,-2.997036e-04,-2.967864e-04,-2.938036e-04,-2.908408e-04,-2.879573e-04,-2.851239e-04,-2.826136e-04,-2.802392e-04,-2.779749e-04,-2.759217e-04,-2.739871e-04,-2.719989e-04,-2.699295e-04,-2.678445e-04,-2.766062e-05,-2.327089e-05,-1.892045e-05,-1.409260e-05,-8.169739e-06,-1.545165e-06,5.000043e-06,1.061767e-05,1.435343e-05,1.597514e-05,1.551786e-05,1.305238e-05,8.830250e-06,2.817182e-06,-5.233277e-06,-1.480709e-05,-2.479863e-05,-3.474144e-05,-3.234007e-04,-3.124982e-04,-3.015905e-04,-2.909939e-04,-2.813194e-04,-2.733236e-04,-2.676256e-04,-2.642810e-04,-2.627569e-04,-2.624029e-04,-2.627410e-04,-2.638910e-04,-2.656614e-04,-2.674864e-04,-2.692728e-04,-2.713794e-04,-2.738260e-04,-2.762534e-04
-2.556592e-05,-6.097359e-06,8.816759e-06,-1.394057e-05,5.255399e-07,-2.500958e-05,-2.600711e-05,7.096279e-06,8.916383e-06,-2.731724e-06,9.614060e-08,4.518586e-05,-1.029208e-04,-1.052754e-04,-1.072114e-04,-1.063247e-04,-1.070570e-04,-1.064674e-04,-1.086754e-04,-1.072317e-04,-1.042430e-04,-9.627630e-05,-9.057399e-05,-8.679480e-05,-8.519183e-05,-8.692897e-05,-8.937314e-05,-9.236076e-05,-9.558140e-05,-9.834543e-05,2.014710e-04,2.009392e-04,2.004075e-04,1.998778e-04,1.993456e-04,1.982291e-04,1.963019e-04,1.941128e-04,1.921787e-04,1.900266e-04,1.876125e-04,1.850384e-04,1.823886e-04,1.796523e-04,1.768172e-04,1.740592e-04,1.714238e-04,1.687626e-04,-7.031613e-09,-1.856123e-06,-3.730047e-06,-5.081870e-06,-5.622449e-06,-6.060531e-06,-6.575958e-06,-7.181873e-06,-7.912436e-06,-8.323699e-06,-8.279685e-06,-7.959114e-06,-7.580105e-06,-7.340666e-06,-7.150281e-06,-6.940806e-06,-6.843483e-06,-6.763036e-06,5.474289e-04,5.505084e-04,5.535787e-04,5.562440e-04,5.580646e-04,5.582861e-04,5.565254e-04,5.522198e-04,5.457777e-04,5.378181e-04,5.294776e-04,5.210611e-04,5.128745e-04,5.052451e-04,4.980092e-04,4.907508e-04,4.832975e-04,4.758395e-04,2.366433e-05,2.021287e-05,1.677662e-05,1.316379e-05,9.023614e-06,4.517221e-06,1.160788e-07,-3.618341e-06,-6.069679e-06,-7.004248e-06,-6.418529e-06,-4.587574e-06,-1.999268e-06,1.172265e-06,5.053242e-06,9.478327e-06,1.401734e-05,1.853867e-05
-1.322994e-06,7.493233e-05,-1.026195e-04,7.522275e-05,5.451689e-07,-1.046212e-04,-2.793906e-06,-7.676073e-05,-1.063096e-04,-7.957333e-05,2.650867e-06,-1.029208e-04,3.240553e-03,2.102571e-03,1.320048e-03,1.026221e-03,1.049633e-03,1.111736e-03,1.199168e-03,1.219062e-03,1.206042e-03,1.119084e-03,1.034840e-03,9.672357e-04,9.199485e-04,9.035687e-04,9.169757e-04,9.519550e-04,9.992835e-04,1.043598e-03,3.073825e-04,2.736757e-04,2.399801e-04,2.061450e-04,1.720067e-04,1.404162e-04,1.151128e-04,9.084484e-05,6.383036e-05,3.804429e-05,1.540992e-05,-3.420038e-06,-1.960909e-05,-3.442070e-05,-4.811398e-05,-6.204522e-05,-7.675135e-05,-9.131724e-05,-8.294107e-04,-6.578808e-04,-4.849246e-04,-3.321079e-04,-2.092194e-04,-1.106807e-04,-3.304458e-05,2.716243e-05,7.350716e-05,1.044187e-04,1.196945e-04,1.230467e-04,1.173377e-04,1.065855e-04,9.296228e-05,7.715688e-05,6.096712e-05,4.491977e-05,-1.621940e-05,-1.329027e-05,-1.036453e-05,-7.700978e-06,-5.286594e-06,-3.485175e-06,-2.668864e-06,-1.953501e-06,-6.125451e-07,9.849948e-07,2.853251e-06,5.074803e-06,7.756150e-06,1.068762e-05,1.366193e-05,1.649895e-05,1.931651e-05,2.213483e-05,-1.320018e-05,-2.339852e-05,-3.384609e-05,-4.187874e-05,-4.656197e-05,-4.898563e-05,-4.973412e-05,-4.945401e-05,-4.868514e-05,-4.700627e-05,-4.431639e-05,-4.079562e-05,-3.650732e-05,-3.162187e-05,-2.615575e-05,-2.029068e-05,-1.421409e-05,-8.149941e-06
-1.041263e-06,7.625882e-05,-1.058412e-04,7.738333e-05,-5.893587e-07,-1.068883e-04,-2.386893e-06,-7.941868e-05,-1.075435e-04,-8.103466e-05,9.749983e-07,-1.052754e-04,2.102571e-03,1.784380e-03,1.378139e-03,1.188200e-03,1.166382e-03,1.176057e-03,1.226563e-03,1.231440e-03,1.220467e-03,1.137486e-03,1.061513e-03,1.003770e-03,9.638729e-04,9.477277e-04,9.529924e-04,9.741292e-04,1.004263e-03,1.031543e-03,2.455587e-04,2.149977e-04,1.844332e-04,1.538080e-04,1.228005e-04,9.629076e-05,7.804476e-05,6.090370e-05,4.030248e-05,2.014172e-05,2.526376e-06,-1.167049e-05,-2.345156e-05,-3.405210e-05,-4.362322e-05,-5.350626e-05,-6.412514e-05,-7.460607e-05,-4.678626e-04,-3.586366e-04,-2.483249e-04,-1.539446e-04,-8.315866e-05,-2.825413e-05,1.481215e-05,4.845012e-05,7.552900e-05,9.336634e-05,1.003038e-04,9.896017e-05,9.119768e-05,8.005822e-05,6.703467e-05,5.245304e-05,3.778755e-05,2.324955e-05,-1.173983e-05,-9.247558e-06,-6.755050e-06,-4.493709e-06,-2.410725e-06,-1.171828e-06,-1.134700e-06,-1.122324e-06,-2.710770e-07,1.068743e-06,2.896208e-06,5.275822e-06,8.293936e-06,1.172332e-05,1.532663e-05,1.888182e-05,2.243911e-05,2.599589e-05,-9.554540e-06,-1.665721e-05,-2.396405e-05,-2.933477e-05,-3.196380e-05,-3.313698e-05,-3.340595e-05,-3.319355e-05,-3.292150e-05,-3.206230e-05,-3.037550e-05,-2.792972e-05,-2.469878e-05,-2.079545e-05,-1.622873e-05,-1.120726e-05,-5.957019e-06,-7.207375e-07
-7.257662e-07,7.781850e-05,-1.079188e-04,7.917469e-05,-8.247254e-07,-1.086039e-04,-1.932063e-06,-8.109214e-05,-1.089644e-04,-8.213572e-05,2.347469e-07,-1.072114e-04,1.320048e-03,1.378139e-03,1.462152e-03,1.340961e-03,1.279904e-03,1.233983e-03,1.247799e-03,1.237512e-03,1.229167e-03,1.150829e-03,1.083547e-03,1.035986e-03,1.003822e-03,9.880646e-04,9.849621e-04,9.917268e-04,1.003925e-03,1.013446e-03,1.756173e-04,1.492994e-04,1.229630e-04,9.664446e-05,6.986674e-05,4.949840e-05,3.920865e-05,2.992040e-05,1.628556e-05,2.121294e-06,-1.025436e-05,-1.970251e-05,-2.702123e-05,-3.339349e-05,-3.884973e-05,-4.469900e-05,-5.124091e-05,-5.764767e-05,-9.801123e-05,-5.290708e-05,-7.067001e-06,2.693994e-05,4.371047e-05,5.321408e-05,6.013066e-05,6.582918e-05,7.250925e-05,7.639762e-05,7.436580e-05,6.789245e-05,5.779839e-05,4.609365e-05,3.354838e-05,2.010814e-05,6.901129e-06,-6.194361e-06,-9.395343e-06,-7.169690e-06,-4.940634e-06,-2.916168e-06,-1.000110e-06,-1.597580e-07,-7.381414e-07,-1.281315e-06,-8.086007e-07,3.418894e-07,2.149508e-06,4.664436e-06,7.964814e-06,1.181095e-05,1.593148e-05,2.007069e-05,2.422812e-05,2.838459e-05,-1.572707e-05,-1.924334e-05,-2.291715e-05,-2.513367e-05,-2.525523e-05,-2.479737e-05,-2.429668e-05,-2.394957e-05,-2.404685e-05,-2.393819e-05,-2.323102e-05,-2.187982e-05,-1.976118e-05,-1.691373e-05,-1.333270e-05,-9.256921e-06,-4.946189e-06,-6.501964e-07
-6.293528e-07,7.695702e-05,-1.072442e-04,7.859112e-05,-1.295263e-06,-1.075668e-04,-1.742901e-06,-8.088178e-05,-1.075892e-04,-8.132288e-05,-5.856626e-07,-1.063247e-04,1.026221e-03,1.188200e-03,1.340961e-03,1.453301e-03,1.347330e-03,1.265407e-03,1.242864e-03,1.218905e-03,1.209507e-03,1.135112e-03,1.075562e-03,1.035850e-03,1.008667e-03,9.928183e-04,9.851296e-04,9.846823e-04,9.879824e-04,9.887302e-04,1.731784e-04,1.424566e-04,1.117025e-04,8.103524e-05,4.983775e-05,2.699852e-05,1.698745e-05,9.463301e-06,-1.492141e-06,-1.242953e-05,-2.127930e-05,-2.709642e-05,-3.076024e-05,-3.350452e-05,-3.536808e-05,-3.767152e-05,-4.063619e-05,-4.346941e-05,7.407302e-05,8.573686e-05,9.783863e-05,1.011028e-04,9.100943e-05,7.871464e-05,6.921562e-05,6.298750e-05,6.159566e-05,6.063281e-05,5.615508e-05,4.905094e-05,3.959755e-05,2.928123e-05,1.858307e-05,7.299461e-06,-3.614242e-06,-1.442518e-05,-1.061242e-05,-8.120902e-06,-5.623978e-06,-3.315368e-06,-1.047422e-06,-6.218835e-08,-7.907831e-07,-1.586953e-06,-1.381485e-06,-4.639563e-07,1.168886e-06,3.586041e-06,6.869864e-06,1.078295e-05,1.504485e-05,1.938183e-05,2.375089e-05,2.811811e-05,-1.849832e-05,-1.991693e-05,-2.144990e-05,-2.190099e-05,-2.066187e-05,-1.935728e-05,-1.850653e-05,-1.814365e-05,-1.846210e-05,-1.874768e-05,-1.852870e-05,-1.770290e-05,-1.610083e-05,-1.372941e-05,-1.058733e-05,-6.927663e-06,-3.027503e-06,8.573259e-07
-7.433301e-07,7.687956e-05,-1.086933e-04,7.915307e-05,-2.326274e-06,-1.083212e-04,-1.714334e-06,-8.224410e-05,-1.075485e-04,-8.184107e-05,-1.804453e-06,-1.070570e-04,1.049633e-03,1.166382e-03,1.279904e-03,1.347330e-03,1.453642e-03,1.343826e-03,1.288379e-03,1.233783e-03,1.208452e-03,1.125985e-03,1.067555e-03,1.033528e-03,1.014588e-03,1.007386e-03,1.009299e-03,1.017184e-03,1.027466e-03,1.035260e-03,5.824639e-05,4.086996e-05,2.345780e-05,6.155928e-06,-1.163361e-05,-2.063585e-05,-1.637578e-05,-1.116497e-05,-1.134740e-05,-1.302965e-05,-1.402989e-05,-1.328381e-05,-1.138315e-05,-9.315900e-06,-6.807458e-06,-4.858954e-06,-3.557383e-06,-2.124721e-06,7.131101e-05,7.307048e-05,7.506491e-05,7.043060e-05,5.557482e-05,4.166531e-05,3.343497e-05,3.068346e-05,3.436907e-05,3.954036e-05,4.181326e-05,4.197664e-05,4.016240e-05,3.776279e-05,3.536579e-05,3.262866e-05,3.038217e-05,2.823233e-05,-7.939758e-06,-5.900243e-06,-3.853936e-06,-1.988087e-06,-1.711722e-07,2.752521e-07,-1.087364e-06,-2.349329e-06,-2.384382e-06,-1.538825e-06,1.832753e-07,2.843486e-06,6.491822e-06,1.087310e-05,1.568968e-05,2.062465e-05,2.559736e-05,3.056771e-05,-1.283892e-05,-1.323302e-05,-1.371298e-05,-1.337967e-05,-1.169274e-05,-1.024702e-05,-9.487624e-06,-9.351663e-06,-9.964531e-06,-1.056443e-05,-1.064521e-05,-1.009236e-05,-8.724336e-06,-6.551702e-06,-3.596190e-06,-1.031498e-07,3.639198e-06,7.365602e-06
-3.862430e-07,7.622719e-05,-1.075108e-04,7.870286e-05,-2.136607e-06,-1.069089e-04,-1.175779e-06,-8.137365e-05,-1.067259e-04,-8.073079e-05,-1.565883e-06,-1.064674e-04,1.111736e-03,1.176057e-03,1.233983e-03,1.265407e-03,1.343826e-03,1.434727e-03,1.337441e-03,1.255404e-03,1.198293e-03,1.100569e-03,1.036398e-03,1.004220e-03,9.929977e-04,9.966696e-04,1.011321e-03,1.030549e-03,1.051292e-03,1.069619e-03,-4.495921e-05,-4.642918e-05,-4.792698e-05,-4.934230e-05,-5.109583e-05,-4.501763e-05,-2.644663e-05,-9.552295e-06,-1.400212e-06,2.808721e-06,5.682501e-06,8.690263e-06,1.171066e-05,1.411198e-05,1.655105e-05,1.840013e-05,1.961959e-05,2.096837e-05,3.045287e-05,3.401771e-05,3.775360e-05,3.566283e-05,2.461163e-05,1.448793e-05,9.821213e-06,1.082727e-05,1.875278e-05,2.846882e-05,3.564014e-05,4.106712e-05,4.480317e-05,4.818032e-05,5.185523e-05,5.535528e-05,5.941783e-05,6.357123e-05,-1.005957e-05,-8.735646e-06,-7.405780e-06,-6.243145e-06,-5.153531e-06,-5.314735e-06,-7.220785e-06,-8.759682e-06,-8.753868e-06,-7.703073e-06,-5.678199e-06,-2.652662e-06,1.388310e-06,6.170123e-06,1.137867e-05,1.668411e-05,2.202142e-05,2.735736e-05,-1.655496e-05,-1.660249e-05,-1.672658e-05,-1.613220e-05,-1.432957e-05,-1.272717e-05,-1.174799e-05,-1.141229e-05,-1.190256e-05,-1.244819e-05,-1.255990e-05,-1.212485e-05,-1.094183e-05,-9.004115e-06,-6.336322e-06,-3.159463e-06,2.544901e-07,3.653693e-06
1.086000e-06,7.795360e-05,-1.082250e-04,8.082892e-05,-1.061586e-06,-1.073022e-04,3.299480e-07,-8.134676e-05,-1.086950e-04,-8.055612e-05,-2.100364e-07,-1.086754e-04,1.199168e-03,1.226563e-03,1.247799e-03,1.242864e-03,1.288379e-03,1.337441e-03,1.452287e-03,1.339815e-03,1.246919e-03,1.112960e-03,1.027341e-03,9.859382e-04,9.755970e-04,9.872749e-04,1.014645e-03,1.048164e-03,1.085412e-03,1.120099e-03,-4.647866e-06,-1.851765e-06,9.271514e-07,3.746705e-06,6.387511e-06,1.497508e-05,3.307322e-05,4.596531e-05,4.671697e-05,4.211139e-05,3.569355e-05,2.932553e-05,2.296826e-05,1.605132e-05,9.347744e-06,2.269450e-06,-5.473502e-06,-1.308355e-05,-3.297056e-05,-2.027258e-05,-7.387309e-06,-2.780321e-07,-1.392618e-06,-2.142046e-06,1.533929e-06,1.018467e-05,2.532066e-05,4.083501e-05,5.238581e-05,6.104547e-05,6.703249e-05,7.191704e-05,7.659616e-05,8.070964e-05,8.520466e-05,8.980019e-05,-1.353005e-05,-1.334287e-05,-1.315137e-05,-1.311048e-05,-1.314967e-05,-1.415854e-05,-1.649930e-05,-1.802874e-05,-1.764668e-05,-1.617772e-05,-1.382766e-05,-1.058824e-05,-6.428421e-06,-1.630996e-06,3.483702e-06,8.619127e-06,1.378375e-05,1.894761e-05,-2.185089e-05,-2.171932e-05,-2.166734e-05,-2.090381e-05,-1.905431e-05,-1.737304e-05,-1.627296e-05,-1.587837e-05,-1.644698e-05,-1.709494e-05,-1.733100e-05,-1.706041e-05,-1.606125e-05,-1.431788e-05,-1.187093e-05,-8.936026e-06,-5.766459e-06,-2.610909e-06
1.348927e-06,7.710639e-05,-1.066417e-04,7.986851e-05,-7.553476e-07,-1.058035e-04,3.638102e-07,-7.993483e-05,-1.074051e-04,-7.945656e-05,2.399587e-07,-1.072317e-04,1.219062e-03,1.231440e-03,1.237512e-03,1.218905e-03,1.233783e-03,1.255404e-03,1.339815e-03,1.425400e-03,1.295116e-03,1.141109e-03,1.028439e-03,9.698099e-04,9.464796e-04,9.518433e-04,9.787843e-04,1.017161e-03,1.062798e-03,1.105688e-03,6.478745e-05,6.219986e-05,5.960020e-05,5.702122e-05,5.433201e-05,5.641914e-05,6.574397e-05,6.908689e-05,5.951448e-05,4.534857e-05,3.099301e-05,1.813363e-05,6.181626e-06,-5.680268e-06,-1.694600e-05,-2.845265e-05,-4.066839e-05,-5.274827e-05,-6.753882e-05,-4.834038e-05,-2.893453e-05,-1.527846e-05,-9.274811e-06,-2.965210e-06,7.444471e-06,2.264155e-05,4.442386e-05,6.475985e-05,7.830027e-05,8.651944e-05,9.016068e-05,9.133076e-05,9.128509e-05,9.001890e-05,8.882444e-05,8.774653e-05,-1.232566e-05,-1.250556e-05,-1.268200e-05,-1.300052e-05,-1.340602e-05,-1.460860e-05,-1.681415e-05,-1.809221e-05,-1.732523e-05,-1.555888e-05,-1.311937e-05,-9.982006e-06,-6.053769e-06,-1.590439e-06,3.115184e-06,7.805229e-06,1.252274e-05,1.723879e-05,-2.108733e-05,-2.113299e-05,-2.126008e-05,-2.068098e-05,-1.912046e-05,-1.775001e-05,-1.696718e-05,-1.693646e-05,-1.796892e-05,-1.893636e-05,-1.921296e-05,-1.876135e-05,-1.742851e-05,-1.526075e-05,-1.233572e-05,-8.895293e-06,-5.205110e-06,-1.530299e-06
-2.907833e-07,7.617252e-05,-1.048923e-04,7.722456e-05,-5.451487e-07,-1.055484e-04,-1.811961e-06,-7.862337e-05,-1.058331e-04,-7.971164e-05,2.781003e-07,-1.042430e-04,1.206042e-03,1.220467e-03,1.229167e-03,1.209507e-03,1.208452e-03,1.198293e-03,1.246919e-03,1.295116e-03,1.399107e-03,1.248166e-03,1.124156e-03,1.023727e-03,9.513960e-04,9.134245e-04,9.051868e-04,9.212936e-04,9.508405e-04,9.772218e-04,1.423154e-04,1.222861e-04,1.022459e-04,8.222122e-05,6.208994e-05,4.623590e-05,3.627722e-05,2.158124e-05,-3.511860e-06,-2.966015e-05,-5.170860e-05,-6.832903e-05,-8.134391e-05,-9.232003e-05,-1.018462e-04,-1.116881e-04,-1.223413e-04,-1.328488e-04,-8.783574e-05,-5.350272e-05,-1.894550e-05,9.718242e-06,3.026309e-05,4.958227e-05,7.044361e-05,9.258354e-05,1.169392e-04,1.338733e-04,1.369508e-04,1.288599e-04,1.121894e-04,9.059088e-05,6.577648e-05,3.856589e-05,1.090267e-05,-1.660953e-05,-2.417445e-06,-1.748428e-06,-1.076201e-06,-5.550894e-07,-1.456838e-07,-4.942951e-07,-1.687202e-06,-2.095862e-06,-6.967292e-07,1.369832e-06,3.696794e-06,6.313897e-06,9.447503e-06,1.293400e-05,1.659525e-05,2.025280e-05,2.393831e-05,2.762009e-05,-1.471899e-05,-1.618578e-05,-1.773315e-05,-1.858969e-05,-1.853129e-05,-1.864123e-05,-1.922200e-05,-2.032766e-05,-2.214010e-05,-2.329199e-05,-2.298560e-05,-2.134481e-05,-1.846576e-05,-1.457375e-05,-9.756929e-06,-4.332482e-06,1.380294e-06,7.073428e-06
-1.065873e-06,6.986093e-05,-9.854971e-05,7.100776e-05,-2.095177e-06,-9.885171e-05,-2.889668e-06,-7.439714e-05,-9.725992e-05,-7.479721e-05,-1.629952e-06,-9.627630e-05,1.119084e-03,1.137486e-03,1.150829e-03,1.135112e-03,1.125985e-03,1.100569e-03,1.112960e-03,1.141109e-03,1.248166e-03,1.342115e-03,1.212387e-03,1.083894e-03,9.466219e-04,8.434211e-04,7.706640e-04,7.364609e-04,7.226174e-04,7.053035e-04,2.232932e-04,1.828736e-04,1.424442e-04,1.020270e-04,6.150756e-05,2.461105e-05,-7.931357e-06,-4.494535e-05,-9.050561e-05,-1.348756e-04,-1.706932e-04,-1.952882e-04,-2.115725e-04,-2.222976e-04,-2.299722e-04,-2.379458e-04,-2.468059e-04,-2.555180e-04,-8.114419e-05,-3.828611e-05,4.792320e-06,4.221728e-05,7.166988e-05,9.885223e-05,1.253923e-04,1.500275e-04,1.725626e-04,1.829263e-04,1.724426e-04,1.444016e-04,1.037612e-04,5.565719e-05,1.961504e-06,-5.546704e-05,-1.139895e-04,-1.723264e-04,3.148520e-06,4.015872e-06,4.887008e-06,5.600180e-06,6.170551e-06,6.059427e-06,5.346632e-06,5.507627e-06,7.454113e-06,1.007102e-05,1.265910e-05,1.497915e-05,1.733596e-05,1.969573e-05,2.211368e-05,2.458490e-05,2.710509e-05,2.961732e-05,5.032695e-06,2.050296e-06,-1.006261e-06,-3.424205e-06,-5.018959e-06,-6.725989e-06,-8.725465e-06,-1.097093e-05,-1.351872e-05,-1.497765e-05,-1.423770e-05,-1.151412e-05,-7.218449e-06,-1.778551e-06,4.730465e-06,1.192446e-05,1.945495e-05,2.696126e-05
-1.207853e-06,6.440926e-05,-9.401473e-05,6.661246e-05,-4.015216e-06,-9.308710e-05,-2.748857e-06,-7.151218e-05,-8.996332e-05,-6.999197e-05,-3.820539e-06,-9.057399e-05,1.034840e-03,1.061513e-03,1.083547e-03,1.075562e-03,1.067555e-03,1.036398e-03,1.027341e-03,1.028439e-03,1.124156e-03,1.212387e-03,1.340256e-03,1.215473e-03,1.047757e-03,8.682437e-04,6.973946e-04,5.665961e-04,4.569344e-04,3.438917e-04,3.138631e-04,2.510096e-04,1.881471e-04,1.252941e-04,6.234294e-05,2.602135e-06,-5.342335e-05,-1.132951e-04,-1.793460e-04,-2.418185e-04,-2.914774e-04,-3.236392e-04,-3.409605e-04,-3.478804e-04,-3.495303e-04,-3.514437e-04,-3.542075e-04,-3.568339e-04,-3.693951e-05,-4.563749e-06,2.802950e-05,5.506966e-05,7.413217e-05,9.014511e-05,1.042552e-04,1.150113e-04,1.217879e-04,1.158130e-04,8.779046e-05,4.102670e-05,-1.823975e-05,-8.473714e-05,-1.575058e-04,-2.341542e-04,-3.120203e-04,-3.896965e-04,3.683136e-06,4.600955e-06,5.522645e-06,6.285027e-06,6.905145e-06,6.939781e-06,6.569510e-06,7.208689e-06,9.629819e-06,1.278747e-05,1.573242e-05,1.788532e-05,1.945910e-05,2.057703e-05,2.159673e-05,2.275557e-05,2.399038e-05,2.521494e-05,2.410022e-05,2.030477e-05,1.643935e-05,1.319395e-05,1.077569e-05,8.378836e-06,5.892367e-06,3.392352e-06,8.659875e-07,-4.944214e-07,5.037197e-07,3.625396e-06,8.287285e-06,1.399420e-05,2.077373e-05,2.820960e-05,3.599056e-05,4.374678e-05
-1.973914e-06,5.979678e-05,-9.188908e-05,6.340808e-05,-6.563689e-06,-8.956980e-05,-2.911923e-06,-7.064551e-05,-8.452960e-05,-6.704275e-05,-6.473708e-06,-8.679480e-05,9.672357e-04,1.003770e-03,1.035986e-03,1.035850e-03,1.033528e-03,1.004220e-03,9.859382e-04,9.698099e-04,1.023727e-03,1.083894e-03,1.215473e-03,1.350036e-03,1.193536e-03,9.842318e-04,7.249454e-04,4.893777e-04,2.627306e-04,3.379597e-05,3.431967e-04,2.724712e-04,2.017364e-04,1.310112e-04,6.018186e-05,-7.472615e-06,-7.108945e-05,-1.373950e-04,-2.074936e-04,-2.723584e-04,-3.232579e-04,-3.552845e-04,-3.683307e-04,-3.677133e-04,-3.605632e-04,-3.538089e-04,-3.476777e-04,-3.414382e-04,2.840121e-05,4.344308e-05,5.869911e-05,6.832896e-05,6.951075e-05,6.651548e-05,6.024818e-05,4.927950e-05,3.279875e-05,3.880232e-06,-4.522791e-05,-1.098405e-04,-1.826280e-04,-2.584944e-04,-3.378624e-04,-4.189748e-04,-5.004123e-04,-5.817153e-04,4.859322e-06,5.869867e-06,6.884419e-06,7.732232e-06,8.416096e-06,8.505987e-06,8.181196e-06,8.836916e-06,1.116151e-05,1.427287e-05,1.731689e-05,1.966400e-05,2.111451e-05,2.184883e-05,2.246833e-05,2.334811e-05,2.431327e-05,2.527023e-05,4.316587e-05,3.847450e-05,3.371527e-05,2.959513e-05,2.641321e-05,2.349438e-05,2.080208e-05,1.846178e-05,1.650005e-05,1.585680e-05,1.752828e-05,2.112079e-05,2.588142e-05,3.125494e-05,3.741142e-05,4.401197e-05,5.088262e-05,5.773518e-05
-1.245985e-06,5.752537e-05,-9.000482e-05,6.251345e-05,-7.112695e-06,-8.676858e-05,-1.760833e-06,-6.929076e-05,-8.203437e-05,-6.443226e-05,-6.821931e-06,-8.519183e-05,9.199485e-04,9.638729e-04,1.003822e-03,1.008667e-03,1.014588e-03,9.929977e-04,9.755970e-04,9.464796e-04,9.513960e-04,9.466219e-04,1.047757e-03,1.193536e-03,1.327291e-03,1.150196e-03,8.866718e-04,5.942518e-04,2.860084e-04,-2.324417e-05,2.518443e-04,1.959411e-04,1.400272e-04,8.412750e-05,2.810268e-05,-2.426277e-05,-7.114984e-05,-1.183812e-04,-1.662478e-04,-2.069733e-04,-2.335689e-04,-2.422990e-04,-2.324744e-04,-2.095213e-04,-1.810425e-04,-1.535068e-04,-1.261403e-04,-9.871404e-05,7.363965e-05,7.521176e-05,7.699070e-05,7.305403e-05,5.994501e-05,4.152642e-05,1.876215e-05,-9.524259e-06,-4.404978e-05,-8.972127e-05,-1.517702e-04,-2.240447e-04,-2.983302e-04,-3.688613e-04,-4.357404e-04,-4.992991e-04,-5.609721e-04,-6.226383e-04,-2.308239e-07,9.637332e-07,2.160665e-06,3.208492e-06,4.148264e-06,4.502281e-06,4.344121e-06,4.965390e-06,6.930394e-06,9.523020e-06,1.212605e-05,1.427788e-05,1.568741e-05,1.654035e-05,1.752062e-05,1.893017e-05,2.042094e-05,2.191113e-05,4.363330e-05,3.892572e-05,3.415032e-05,3.004833e-05,2.705451e-05,2.455841e-05,2.252598e-05,2.108399e-05,2.026702e-05,2.077877e-05,2.331836e-05,2.733876e-05,3.198039e-05,3.657683e-05,4.122160e-05,4.578672e-05,5.039724e-05,5.500824e-05
2.568243e-06,5.708955e-05,-8.847934e-05,6.489668e-05,-6.168050e-06,-8.336092e-05,2.393699e-06,-6.781534e-05,-8.221723e-05,-6.092646e-05,-5.230482e-06,-8.692897e-05,9.035687e-04,9.477277e-04,9.880646e-04,9.928183e-04,1.007386e-03,9.966696e-04,9.872749e-04,9.518433e-04,9.134245e-04,8.434211e-04,8.682437e-04,9.842318e-04,1.150196e-03,1.289640e-03,1.125511e-03,9.025695e-04,6.197358e-04,3.406731e-04,6.673873e-05,4.073065e-05,1.470998e-05,-1.128848e-05,-3.743858e-05,-5.908891e-05,-7.311239e-05,-8.431915e-05,-9.252868e-05,-9.102846e-05,-7.463112e-05,-4.069199e-05,1.091823e-05,7.422579e-05,1.416841e-04,2.081875e-04,2.751287e-04,3.420619e-04,8.203042e-05,7.859470e-05,7.535266e-05,6.645750e-05,4.807364e-05,2.436206e-05,-2.978799e-06,-3.425582e-05,-6.940513e-05,-1.113184e-04,-1.623695e-04,-2.162139e-04,-2.653370e-04,-3.039531e-04,-3.294163e-04,-3.449423e-04,-3.557572e-04,-3.667331e-04,-2.313827e-05,-2.233949e-05,-2.154199e-05,-2.083242e-05,-2.005543e-05,-1.974035e-05,-1.994955e-05,-1.954374e-05,-1.811551e-05,-1.630517e-05,-1.451964e-05,-1.302214e-05,-1.200526e-05,-1.122497e-05,-9.999845e-06,-8.205886e-06,-6.321125e-06,-4.427128e-06,2.385847e-05,2.055277e-05,1.717695e-05,1.452058e-05,1.316811e-05,1.247028e-05,1.226491e-05,1.256113e-05,1.327234e-05,1.486342e-05,1.768625e-05,2.122170e-05,2.477853e-05,2.770586e-05,2.967760e-05,3.084811e-05,3.176303e-05,3.270413e-05
5.796127e-06,5.950306e-05,-8.635357e-05,6.761083e-05,-2.549013e-06,-8.145650e-05,6.068366e-06,-6.513869e-05,-8.527732e-05,-5.887459e-05,-9.267067e-07,-8.937314e-05,9.169757e-04,9.529924e-04,9.849621e-04,9.851296e-04,1.009299e-03,1.011321e-03,1.014645e-03,9.787843e-04,9.051868e-04,7.706640e-04,6.973946e-04,7.249454e-04,8.866718e-04,1.125511e-03,1.404202e-03,1.395823e-03,1.324906e-03,1.252413e-03,-1.220835e-04,-1.152351e-04,-1.084015e-04,-1.015353e-04,-9.484381e-05,-8.266506e-05,-6.031342e-05,-3.154460e-05,4.159585e-06,5.278510e-05,1.180088e-04,2.020200e-04,3.051113e-04,4.214094e-04,5.438727e-04,6.683438e-04,7.940273e-04,9.196018e-04,4.649816e-05,4.114077e-05,3.595971e-05,2.543817e-05,6.042400e-06,-1.666596e-05,-3.911054e-05,-5.954055e-05,-7.588705e-05,-8.830598e-05,-9.547794e-05,-9.147292e-05,-7.034743e-05,-2.734713e-05,4.017154e-05,1.248178e-04,2.170296e-04,3.088738e-04,-4.614493e-05,-4.513168e-05,-4.412404e-05,-4.312812e-05,-4.183726e-05,-4.083953e-05,-4.039776e-05,-3.958069e-05,-3.816607e-05,-3.679167e-05,-3.570729e-05,-3.504504e-05,-3.495963e-05,-3.522624e-05,-3.524355e-05,-3.498854e-05,-3.467017e-05,-3.432776e-05,-2.025841e-05,-2.020267e-05,-2.022046e-05,-1.949671e-05,-1.736630e-05,-1.463218e-05,-1.168603e-05,-8.716625e-06,-6.007187e-06,-3.379179e-06,-9.506885e-07,8.020286e-07,1.412649e-06,3.652693e-07,-2.759935e-06,-7.409374e-06,-1.260628e-05,-1.774996e-05
8.655633e-06,6.469254e-05,-8.294388e-05,7.047295e-05,4.084303e-06,-8.045383e-05,9.400676e-06,-6.083569e-05,-9.117706e-05,-5.799134e-05,6.388446e-06,-9.236076e-05,9.519550e-04,9.741292e-04,9.917268e-04,9.846823e-04,1.017184e-03,1.030549e-03,1.048164e-03,1.017161e-03,9.212936e-04,7.364609e-04,5.665961e-04,4.893777e-04,5.942518e-04,9.025695e-04,1.395823e-03,1.930027e-03,2.236773e-03,2.577473e-03,-2.581852e-04,-2.262788e-04,-1.943886e-04,-1.624572e-04,-1.307093e-04,-9.265471e-05,-4.225480e-05,1.741615e-05,8.681593e-05,1.712864e-04,2.731470e-04,3.944186e-04,5.362563e-04,6.943264e-04,8.635302e-04,1.041201e-03,1.221085e-03,1.400715e-03,-2.865277e-05,-3.517404e-05,-4.153392e-05,-5.274266e-05,-7.139665e-05,-8.979365e-05,-1.018309e-04,-1.030159e-04,-8.856418e-05,-5.560152e-05,1.104888e-06,8.715727e-05,2.068922e-04,3.639964e-04,5.593631e-04,7.797916e-04,1.010674e-03,1.240930e-03,-7.110930e-05,-6.963606e-05,-6.817271e-05,-6.663671e-05,-6.455469e-05,-6.255285e-05,-6.112384e-05,-5.957769e-05,-5.789748e-05,-5.676121e-05,-5.628898e-05,-5.649783e-05,-5.755384e-05,-5.940602e-05,-6.170155e-05,-6.454107e-05,-6.739315e-05,-7.019983e-05,-9.135046e-05,-8.637001e-05,-8.146718e-05,-7.582881e-05,-6.880759e-05,-6.145662e-05,-5.447087e-05,-4.828544e-05,-4.340624e-05,-3.992384e-05,-3.844661e-05,-3.946708e-05,-4.326290e-05,-5.019261e-05,-6.053910e-05,-7.317127e-05,-8.664434e-05,-1.000338e-04
1.141019e-05,6.997042e-05,-8.026374e-05,7.375501e-05,1.042090e-05,-7.998908e-05,1.267353e-05,-5.694213e-05,-9.719023e-05,-5.747398e-05,1.343642e-05,-9.558140e-05,9.992835e-04,1.004263e-03,1.003925e-03,9.879824e-04,1.027466e-03,1.051292e-03,1.085412e-03,1.062798e-03,9.508405e-04,7.226174e-04,4.569344e-04,2.627306e-04,2.860084e-04,6.197358e-04,1.324906e-03,2.236773e-03,3.345430e-03,4.374239e-03,-3.660450e-04,-3.123874e-04,-2.587469e-04,-2.050582e-04,-1.515522e-04,-9.107936e-05,-1.646950e-05,6.939319e-05,1.662491e-04,2.782706e-04,4.058535e-04,5.503222e-04,7.133643e-04,8.928125e-04,1.086206e-03,1.293239e-03,1.503501e-03,1.713378e-03,-1.121284e-04,-1.191323e-04,-1.259897e-04,-1.371203e-04,-1.538141e-04,-1.658828e-04,-1.644467e-04,-1.420355e-04,-9.089478e-05,-5.037997e-06,1.248120e-04,3.040437e-04,5.354077e-04,8.217519e-04,1.162153e-03,1.537086e-03,1.926205e-03,2.314414e-03,-9.130258e-05,-8.974036e-05,-8.819171e-05,-8.649401e-05,-8.403169e-05,-8.146550e-05,-7.950439e-05,-7.766314e-05,-7.605538e-05,-7.533286e-05,-7.540359e-05,-7.609528e-05,-7.754161e-05,-7.992325e-05,-8.318816e-05,-8.765468e-05,-9.220722e-05,-9.669242e-05,-1.594374e-04,-1.492367e-04,-1.391189e-04,-1.282685e-04,-1.160747e-04,-1.038522e-04,-9.258854e-05,-8.296054e-05,-7.570516e-05,-7.117873e-05,-7.049338e-05,-7.418543e-05,-8.237432e-05,-9.531264e-05,-1.131607e-04,-1.341762e-04,-1.563981e-04,-1.785024e-04
