5.989581e-05,-1.445864e-06,6.682601e-07,3.664388e-05,-1.359665e-06,3.199799e-05,4.858911e-05,-1.655305e-06,-1.398703e-08,3.616741e-05,-9.892862e-07,-3.132592e-05,-1.618878e-06,-1.273669e-06,-8.871735e-07,-7.690553e-07,-9.093321e-07,-4.732071e-07,1.330189e-06,1.652624e-06,-3.556131e-07,-1.305528e-06,-1.479825e-06,-2.418398e-06,-1.526026e-06,3.148109e-06,7.104207e-06,1.060930e-05,1.398546e-05,1.696250e-05,-3.779722e-04,-3.765222e-04,-3.750701e-04,-3.736263e-04,-3.721521e-04,-3.703967e-04,-3.683097e-04,-3.655156e-04,-3.622773e-04,-3.584865e-04,-3.544900e-04,-3.506419e-04,-3.468518e-04,-3.429317e-04,-3.388810e-04,-3.348698e-04,-3.309712e-04,-3.270470e-04,7.791728e-06,8.510181e-06,9.231938e-06,9.941332e-06,1.054149e-05,1.113163e-05,1.151926e-05,1.173180e-05,1.170375e-05,1.137362e-05,1.106781e-05,1.087962e-05,1.109761e-05,1.176853e-05,1.260076e-05,1.348134e-05,1.449924e-05,1.552864e-05,-2.446657e-04,-2.584903e-04,-2.723234e-04,-2.858289e-04,-2.982316e-04,-3.086592e-04,-3.163121e-04,-3.211034e-04,-3.235581e-04,-3.244168e-04,-3.240906e-04,-3.224361e-04,-3.198066e-04,-3.169401e-04,-3.139620e-04,-3.104700e-04,-3.065020e-04,-3.025574e-04,-4.912362e-05,-4.426661e-05,-3.942151e-05,-3.439910e-05,-2.868761e-05,-2.197618e-05,-1.476629e-05,-8.468856e-06,-4.222583e-06,-1.908943e-06,-1.068265e-06,-8.553347e-07,-3.207976e-07,4.518806e-07,5.334198e-07,-2.454490e-07,-1.279863e-06,-2.284658e-06
-1.445864e-06,5.292426e-05,4.689334e-06,4.696620e-06,3.502300e-05,-8.594928e-06,-2.010756e-07,3.054204e-05,-1.636134e-05,-6.284769e-06,3.512237e-05,-7.470982e-06,9.182476e-05,9.345025e-05,9.536163e-05,9.430568e-05,9.420995e-05,9.340916e-05,9.552329e-05,9.448453e-05,9.333975e-05,8.560669e-05,7.892725e-05,7.327554e-05,7.049258e-05,6.995907e-05,7.291722e-05,7.927740e-05,8.574602e-05,9.172395e-05,1.481676e-05,1.413671e-05,1.345752e-05,1.277390e-05,1.210129e-05,1.198879e-05,1.253193e-05,1.300058e-05,1.280632e-05,1.200974e-05,1.081420e-05,9.327842e-06,7.649281e-06,5.745223e-06,3.535708e-06,1.012894e-06,-1.637657e-06,-4.264186e-06,-2.725412e-04,-2.691869e-04,-2.657865e-04,-2.626699e-04,-2.602946e-04,-2.579693e-04,-2.556069e-04,-2.531901e-04,-2.506371e-04,-2.482933e-04,-2.466916e-04,-2.455795e-04,-2.448951e-04,-2.445930e-04,-2.444368e-04,-2.442839e-04,-2.440193e-04,-2.437283e-04,-2.057022e-05,-1.579827e-05,-1.103399e-05,-6.145912e-06,-7.403283e-07,5.055020e-06,1.063764e-05,1.536731e-05,1.851520e-05,1.961492e-05,1.861540e-05,1.589651e-05,1.215891e-05,7.663502e-06,2.208954e-06,-3.990210e-06,-1.034039e-05,-1.666370e-05,8.665178e-05,9.431467e-05,1.019960e-04,1.088347e-04,1.141066e-04,1.169892e-04,1.170183e-04,1.139041e-04,1.083477e-04,1.006417e-04,9.177982e-05,8.230938e-05,7.312584e-05,6.515094e-05,5.852127e-05,5.254261e-05,4.657800e-05,4.059346e-05
6.682601e-07,4.689334e-06,5.848170e-05,-8.708138e-06,3.330556e-05,1.117564e-05,-5.145338e-07,1.673804e-05,-3.233053e-05,8.525434e-06,3.321167e-05,1.080499e-05,-1.257470e-04,-1.296954e-04,-1.322417e-04,-1.314152e-04,-1.331912e-04,-1.317419e-04,-1.326165e-04,-1.306749e-04,-1.285308e-04,-1.207587e-04,-1.152020e-04,-1.125979e-04,-1.102893e-04,-1.084201e-04,-1.058150e-04,-1.016364e-04,-9.835152e-05,-9.502938e-05,-1.289146e-05,-1.017866e-05,-7.462680e-06,-4.754464e-06,-2.011561e-06,2.798245e-07,1.610193e-06,2.901658e-06,4.529632e-06,5.842020e-06,6.612088e-06,6.729752e-06,6.356183e-06,5.653658e-06,4.520032e-06,3.146573e-06,1.782866e-06,4.163948e-07,-2.611367e-04,-2.609158e-04,-2.606834e-04,-2.595255e-04,-2.573181e-04,-2.546202e-04,-2.519419e-04,-2.493945e-04,-2.471414e-04,-2.446575e-04,-2.417420e-04,-2.384071e-04,-2.347243e-04,-2.310030e-04,-2.272629e-04,-2.233634e-04,-2.194042e-04,-2.154410e-04,-2.590802e-05,-2.189994e-05,-1.789987e-05,-1.373884e-05,-9.024973e-06,-3.692943e-06,1.752601e-06,6.411118e-06,9.412781e-06,1.043066e-05,9.456825e-06,6.866504e-06,3.301247e-06,-9.812718e-07,-6.153173e-06,-1.199599e-05,-1.798285e-05,-2.394613e-05,-7.891646e-04,-7.746969e-04,-7.601847e-04,-7.458711e-04,-7.324195e-04,-7.196090e-04,-7.077973e-04,-6.966887e-04,-6.860258e-04,-6.753753e-04,-6.653197e-04,-6.561142e-04,-6.475179e-04,-6.389530e-04,-6.302783e-04,-6.218110e-04,-6.136118e-04,-6.053879e-04
3.664388e-05,4.696620e-06,-8.708138e-06,5.546910e-05,-1.601427e-06,5.388219e-06,3.735988e-05,-7.308620e-06,-7.311833e-06,3.237305e-05,-1.561506e-06,-1.708090e-05,9.218140e-05,9.482917e-05,9.702441e-05,9.630917e-05,9.699710e-05,9.644360e-05,9.904748e-05,9.786991e-05,9.463033e-05,8.701267e-05,8.162699e-05,7.770091e-05,7.660528e-05,7.952603e-05,8.285258e-05,8.636075e-05,9.038325e-05,9.389414e-05,-2.715788e-04,-2.727325e-04,-2.738857e-04,-2.750435e-04,-2.761892e-04,-2.766798e-04,-2.762030e-04,-2.751499e-04,-2.741044e-04,-2.726608e-04,-2.708909e-04,-2.689685e-04,-2.668738e-04,-2.645564e-04,-2.620140e-04,-2.594772e-04,-2.570814e-04,-2.546551e-04,5.806429e-06,8.363459e-06,1.093745e-05,1.298502e-05,1.418355e-05,1.513626e-05,1.595237e-05,1.669965e-05,1.742498e-05,1.769742e-05,1.745159e-05,1.686491e-05,1.621850e-05,1.570330e-05,1.520173e-05,1.463387e-05,1.417107e-05,1.372508e-05,1.842309e-04,1.688333e-04,1.534177e-04,1.380146e-04,1.231534e-04,1.093675e-04,9.746011e-05,8.702689e-05,7.792818e-05,7.017845e-05,6.463391e-05,6.194238e-05,6.195117e-05,6.372960e-05,6.649707e-05,7.001394e-05,7.392740e-05,7.780451e-05,-2.298150e-05,-1.817329e-05,-1.338173e-05,-8.384835e-06,-2.714178e-06,3.468035e-06,9.532788e-06,1.469557e-05,1.807679e-05,1.928114e-05,1.826223e-05,1.542127e-05,1.146025e-05,6.623511e-06,7.212391e-07,-5.989966e-06,-1.286751e-05,-1.971920e-05
-1.359665e-06,3.502300e-05,3.330556e-05,-1.601427e-06,5.976248e-05,-5.465254e-07,-8.058426e-07,3.512637e-05,-3.276928e-05,-4.310960e-07,4.851681e-05,6.443799e-07,6.726261e-07,-7.180366e-07,-1.006675e-06,-1.583751e-06,-2.848075e-06,-2.616633e-06,-1.299980e-06,-9.242708e-07,-6.665746e-07,-2.565121e-06,-4.917353e-06,-8.040373e-06,-8.713132e-06,-7.555256e-06,-3.119981e-06,5.009439e-06,1.277555e-05,2.018786e-05,7.530931e-06,8.597000e-06,9.665693e-06,1.072617e-05,1.181649e-05,1.310972e-05,1.438619e-05,1.559826e-05,1.649394e-05,1.671632e-05,1.629640e-05,1.527138e-05,1.382724e-05,1.202992e-05,9.748020e-06,7.087548e-06,4.334889e-06,1.599196e-06,-3.790126e-04,-3.762385e-04,-3.734188e-04,-3.702529e-04,-3.670352e-04,-3.635351e-04,-3.599894e-04,-3.564667e-04,-3.530097e-04,-3.495823e-04,-3.465080e-04,-3.435825e-04,-3.407964e-04,-3.382966e-04,-3.359261e-04,-3.334782e-04,-3.309173e-04,-3.283339e-04,-3.433936e-05,-2.656021e-05,-1.875617e-05,-1.116893e-05,-3.475942e-06,4.647009e-06,1.255933e-05,1.919546e-05,2.350716e-05,2.461835e-05,2.236452e-05,1.772008e-05,1.229000e-05,6.859740e-06,1.233902e-06,-4.599758e-06,-1.037355e-05,-1.613524e-05,-3.963371e-04,-3.830078e-04,-3.696717e-04,-3.567211e-04,-3.449100e-04,-3.351632e-04,-3.282310e-04,-3.241709e-04,-3.223187e-04,-3.218696e-04,-3.222333e-04,-3.235593e-04,-3.256192e-04,-3.277232e-04,-3.297565e-04,-3.321646e-04,-3.349833e-04,-3.377792e-04
3.199799e-05,-8.594928e-06,1.117564e-05,5.388219e-06,-5.465254e-07,5.776012e-05,3.274620e-05,7.755150e-06,1.142300e-05,1.546131e-05,-3.298933e-07,-3.064394e-05,-1.281997e-04,-1.309779e-04,-1.330804e-04,-1.318096e-04,-1.327342e-04,-1.310042e-04,-1.314856e-04,-1.296477e-04,-1.293335e-04,-1.211281e-04,-1.140651e-04,-1.097555e-04,-1.063232e-04,-1.021478e-04,-9.981411e-05,-9.858531e-05,-9.801581e-05,-9.744474e-05,-2.727899e-04,-2.689216e-04,-2.650506e-04,-2.611873e-04,-2.572890e-04,-2.537656e-04,-2.509232e-04,-2.475222e-04,-2.431660e-04,-2.381919e-04,-2.330887e-04,-2.282440e-04,-2.236121e-04,-2.189679e-04,-2.143362e-04,-2.097108e-04,-2.050899e-04,-2.004663e-04,1.084789e-05,8.665238e-06,6.464491e-06,4.943769e-06,4.352112e-06,4.037847e-06,3.519477e-06,2.723599e-06,1.448244e-06,1.295266e-07,-5.992361e-07,-8.072400e-07,-3.724002e-07,5.445417e-07,1.646237e-06,2.874903e-06,4.172382e-06,5.467536e-06,-6.860864e-04,-6.916903e-04,-6.972838e-04,-7.023430e-04,-7.063735e-04,-7.079558e-04,-7.063226e-04,-7.013894e-04,-6.938406e-04,-6.837606e-04,-6.720831e-04,-6.589542e-04,-6.447921e-04,-6.303154e-04,-6.158287e-04,-6.011789e-04,-5.863148e-04,-5.714492e-04,-2.474881e-05,-2.015224e-05,-1.555401e-05,-1.092325e-05,-5.912240e-06,-4.554932e-07,4.941444e-06,9.591499e-06,1.276106e-05,1.397939e-05,1.313751e-05,1.060503e-05,7.012120e-06,2.615598e-06,-2.732266e-06,-8.796484e-06,-1.503132e-05,-2.124308e-05
4.858911e-05,-2.010756e-07,-5.145338e-07,3.735988e-05,-8.058426e-07,3.274620e-05,6.196951e-05,1.656842e-07,1.190546e-06,3.705207e-05,-4.130998e-07,-3.186617e-05,-3.419405e-06,-2.920610e-06,-2.363322e-06,-2.131541e-06,-2.097161e-06,-1.438769e-06,4.056390e-07,4.474269e-07,-2.217617e-06,-3.538565e-06,-3.366579e-06,-3.566364e-06,-2.155479e-06,2.935664e-06,7.439315e-06,1.152391e-05,1.553533e-05,1.908891e-05,-3.832058e-04,-3.821534e-04,-3.810988e-04,-3.800531e-04,-3.789750e-04,-3.775743e-04,-3.757828e-04,-3.731451e-04,-3.698991e-04,-3.659433e-04,-3.616513e-04,-3.574250e-04,-3.532529e-04,-3.489461e-04,-3.445111e-04,-3.401101e-04,-3.358375e-04,-3.315364e-04,4.883243e-06,5.637480e-06,6.395059e-06,7.142633e-06,7.762039e-06,8.355900e-06,8.712259e-06,8.828363e-06,8.606427e-06,7.932118e-06,7.109960e-06,6.268135e-06,5.729416e-06,5.570344e-06,5.544957e-06,5.562160e-06,5.725713e-06,5.904119e-06,-2.492217e-04,-2.632982e-04,-2.773834e-04,-2.911336e-04,-3.037565e-04,-3.143648e-04,-3.221497e-04,-3.270298e-04,-3.295493e-04,-3.304669e-04,-3.302019e-04,-3.286050e-04,-3.260329e-04,-3.232387e-04,-3.203572e-04,-3.169717e-04,-3.131033e-04,-3.092576e-04,-2.446566e-05,-1.579624e-05,-7.139052e-06,1.691540e-06,1.132368e-05,2.125477e-05,3.037158e-05,3.799841e-05,4.297832e-05,4.398607e-05,4.036575e-05,3.236438e-05,2.096049e-05,6.955815e-06,-9.202897e-06,-2.666016e-05,-4.435013e-05,-6.199896e-05
-1.655305e-06,3.054204e-05,1.673804e-05,-7.308620e-06,3.512637e-05,7.755150e-06,1.656842e-07,5.351223e-05,-3.989555e-06,5.922763e-06,3.509352e-05,8.696076e-06,-9.405686e-05,-9.731430e-05,-9.936522e-05,-9.910764e-05,-1.007774e-04,-9.971057e-05,-9.967711e-05,-9.794576e-05,-9.633824e-05,-9.115970e-05,-8.762497e-05,-8.656374e-05,-8.490411e-05,-8.309610e-05,-7.981592e-05,-7.454253e-05,-6.977058e-05,-6.503993e-05,1.515781e-06,2.952397e-06,4.392100e-06,5.823400e-06,7.289949e-06,8.553951e-06,9.299967e-06,1.021312e-05,1.146264e-05,1.238636e-05,1.277308e-05,1.254903e-05,1.192679e-05,1.103140e-05,9.754068e-06,8.259241e-06,6.751711e-06,5.246066e-06,-2.648249e-04,-2.649210e-04,-2.650057e-04,-2.643575e-04,-2.629781e-04,-2.612914e-04,-2.597332e-04,-2.583849e-04,-2.573697e-04,-2.563204e-04,-2.552108e-04,-2.539809e-04,-2.526626e-04,-2.514948e-04,-2.504089e-04,-2.492320e-04,-2.480103e-04,-2.467818e-04,-2.023480e-05,-1.574964e-05,-1.127267e-05,-6.646588e-06,-1.491562e-06,4.207874e-06,9.904198e-06,1.471326e-05,1.776890e-05,1.871764e-05,1.754971e-05,1.465265e-05,1.070942e-05,5.992972e-06,3.037092e-07,-6.131269e-06,-1.272582e-05,-1.929332e-05,9.881307e-05,1.041132e-04,1.093785e-04,1.144425e-04,1.189447e-04,1.214994e-04,1.213959e-04,1.183588e-04,1.129946e-04,1.060354e-04,9.862297e-05,9.048111e-05,8.129518e-05,7.123462e-05,6.031376e-05,4.846261e-05,3.607760e-05,2.371993e-05
-1.398703e-08,-1.636134e-05,-3.233053e-05,-7.311833e-06,-3.276928e-05,1.142300e-05,1.190546e-06,-3.989555e-06,5.799380e-05,8.460620e-06,-3.287071e-05,1.092449e-05,-1.302716e-04,-1.317837e-04,-1.335250e-04,-1.318394e-04,-1.317887e-04,-1.307792e-04,-1.331905e-04,-1.316091e-04,-1.296822e-04,-1.191781e-04,-1.102383e-04,-1.035805e-04,-1.005234e-04,-1.007478e-04,-1.044980e-04,-1.117282e-04,-1.190975e-04,-1.259671e-04,-9.029103e-06,-8.846519e-06,-8.664126e-06,-8.479582e-06,-8.296894e-06,-8.759962e-06,-9.950191e-06,-1.086135e-05,-1.084474e-05,-1.017271e-05,-9.164217e-06,-7.985023e-06,-6.658248e-06,-5.122509e-06,-3.306469e-06,-1.166272e-06,1.103630e-06,3.348739e-06,2.676426e-04,2.629863e-04,2.582690e-04,2.539364e-04,2.504695e-04,2.469116e-04,2.430748e-04,2.389943e-04,2.346004e-04,2.303312e-04,2.267680e-04,2.236369e-04,2.208639e-04,2.183533e-04,2.159682e-04,2.135925e-04,2.111033e-04,2.085883e-04,2.362422e-05,1.913613e-05,1.465527e-05,1.005321e-05,4.932447e-06,-5.703512e-07,-5.875162e-06,-1.041907e-05,-1.353312e-05,-1.475059e-05,-1.401269e-05,-1.167646e-05,-8.399393e-06,-4.425895e-06,4.157083e-07,5.930659e-06,1.158233e-05,1.721016e-05,7.848052e-04,7.718738e-04,7.589449e-04,7.457180e-04,7.325943e-04,7.198993e-04,7.081818e-04,6.971511e-04,6.866345e-04,6.758061e-04,6.650647e-04,6.550155e-04,6.459215e-04,6.375500e-04,6.298191e-04,6.228378e-04,6.162962e-04,6.097138e-04
3.616741e-05,-6.284769e-06,8.525434e-06,3.237305e-05,-4.310960e-07,1.546131e-05,3.705207e-05,5.922763e-06,8.460620e-06,5.720170e-05,-1.260008e-07,-3.346129e-06,-9.750412e-05,-9.929506e-05,-1.006446e-04,-9.964847e-05,-1.002836e-04,-9.892316e-05,-9.870857e-05,-9.736018e-05,-9.767164e-05,-9.165060e-05,-8.576352e-05,-8.215019e-05,-7.895149e-05,-7.465553e-05,-7.214074e-05,-7.105764e-05,-7.042305e-05,-6.992708e-05,-2.753067e-04,-2.749868e-04,-2.746640e-04,-2.743502e-04,-2.739988e-04,-2.737882e-04,-2.738589e-04,-2.731515e-04,-2.714881e-04,-2.691815e-04,-2.667199e-04,-2.645003e-04,-2.624519e-04,-2.603357e-04,-2.581555e-04,-2.559319e-04,-2.537529e-04,-2.515623e-04,4.026409e-06,2.963370e-06,1.881798e-06,1.274991e-06,1.290954e-06,1.446712e-06,1.341846e-06,9.675203e-07,1.843431e-07,-7.586720e-07,-1.390704e-06,-1.718348e-06,-1.555799e-06,-9.984900e-07,-2.829059e-07,5.313897e-07,1.436694e-06,2.344017e-06,2.172757e-04,2.052225e-04,1.931507e-04,1.811089e-04,1.697122e-04,1.588718e-04,1.488759e-04,1.397691e-04,1.312395e-04,1.220387e-04,1.120166e-04,1.012817e-04,8.974139e-05,7.732291e-05,6.456305e-05,5.221104e-05,4.030365e-05,2.837084e-05,-2.875159e-05,-2.348555e-05,-1.822025e-05,-1.290544e-05,-7.174000e-06,-1.010662e-06,5.013350e-06,1.014037e-05,1.355351e-05,1.474907e-05,1.361625e-05,1.055860e-05,6.282606e-06,1.070469e-06,-5.261399e-06,-1.244746e-05,-1.983275e-05,-2.719068e-05
-9.892862e-07,3.512237e-05,3.321167e-05,-1.561506e-06,4.851681e-05,-3.298933e-07,-4.130998e-07,3.509352e-05,-3.287071e-05,-1.260008e-07,5.980594e-05,1.194263e-07,3.252398e-06,1.198637e-06,2.915404e-07,-7.140565e-07,-2.208309e-06,-1.916837e-06,-2.560934e-07,2.957208e-07,3.424963e-07,-1.994877e-06,-4.678719e-06,-7.930043e-06,-8.356814e-06,-6.406435e-06,-1.132152e-06,7.832677e-06,1.647039e-05,2.479777e-05,4.965036e-06,6.009168e-06,7.055953e-06,8.094608e-06,9.163284e-06,1.047858e-05,1.184331e-05,1.320458e-05,1.430283e-05,1.474221e-05,1.452960e-05,1.370431e-05,1.245602e-05,1.085548e-05,8.775688e-06,6.329080e-06,3.798957e-06,1.284999e-06,-3.791405e-04,-3.764140e-04,-3.736406e-04,-3.704836e-04,-3.672346e-04,-3.636586e-04,-3.600024e-04,-3.563711e-04,-3.528374e-04,-3.493656e-04,-3.462900e-04,-3.433811e-04,-3.406072e-04,-3.380922e-04,-3.357226e-04,-3.332873e-04,-3.307526e-04,-3.281987e-04,-3.385990e-05,-2.848158e-05,-2.315141e-05,-1.723623e-05,-9.979176e-06,-1.862216e-06,6.157589e-06,1.304083e-05,1.761818e-05,1.960510e-05,1.904452e-05,1.602316e-05,1.084925e-05,3.480812e-06,-6.384161e-06,-1.811581e-05,-3.035934e-05,-4.254316e-05,-3.962632e-04,-3.829043e-04,-3.695389e-04,-3.565549e-04,-3.447007e-04,-3.349036e-04,-3.279220e-04,-3.238239e-04,-3.219565e-04,-3.215225e-04,-3.219365e-04,-3.233453e-04,-3.255141e-04,-3.277498e-04,-3.299383e-04,-3.325190e-04,-3.355163e-04,-3.384901e-04
-3.132592e-05,-7.470982e-06,1.080499e-05,-1.708090e-05,6.443799e-07,-3.064394e-05,-3.186617e-05,8.696076e-06,1.092449e-05,-3.346129e-06,1.194263e-07,5.536720e-05,-1.261178e-04,-1.290034e-04,-1.313760e-04,-1.302894e-04,-1.311860e-04,-1.304613e-04,-1.331652e-04,-1.313954e-04,-1.277335e-04,-1.179721e-04,-1.109853e-04,-1.063553e-04,-1.043917e-04,-1.065206e-04,-1.095161e-04,-1.131777e-04,-1.171246e-04,-1.205120e-04,2.468648e-04,2.462129e-04,2.455611e-04,2.449117e-04,2.442592e-04,2.428908e-04,2.405289e-04,2.378462e-04,2.354761e-04,2.328389e-04,2.298809e-04,2.267269e-04,2.234804e-04,2.201279e-04,2.166546e-04,2.132757e-04,2.100471e-04,2.067869e-04,-1.378142e-08,-2.279404e-06,-4.575458e-06,-6.231659e-06,-6.893694e-06,-7.430113e-06,-8.061348e-06,-8.803560e-06,-9.698666e-06,-1.020273e-05,-1.014908e-05,-9.756640e-06,-9.292644e-06,-8.999679e-06,-8.766863e-06,-8.510696e-06,-8.391977e-06,-8.293937e-06,6.707834e-04,6.745560e-04,6.783175e-04,6.815826e-04,6.838127e-04,6.840833e-04,6.819250e-04,6.766485e-04,6.687542e-04,6.590007e-04,6.487808e-04,6.384681e-04,6.284371e-04,6.190891e-04,6.102233e-04,6.013299e-04,5.921977e-04,5.830597e-04,2.898278e-05,2.475403e-05,2.054391e-05,1.611741e-05,1.104468e-05,5.523165e-06,1.305686e-07,-4.445105e-06,-7.448640e-06,-8.593693e-06,-7.875947e-06,-5.632433e-06,-2.460973e-06,1.425085e-06,6.180415e-06,1.160244e-05,1.716407e-05,2.270403e-05
-1.618878e-06,9.182476e-05,-1.257470e-04,9.218140e-05,6.726261e-07,-1.281997e-04,-3.419405e-06,-9.405686e-05,-1.302716e-04,-9.750412e-05,3.252398e-06,-1.261178e-04,3.970943e-03,2.576475e-03,1.617584e-03,1.257535e-03,1.286224e-03,1.362313e-03,1.469437e-03,1.493802e-03,1.477841e-03,1.371292e-03,1.268069e-03,1.185235e-03,1.127294e-03,1.107224e-03,1.123655e-03,1.166520e-03,1.224518e-03,1.278822e-03,3.766837e-04,3.353720e-04,2.940739e-04,2.526050e-04,2.107648e-04,1.720479e-04,1.410367e-04,1.112961e-04,7.819186e-05,4.659418e-05,1.885924e-05,-4.213515e-06,-2.404996e-05,-4.219843e-05,-5.897654e-05,-7.604635e-05,-9.406575e-05,-1.119133e-04,-1.016428e-03,-8.062317e-04,-5.942873e-04,-4.070222e-04,-2.564321e-04,-1.356808e-04,-4.054393e-05,3.323473e-05,9.002589e-05,1.279050e-04,1.466244e-04,1.507329e-04,1.437378e-04,1.305628e-04,1.138694e-04,9.450212e-05,7.466391e-05,5.500020e-05,-1.987084e-05,-1.628075e-05,-1.269483e-05,-9.430169e-06,-6.470766e-06,-4.262452e-06,-3.261565e-06,-2.384861e-06,-7.420882e-07,1.214708e-06,3.503031e-06,6.224328e-06,9.509336e-06,1.310113e-05,1.674556e-05,2.022183e-05,2.367430e-05,2.712770e-05,-1.619594e-05,-2.869092e-05,-4.149132e-05,-5.133248e-05,-5.706930e-05,-6.003742e-05,-6.095315e-05,-6.060891e-05,-5.966622e-05,-5.760894e-05,-5.431318e-05,-4.999953e-05,-4.474542e-05,-3.875948e-05,-3.206197e-05,-2.487563e-05,-1.743014e-05,-9.999898e-06
-1.273669e-06,9.345025e-05,-1.296954e-04,9.482917e-05,-7.180366e-07,-1.309779e-04,-2.920610e-06,-9.731430e-05,-1.317837e-04,-9.929506e-05,1.198637e-06,-1.290034e-04,2.576475e-03,2.186572e-03,1.688773e-03,1.456025e-03,1.429289e-03,1.441133e-03,1.503010e-03,1.508973e-03,1.495519e-03,1.393845e-03,1.300757e-03,1.230006e-03,1.181122e-03,1.161340e-03,1.167792e-03,1.193695e-03,1.230622e-03,1.264052e-03,3.009207e-04,2.634647e-04,2.260042e-04,1.884695e-04,1.504664e-04,1.179760e-04,9.561321e-05,7.460615e-05,4.936088e-05,2.465653e-05,3.071935e-06,-1.432343e-05,-2.875834e-05,-4.174660e-05,-5.347345e-05,-6.558264e-05,-7.859356e-05,-9.143541e-05,-5.733855e-04,-4.395361e-04,-3.043563e-04,-1.886993e-04,-1.019557e-04,-3.467367e-05,1.810126e-05,5.932220e-05,9.250500e-05,1.143630e-04,1.228646e-04,1.212188e-04,1.117074e-04,9.805775e-05,8.209935e-05,6.423172e-05,4.626141e-05,2.844733e-05,-1.438384e-05,-1.132898e-05,-8.273827e-06,-5.501933e-06,-2.948550e-06,-1.429499e-06,-1.383390e-06,-1.368099e-06,-3.253877e-07,1.315644e-06,3.554047e-06,6.469115e-06,1.016688e-05,1.436889e-05,1.878416e-05,2.314054e-05,2.749953e-05,3.185789e-05,-1.172634e-05,-2.042788e-05,-2.937962e-05,-3.595883e-05,-3.917842e-05,-4.061421e-05,-4.094235e-05,-4.068111e-05,-4.034724e-05,-3.929442e-05,-3.722788e-05,-3.423157e-05,-3.027318e-05,-2.549076e-05,-1.989537e-05,-1.374278e-05,-7.309897e-06,-8.941209e-07
-8.871735e-07,9.536163e-05,-1.322417e-04,9.702441e-05,-1.006675e-06,-1.330804e-04,-2.363322e-06,-9.936522e-05,-1.335250e-04,-1.006446e-04,2.915404e-07,-1.313760e-04,1.617584e-03,1.688773e-03,1.791726e-03,1.643219e-03,1.568398e-03,1.512117e-03,1.529035e-03,1.516416e-03,1.506183e-03,1.410197e-03,1.327760e-03,1.269487e-03,1.230078e-03,1.210771e-03,1.206971e-03,1.215262e-03,1.230211e-03,1.241879e-03,2.152109e-04,1.829551e-04,1.506766e-04,1.184201e-04,8.560092e-05,6.063662e-05,4.802382e-05,3.663982e-05,1.993129e-05,2.575124e-06,-1.258871e-05,-2.416498e-05,-3.313174e-05,-4.093869e-05,-4.762322e-05,-5.478945e-05,-6.280448e-05,-7.065390e-05,-1.201694e-04,-6.489487e-05,-8.718523e-06,3.295702e-05,5.351011e-05,6.515781e-05,7.363493e-05,8.061891e-05,8.880502e-05,9.356996e-05,9.108059e-05,8.314884e-05,7.078033e-05,5.643802e-05,4.106574e-05,2.459682e-05,8.413774e-06,-7.632605e-06,-1.151250e-05,-8.784219e-06,-6.051761e-06,-3.570006e-06,-1.221066e-06,-1.903059e-07,-8.983779e-07,-1.563800e-06,-9.848948e-07,4.241851e-07,2.638331e-06,5.719278e-06,9.762983e-06,1.447572e-05,1.952482e-05,2.459686e-05,2.969127e-05,3.478451e-05,-1.928950e-05,-2.359621e-05,-2.809596e-05,-3.080996e-05,-3.095685e-05,-3.039394e-05,-2.977893e-05,-2.935262e-05,-2.947135e-05,-2.933827e-05,-2.847220e-05,-2.681721e-05,-2.422186e-05,-2.073332e-05,-1.634579e-05,-1.135205e-05,-6.070428e-06,-8.068700e-07
-7.690553e-07,9.430568e-05,-1.314152e-04,9.630917e-05,-1.583751e-06,-1.318096e-04,-2.131541e-06,-9.910764e-05,-1.318394e-04,-9.964847e-05,-7.140565e-07,-1.302894e-04,1.257535e-03,1.456025e-03,1.643219e-03,1.780877e-03,1.651018e-03,1.550622e-03,1.522986e-03,1.493615e-03,1.482092e-03,1.390937e-03,1.317974e-03,1.269319e-03,1.236015e-03,1.216596e-03,1.207175e-03,1.206629e-03,1.210674e-03,1.211591e-03,2.122187e-04,1.745673e-04,1.368761e-04,9.929143e-05,6.105698e-05,3.306537e-05,2.079436e-05,1.157226e-05,-1.852862e-06,-1.525480e-05,-2.609806e-05,-3.322493e-05,-3.771306e-05,-4.107438e-05,-4.335654e-05,-4.617781e-05,-4.980937e-05,-5.327985e-05,9.070596e-05,1.050027e-04,1.198362e-04,1.238395e-04,1.114735e-04,9.640940e-05,8.477075e-05,7.713973e-05,7.543444e-05,7.425460e-05,6.876793e-05,6.006314e-05,4.847966e-05,3.583868e-05,2.272982e-05,8.903607e-06,-4.469243e-06,-1.771615e-05,-1.300360e-05,-9.949514e-06,-6.888799e-06,-4.058852e-06,-1.278716e-06,-7.044033e-08,-9.626069e-07,-1.938069e-06,-1.686657e-06,-5.630437e-07,1.436948e-06,4.398097e-06,8.421511e-06,1.321626e-05,1.843855e-05,2.375288e-05,2.910656e-05,3.445799e-05,-2.268219e-05,-2.441841e-05,-2.629478e-05,-2.684540e-05,-2.532490e-05,-2.372442e-05,-2.268047e-05,-2.223485e-05,-2.262462e-05,-2.297466e-05,-2.270686e-05,-2.169573e-05,-1.973341e-05,-1.682823e-05,-1.297864e-05,-8.494823e-06,-3.716349e-06,1.043341e-06
-9.093321e-07,9.420995e-05,-1.331912e-04,9.699710e-05,-2.848075e-06,-1.327342e-04,-2.097161e-06,-1.007774e-04,-1.317887e-04,-1.002836e-04,-2.208309e-06,-1.311860e-04,1.286224e-03,1.429289e-03,1.568398e-03,1.651018e-03,1.781289e-03,1.646712e-03,1.578757e-03,1.511843e-03,1.480796e-03,1.379749e-03,1.308160e-03,1.266471e-03,1.243268e-03,1.234444e-03,1.236790e-03,1.246454e-03,1.259054e-03,1.268606e-03,7.138209e-05,5.008461e-05,2.874336e-05,7.537252e-06,-1.426655e-05,-2.530190e-05,-2.008479e-05,-1.370129e-05,-1.392504e-05,-1.598567e-05,-1.721009e-05,-1.629442e-05,-1.396388e-05,-1.142919e-05,-8.353948e-06,-5.964942e-06,-4.368706e-06,-2.611826e-06,8.733004e-05,8.948961e-05,9.193711e-05,8.626123e-05,6.805896e-05,5.101571e-05,4.093128e-05,3.756011e-05,4.207642e-05,4.841312e-05,5.119855e-05,5.139929e-05,4.917678e-05,4.623693e-05,4.330033e-05,3.994700e-05,3.719498e-05,3.456141e-05,-9.723062e-06,-7.222731e-06,-4.714071e-06,-2.426567e-06,-1.990353e-07,3.490246e-07,-1.320075e-06,-2.866353e-06,-2.909714e-06,-1.874324e-06,2.350277e-07,3.493998e-06,7.964045e-06,1.333246e-05,1.923439e-05,2.528144e-05,3.137477e-05,3.746521e-05,-1.574061e-05,-1.622161e-05,-1.680785e-05,-1.639747e-05,-1.432845e-05,-1.255522e-05,-1.162338e-05,-1.145594e-05,-1.220656e-05,-1.294179e-05,-1.304129e-05,-1.236456e-05,-1.068895e-05,-8.027262e-06,-4.406172e-06,-1.264076e-07,4.458822e-06,9.024518e-06
-4.732071e-07,9.340916e-05,-1.317419e-04,9.644360e-05,-2.616633e-06,-1.310042e-04,-1.438769e-06,-9.971057e-05,-1.307792e-04,-9.892316e-05,-1.916837e-06,-1.304613e-04,1.362313e-03,1.441133e-03,1.512117e-03,1.550622e-03,1.646712e-03,1.758092e-03,1.638866e-03,1.538327e-03,1.468337e-03,1.348595e-03,1.269971e-03,1.230549e-03,1.216802e-03,1.221304e-03,1.239259e-03,1.262823e-03,1.288241e-03,1.310699e-03,-5.507923e-05,-5.688436e-05,-5.872358e-05,-6.046174e-05,-6.261448e-05,-5.516980e-05,-3.241574e-05,-1.171503e-05,-1.725478e-06,3.433062e-06,6.955916e-06,1.064305e-05,1.434570e-05,1.728971e-05,2.027989e-05,2.254700e-05,2.404257e-05,2.569662e-05,3.727242e-05,4.164377e-05,4.622473e-05,4.366523e-05,3.012465e-05,1.772010e-05,1.200208e-05,1.323502e-05,2.294652e-05,3.485206e-05,4.363979e-05,5.029040e-05,5.486913e-05,5.900806e-05,6.351192e-05,6.780160e-05,7.278064e-05,7.787101e-05,-1.230492e-05,-1.068126e-05,-9.050319e-06,-7.624333e-06,-6.287869e-06,-6.484300e-06,-8.819304e-06,-1.070498e-05,-1.069834e-05,-9.411557e-06,-6.931314e-06,-3.224852e-06,1.726085e-06,7.585028e-06,1.396698e-05,2.046769e-05,2.700747e-05,3.354558e-05,-2.028622e-05,-2.034298e-05,-2.049356e-05,-1.976372e-05,-1.755332e-05,-1.558850e-05,-1.438764e-05,-1.397570e-05,-1.457620e-05,-1.524494e-05,-1.538223e-05,-1.484967e-05,-1.340053e-05,-1.102647e-05,-7.757686e-06,-3.865089e-06,3.180161e-07,4.483046e-06
1.330189e-06,9.552329e-05,-1.326165e-04,9.904748e-05,-1.299980e-06,-1.314856e-04,4.056390e-07,-9.967711e-05,-1.331905e-04,-9.870857e-05,-2.560934e-07,-1.331652e-04,1.469437e-03,1.503010e-03,1.529035e-03,1.522986e-03,1.578757e-03,1.638866e-03,1.779585e-03,1.641751e-03,1.527910e-03,1.363767e-03,1.258861e-03,1.208135e-03,1.195468e-03,1.209781e-03,1.243322e-03,1.284397e-03,1.330040e-03,1.372546e-03,-5.682235e-06,-2.259074e-06,1.143033e-06,4.594934e-06,7.827663e-06,1.834791e-05,4.052299e-05,5.631974e-05,5.724117e-05,5.159870e-05,4.373584e-05,3.593408e-05,2.814550e-05,1.967107e-05,1.145797e-05,2.785601e-06,-6.701235e-06,-1.602521e-05,-4.044038e-05,-2.487760e-05,-9.085305e-06,-3.713480e-07,-1.735781e-06,-2.653299e-06,1.851608e-06,1.245212e-05,3.099912e-05,5.000973e-05,6.416398e-05,7.477585e-05,8.211288e-05,8.809895e-05,9.383336e-05,9.887473e-05,1.043837e-04,1.100158e-04,-1.654985e-05,-1.631914e-05,-1.608314e-05,-1.603173e-05,-1.607850e-05,-1.731369e-05,-2.018143e-05,-2.205558e-05,-2.158793e-05,-1.978876e-05,-1.691007e-05,-1.294158e-05,-7.845088e-06,-1.967117e-06,4.299726e-06,1.059201e-05,1.692007e-05,2.324721e-05,-2.676925e-05,-2.660686e-05,-2.654201e-05,-2.560519e-05,-2.333766e-05,-2.127645e-05,-1.992766e-05,-1.944368e-05,-2.014026e-05,-2.093438e-05,-2.122396e-05,-2.089280e-05,-1.966880e-05,-1.753274e-05,-1.453444e-05,-1.093820e-05,-7.054424e-06,-3.187825e-06
1.652624e-06,9.448453e-05,-1.306749e-04,9.786991e-05,-9.242708e-07,-1.296477e-04,4.474269e-07,-9.794576e-05,-1.316091e-04,-9.736018e-05,2.957208e-07,-1.313954e-04,1.493802e-03,1.508973e-03,1.516416e-03,1.493615e-03,1.511843e-03,1.538327e-03,1.641751e-03,1.746616e-03,1.586962e-03,1.398252e-03,1.260198e-03,1.188361e-03,1.159778e-03,1.166352e-03,1.199367e-03,1.246394e-03,1.302318e-03,1.354876e-03,7.939854e-05,7.622490e-05,7.303647e-05,6.987340e-05,6.657511e-05,6.913005e-05,8.055453e-05,8.464984e-05,7.292021e-05,5.556257e-05,3.797286e-05,2.221664e-05,7.572318e-06,-6.961611e-06,-2.076511e-05,-3.486392e-05,-4.983164e-05,-6.463288e-05,-8.280236e-05,-5.927397e-05,-3.549139e-05,-1.875495e-05,-1.139656e-05,-3.663774e-06,9.092744e-06,2.771520e-05,5.440655e-05,7.932551e-05,9.591770e-05,1.059896e-04,1.104519e-04,1.118861e-04,1.118305e-04,1.102793e-04,1.088161e-04,1.074957e-04,-1.507823e-05,-1.529742e-05,-1.551235e-05,-1.590143e-05,-1.639714e-05,-1.786972e-05,-2.057175e-05,-2.213780e-05,-2.119840e-05,-1.903473e-05,-1.604635e-05,-1.220287e-05,-7.390135e-06,-1.921558e-06,3.843997e-06,9.590492e-06,1.537065e-05,2.114903e-05,-2.583546e-05,-2.589022e-05,-2.604477e-05,-2.533394e-05,-2.342050e-05,-2.174015e-05,-2.078011e-05,-2.074202e-05,-2.200700e-05,-2.319258e-05,-2.353183e-05,-2.297883e-05,-2.134597e-05,-1.868991e-05,-1.510585e-05,-1.089024e-05,-6.368616e-06,-1.865827e-06
-3.556131e-07,9.333975e-05,-1.285308e-04,9.463033e-05,-6.665746e-07,-1.293335e-04,-2.217617e-06,-9.633824e-05,-1.296822e-04,-9.767164e-05,3.424963e-07,-1.277335e-04,1.477841e-03,1.495519e-03,1.506183e-03,1.482092e-03,1.480796e-03,1.468337e-03,1.527910e-03,1.586962e-03,1.714387e-03,1.529436e-03,1.377485e-03,1.254427e-03,1.165798e-03,1.119269e-03,1.109175e-03,1.128913e-03,1.165119e-03,1.197447e-03,1.743927e-04,1.498461e-04,1.252862e-04,1.007453e-04,7.607359e-05,5.664353e-05,4.443801e-05,2.642840e-05,-4.320361e-06,-3.636131e-05,-6.337793e-05,-8.374295e-05,-9.968970e-05,-1.131381e-04,-1.248098e-04,-1.368685e-04,-1.499214e-04,-1.627957e-04,-1.076744e-04,-6.560022e-05,-2.325128e-05,1.187549e-05,3.705270e-05,6.072747e-05,8.629151e-05,1.134218e-04,1.432666e-04,1.640168e-04,1.677878e-04,1.578733e-04,1.374456e-04,1.109790e-04,8.057174e-05,4.722823e-05,1.333011e-05,-2.038296e-05,-2.948306e-06,-2.127459e-06,-1.302671e-06,-6.630843e-07,-1.604010e-07,-5.866714e-07,-2.047891e-06,-2.548581e-06,-8.344784e-07,1.697180e-06,4.547765e-06,7.753880e-06,1.159305e-05,1.586480e-05,2.035077e-05,2.483224e-05,2.934801e-05,3.385919e-05,-1.803193e-05,-1.982804e-05,-2.172290e-05,-2.277120e-05,-2.269836e-05,-2.283196e-05,-2.354276e-05,-2.489710e-05,-2.711780e-05,-2.852940e-05,-2.815428e-05,-2.614414e-05,-2.261668e-05,-1.784789e-05,-1.194582e-05,-5.299214e-06,1.700664e-06,8.676474e-06
-1.305528e-06,8.560669e-05,-1.207587e-04,8.701267e-05,-2.565121e-06,-1.211281e-04,-3.538565e-06,-9.115970e-05,-1.191781e-04,-9.165060e-05,-1.994877e-06,-1.179721e-04,1.371292e-03,1.393845e-03,1.410197e-03,1.390937e-03,1.379749e-03,1.348595e-03,1.363767e-03,1.398252e-03,1.529436e-03,1.644571e-03,1.485613e-03,1.328166e-03,1.159957e-03,1.033496e-03,9.443390e-04,9.024260e-04,8.854612e-04,8.642438e-04,2.736239e-04,2.240911e-04,1.745463e-04,1.250163e-04,7.536112e-05,3.014567e-05,-9.733872e-06,-5.509198e-05,-1.109213e-04,-1.652913e-04,-2.091807e-04,-2.393180e-04,-2.592712e-04,-2.724121e-04,-2.818149e-04,-2.915842e-04,-3.024399e-04,-3.131141e-04,-9.947828e-05,-4.695761e-05,5.833092e-06,5.169571e-05,8.778833e-05,1.210985e-04,1.536211e-04,1.838092e-04,2.114230e-04,2.241219e-04,2.112750e-04,1.769137e-04,1.271132e-04,6.816689e-05,2.368484e-06,-6.800410e-05,-1.397172e-04,-2.112028e-04,3.866812e-06,4.930855e-06,5.999542e-06,6.874635e-06,7.574717e-06,7.439622e-06,6.566897e-06,6.764435e-06,9.149425e-06,1.235562e-05,1.552630e-05,1.836853e-05,2.125593e-05,2.414711e-05,2.710965e-05,3.013751e-05,3.322539e-05,3.630351e-05,6.164274e-06,2.511104e-06,-1.232948e-06,-4.194431e-06,-6.147220e-06,-8.237778e-06,-1.068698e-05,-1.343799e-05,-1.655977e-05,-1.834762e-05,-1.744121e-05,-1.410423e-05,-8.840837e-06,-2.175248e-06,5.800460e-06,1.461551e-05,2.384285e-05,3.304056e-05
-1.479825e-06,7.892725e-05,-1.152020e-04,8.162699e-05,-4.917353e-06,-1.140651e-04,-3.366579e-06,-8.762497e-05,-1.102383e-04,-8.576352e-05,-4.678719e-06,-1.109853e-04,1.268069e-03,1.300757e-03,1.327760e-03,1.317974e-03,1.308160e-03,1.269971e-03,1.258861e-03,1.260198e-03,1.377485e-03,1.485613e-03,1.642313e-03,1.489411e-03,1.283896e-03,1.063922e-03,8.545635e-04,6.942816e-04,5.599005e-04,4.213762e-04,3.846116e-04,3.075883e-04,2.305538e-04,1.535310e-04,7.638790e-05,3.179019e-06,-6.547671e-05,-1.388447e-04,-2.197834e-04,-2.963364e-04,-3.571873e-04,-3.965970e-04,-4.178211e-04,-4.262993e-04,-4.283198e-04,-4.306630e-04,-4.340483e-04,-4.372651e-04,-4.531221e-05,-5.636649e-06,3.430544e-05,6.744242e-05,9.080289e-05,1.104260e-04,1.277168e-04,1.408973e-04,1.492007e-04,1.418783e-04,1.075393e-04,5.023520e-05,-2.238954e-05,-1.038751e-04,-1.930455e-04,-2.869701e-04,-3.823867e-04,-4.775707e-04,4.519631e-06,5.645685e-06,6.776488e-06,7.712047e-06,8.473243e-06,8.516905e-06,8.064043e-06,8.847665e-06,1.181438e-05,1.568329e-05,1.929134e-05,2.192881e-05,2.385675e-05,2.522626e-05,2.647548e-05,2.789521e-05,2.940805e-05,3.090834e-05,2.952372e-05,2.487435e-05,2.013922e-05,1.616387e-05,1.320205e-05,1.026625e-05,7.220340e-06,4.157442e-06,1.061925e-06,-6.051905e-07,6.176052e-07,4.442432e-06,1.015462e-05,1.714747e-05,2.545475e-05,3.456629e-05,4.410066e-05,5.360471e-05
-2.418398e-06,7.327554e-05,-1.125979e-04,7.770091e-05,-8.040373e-06,-1.097555e-04,-3.566364e-06,-8.656374e-05,-1.035805e-04,-8.215019e-05,-7.930043e-06,-1.063553e-04,1.185235e-03,1.230006e-03,1.269487e-03,1.269319e-03,1.266471e-03,1.230549e-03,1.208135e-03,1.188361e-03,1.254427e-03,1.328166e-03,1.489411e-03,1.654311e-03,1.462540e-03,1.206060e-03,8.883301e-04,5.996637e-04,3.219284e-04,4.138969e-05,4.205579e-04,3.338880e-04,2.472067e-04,1.605372e-04,7.373985e-05,-9.166628e-06,-8.712492e-05,-1.683771e-04,-2.542760e-04,-3.337608e-04,-3.961321e-04,-4.353766e-04,-4.513624e-04,-4.506046e-04,-4.418417e-04,-4.335638e-04,-4.260494e-04,-4.184022e-04,3.475848e-05,5.319288e-05,7.188974e-05,8.369189e-05,8.514105e-05,8.147120e-05,7.379142e-05,6.035021e-05,4.015410e-05,4.716758e-06,-5.546043e-05,-1.346364e-04,-2.238296e-04,-3.167957e-04,-4.140527e-04,-5.134472e-04,-6.132401e-04,-7.128681e-04,5.957602e-06,7.197281e-06,8.441878e-06,9.482121e-06,1.032142e-05,1.043277e-05,1.003562e-05,1.083950e-05,1.368791e-05,1.750009e-05,2.122957e-05,2.410508e-05,2.588204e-05,2.678156e-05,2.754047e-05,2.861834e-05,2.980086e-05,3.097332e-05,5.288547e-05,4.713825e-05,4.130787e-05,3.626063e-05,3.236305e-05,2.878767e-05,2.548958e-05,2.262245e-05,2.021886e-05,1.943056e-05,2.147845e-05,2.588023e-05,3.171341e-05,3.829771e-05,4.584154e-05,5.392950e-05,6.234842e-05,7.074517e-05
-1.526026e-06,7.049258e-05,-1.102893e-04,7.660528e-05,-8.713132e-06,-1.063232e-04,-2.155479e-06,-8.490411e-05,-1.005234e-04,-7.895149e-05,-8.356814e-06,-1.043917e-04,1.127294e-03,1.181122e-03,1.230078e-03,1.236015e-03,1.243268e-03,1.216802e-03,1.195468e-03,1.159778e-03,1.165798e-03,1.159957e-03,1.283896e-03,1.462540e-03,1.626447e-03,1.409436e-03,1.086513e-03,7.281800e-04,3.504570e-04,-2.850268e-05,3.086143e-04,2.401074e-04,1.715874e-04,1.030848e-04,3.442876e-05,-2.974274e-05,-8.720054e-05,-1.450794e-04,-2.037355e-04,-2.536402e-04,-2.862299e-04,-2.969272e-04,-2.848875e-04,-2.567601e-04,-2.218614e-04,-1.881184e-04,-1.545826e-04,-1.209736e-04,9.019416e-05,9.212265e-05,9.430462e-05,8.948228e-05,7.341935e-05,5.084965e-05,2.295441e-05,-1.170793e-05,-5.401598e-05,-1.099822e-04,-1.860167e-04,-2.745813e-04,-3.656100e-04,-4.520381e-04,-5.339909e-04,-6.118750e-04,-6.874484e-04,-7.630133e-04,-2.810852e-07,1.183940e-06,2.651882e-06,3.937079e-06,5.089832e-06,5.524724e-06,5.331664e-06,6.093246e-06,8.500953e-06,1.167742e-05,1.486647e-05,1.750264e-05,1.922935e-05,2.027421e-05,2.147519e-05,2.320223e-05,2.502883e-05,2.685471e-05,5.345735e-05,4.769034e-05,4.184022e-05,3.681530e-05,3.314831e-05,3.009102e-05,2.760162e-05,2.583533e-05,2.483458e-05,2.546163e-05,2.857327e-05,3.349935e-05,3.918666e-05,4.481870e-05,5.051003e-05,5.610374e-05,6.175305e-05,6.740297e-05
3.148109e-06,6.995907e-05,-1.084201e-04,7.952603e-05,-7.555256e-06,-1.021478e-04,2.935664e-06,-8.309610e-05,-1.007478e-04,-7.465553e-05,-6.406435e-06,-1.065206e-04,1.107224e-03,1.161340e-03,1.210771e-03,1.216596e-03,1.234444e-03,1.221304e-03,1.209781e-03,1.166352e-03,1.119269e-03,1.033496e-03,1.063922e-03,1.206060e-03,1.409436e-03,1.580311e-03,1.379187e-03,1.105994e-03,7.594090e-04,4.174454e-04,8.178635e-05,4.991283e-05,1.802389e-05,-1.383784e-05,-4.588549e-05,-7.241879e-05,-8.960562e-05,-1.033400e-04,-1.134004e-04,-1.115621e-04,-9.146858e-05,-4.987946e-05,1.336380e-05,9.094098e-05,1.736045e-04,2.550980e-04,3.371278e-04,4.191479e-04,1.004740e-04,9.626593e-05,9.229522e-05,8.139675e-05,5.887005e-05,2.981432e-05,-3.689016e-06,-4.201596e-05,-8.508824e-05,-1.364490e-04,-1.990065e-04,-2.649867e-04,-3.251812e-04,-3.725005e-04,-4.037023e-04,-4.227269e-04,-4.359787e-04,-4.494277e-04,-2.834884e-05,-2.736900e-05,-2.639072e-05,-2.552021e-05,-2.456710e-05,-2.418007e-05,-2.443578e-05,-2.393831e-05,-2.218845e-05,-1.997069e-05,-1.778352e-05,-1.594928e-05,-1.470383e-05,-1.374810e-05,-1.224721e-05,-1.004924e-05,-7.739970e-06,-5.419383e-06,2.922390e-05,2.517488e-05,2.103992e-05,1.778659e-05,1.613100e-05,1.527742e-05,1.502699e-05,1.539076e-05,1.626267e-05,1.821233e-05,2.167106e-05,2.600284e-05,3.036078e-05,3.394745e-05,3.636321e-05,3.779712e-05,3.891781e-05,4.007058e-05
7.104207e-06,7.291722e-05,-1.058150e-04,8.285258e-05,-3.119981e-06,-9.981411e-05,7.439315e-06,-7.981592e-05,-1.044980e-04,-7.214074e-05,-1.132152e-06,-1.095161e-04,1.123655e-03,1.167792e-03,1.206971e-03,1.207175e-03,1.236790e-03,1.239259e-03,1.243322e-03,1.199367e-03,1.109175e-03,9.443390e-04,8.545635e-04,8.883301e-04,1.086513e-03,1.379187e-03,1.720694e-03,1.710428e-03,1.623528e-03,1.534697e-03,-1.496002e-04,-1.412113e-04,-1.328406e-04,-1.244301e-04,-1.162336e-04,-1.013127e-04,-7.392541e-05,-3.867357e-05,5.077900e-06,6.466362e-05,1.445888e-04,2.475361e-04,3.738640e-04,5.163755e-04,6.664418e-04,8.189683e-04,9.729806e-04,1.126859e-03,5.692864e-05,5.036593e-05,4.401931e-05,3.112805e-05,7.361514e-06,-2.046471e-05,-4.796801e-05,-7.300290e-05,-9.303407e-05,-1.082522e-04,-1.170403e-04,-1.121317e-04,-8.624352e-05,-3.355009e-05,4.918802e-05,1.529142e-04,2.659114e-04,3.784579e-04,-5.654008e-05,-5.529772e-05,-5.406222e-05,-5.284111e-05,-5.125854e-05,-5.003516e-05,-4.949330e-05,-4.849195e-05,-4.675882e-05,-4.507532e-05,-4.374738e-05,-4.293672e-05,-4.283275e-05,-4.315996e-05,-4.318163e-05,-4.286956e-05,-4.247980e-05,-4.206060e-05,-2.484029e-05,-2.476998e-05,-2.478976e-05,-2.390085e-05,-2.128827e-05,-1.793612e-05,-1.432450e-05,-1.068484e-05,-7.364195e-06,-4.143829e-06,-1.168324e-06,9.788515e-07,1.726461e-06,4.424529e-07,-3.387660e-06,-9.085589e-06,-1.545442e-05,-2.175801e-05
1.060930e-05,7.927740e-05,-1.016364e-04,8.636075e-05,5.009439e-06,-9.858531e-05,1.152391e-05,-7.454253e-05,-1.117282e-04,-7.105764e-05,7.832677e-06,-1.131777e-04,1.166520e-03,1.193695e-03,1.215262e-03,1.206629e-03,1.246454e-03,1.262823e-03,1.284397e-03,1.246394e-03,1.128913e-03,9.024260e-04,6.942816e-04,5.996637e-04,7.281800e-04,1.105994e-03,1.710428e-03,2.365044e-03,2.740935e-03,3.158433e-03,-3.163876e-04,-2.772924e-04,-2.382171e-04,-1.990914e-04,-1.601905e-04,-1.135611e-04,-5.180312e-05,2.131661e-05,1.063591e-04,2.098697e-04,3.346901e-04,4.832967e-04,6.571048e-04,8.508039e-04,1.058146e-03,1.275864e-03,1.496293e-03,1.716411e-03,-3.516936e-05,-4.315793e-05,-5.094872e-05,-6.468169e-05,-8.753891e-05,-1.100817e-04,-1.248315e-04,-1.262833e-04,-1.085740e-04,-6.818127e-05,1.307525e-06,1.067572e-04,2.534816e-04,4.459982e-04,6.854013e-04,9.555152e-04,1.238439e-03,1.520596e-03,-8.713205e-05,-8.532637e-05,-8.353280e-05,-8.165020e-05,-7.909840e-05,-7.664477e-05,-7.489322e-05,-7.299846e-05,-7.093986e-05,-6.954814e-05,-6.897032e-05,-6.922711e-05,-7.052183e-05,-7.279201e-05,-7.560544e-05,-7.908543e-05,-8.258077e-05,-8.602047e-05,-1.119635e-04,-1.058580e-04,-9.984759e-05,-9.293589e-05,-8.432968e-05,-7.531964e-05,-6.675754e-05,-5.917669e-05,-5.319701e-05,-4.892955e-05,-4.711969e-05,-4.837082e-05,-5.302294e-05,-6.151524e-05,-7.419441e-05,-8.967448e-05,-1.061850e-04,-1.225931e-04
1.398546e-05,8.574602e-05,-9.835152e-05,9.038325e-05,1.277555e-05,-9.801581e-05,1.553533e-05,-6.977058e-05,-1.190975e-04,-7.042305e-05,1.647039e-05,-1.171246e-04,1.224518e-03,1.230622e-03,1.230211e-03,1.210674e-03,1.259054e-03,1.288241e-03,1.330040e-03,1.302318e-03,1.165119e-03,8.854612e-04,5.599005e-04,3.219284e-04,3.504570e-04,7.594090e-04,1.623528e-03,2.740935e-03,4.099487e-03,5.360194e-03,-4.485656e-04,-3.828161e-04,-3.170877e-04,-2.513001e-04,-1.857366e-04,-1.116355e-04,-2.021021e-05,8.500537e-05,2.036931e-04,3.409652e-04,4.973061e-04,6.743385e-04,8.741308e-04,1.094027e-03,1.331011e-03,1.584708e-03,1.842363e-03,2.099546e-03,-1.374706e-04,-1.460502e-04,-1.544503e-04,-1.680871e-04,-1.885419e-04,-2.033296e-04,-2.015688e-04,-1.741054e-04,-1.114371e-04,-6.227691e-06,1.528915e-04,3.725235e-04,6.560384e-04,1.006926e-03,1.424054e-03,1.883498e-03,2.360325e-03,2.836038e-03,-1.118758e-04,-1.099613e-04,-1.080634e-04,-1.059829e-04,-1.029652e-04,-9.982006e-05,-9.741647e-05,-9.516005e-05,-9.319017e-05,-9.230544e-05,-9.239299e-05,-9.324149e-05,-9.501457e-05,-9.793364e-05,-1.019351e-04,-1.074089e-04,-1.129881e-04,-1.184848e-04,-1.954063e-04,-1.829034e-04,-1.705022e-04,-1.572031e-04,-1.422580e-04,-1.272781e-04,-1.134734e-04,-1.016738e-04,-9.278218e-05,-8.723524e-05,-8.639570e-05,-9.092059e-05,-1.009560e-04,-1.168113e-04,-1.386829e-04,-1.644361e-04,-1.916675e-04,-2.187548e-04
