6.962776e-05,-1.680133e-06,7.770424e-07,4.259805e-05,-1.579966e-06,3.719643e-05,5.648322e-05,-1.923911e-06,-1.736841e-08,4.204363e-05,-1.149080e-06,-3.641565e-05,-1.880393e-06,-1.479141e-06,-1.029896e-06,-8.925388e-07,-1.055123e-06,-5.471765e-07,1.549838e-06,1.924354e-06,-4.108810e-07,-1.515434e-06,-1.718032e-06,-2.809253e-06,-1.771894e-06,3.662134e-06,8.261160e-06,1.233564e-05,1.626021e-05,1.972081e-05,-4.393938e-04,-4.377080e-04,-4.360198e-04,-4.343412e-04,-4.326271e-04,-4.305863e-04,-4.281600e-04,-4.249116e-04,-4.211466e-04,-4.167393e-04,-4.120929e-04,-4.076191e-04,-4.032126e-04,-3.986550e-04,-3.939455e-04,-3.892820e-04,-3.847494e-04,-3.801869e-04,9.051924e-06,9.887053e-06,1.072602e-05,1.155063e-05,1.224826e-05,1.293431e-05,1.338502e-05,1.363221e-05,1.359978e-05,1.321619e-05,1.286088e-05,1.264235e-05,1.289607e-05,1.367637e-05,1.464423e-05,1.566829e-05,1.685197e-05,1.804903e-05,-2.844264e-04,-3.004963e-04,-3.165762e-04,-3.322752e-04,-3.466924e-04,-3.588136e-04,-3.677094e-04,-3.732787e-04,-3.761318e-04,-3.771298e-04,-3.767506e-04,-3.748273e-04,-3.717709e-04,-3.684391e-04,-3.649776e-04,-3.609186e-04,-3.563065e-04,-3.517215e-04,-5.711806e-05,-5.147116e-05,-4.583811e-05,-3.999893e-05,-3.335872e-05,-2.555608e-05,-1.717399e-05,-9.852651e-06,-4.915795e-06,-2.225624e-06,-1.247775e-06,-9.997080e-07,-3.778090e-07,5.209021e-07,6.161440e-07,-2.888564e-07,-1.490939e-06,-2.658588e-06
-1.680133e-06,6.152385e-05,5.451820e-06,5.460255e-06,4.071358e-05,-9.990163e-06,-2.329445e-07,3.550484e-05,-1.901871e-05,-7.305249e-06,4.082893e-05,-8.684898e-06,1.067416e-04,1.086318e-04,1.108544e-04,1.096280e-04,1.095175e-04,1.085874e-04,1.110453e-04,1.098369e-04,1.085053e-04,9.951481e-05,9.174972e-05,8.517956e-05,8.194410e-05,8.132369e-05,8.476234e-05,9.215541e-05,9.967420e-05,1.066226e-04,1.721166e-05,1.642219e-05,1.563372e-05,1.484010e-05,1.405928e-05,1.392958e-05,1.456198e-05,1.510763e-05,1.488240e-05,1.395672e-05,1.256701e-05,1.083897e-05,8.887271e-06,6.673266e-06,4.104075e-06,1.170649e-06,-1.911267e-06,-4.965258e-06,-3.168203e-04,-3.129222e-04,-3.089705e-04,-3.053488e-04,-3.025886e-04,-2.998864e-04,-2.971409e-04,-2.943320e-04,-2.913645e-04,-2.886400e-04,-2.867782e-04,-2.854856e-04,-2.846900e-04,-2.843389e-04,-2.841571e-04,-2.839792e-04,-2.836713e-04,-2.833328e-04,-2.392040e-05,-1.837303e-05,-1.283457e-05,-7.152195e-06,-8.682261e-07,5.868850e-06,1.235864e-05,1.785691e-05,2.151645e-05,2.279506e-05,2.163342e-05,1.847311e-05,1.412862e-05,8.903243e-06,2.562895e-06,-4.643048e-06,-1.202454e-05,-1.937479e-05,1.007389e-04,1.096473e-04,1.185771e-04,1.265276e-04,1.326564e-04,1.360077e-04,1.360416e-04,1.324213e-04,1.259617e-04,1.170031e-04,1.067006e-04,9.569073e-05,8.501436e-05,7.574306e-05,6.803561e-05,6.108497e-05,5.415067e-05,4.719321e-05
7.770424e-07,5.451820e-06,6.798423e-05,-1.012284e-05,3.871785e-05,1.299249e-05,-5.982593e-07,1.945964e-05,-3.758327e-05,9.910384e-06,3.860848e-05,1.256109e-05,-1.461771e-04,-1.507681e-04,-1.537294e-04,-1.527696e-04,-1.548348e-04,-1.531501e-04,-1.541668e-04,-1.519094e-04,-1.494168e-04,-1.403821e-04,-1.339225e-04,-1.308956e-04,-1.282126e-04,-1.260403e-04,-1.230124e-04,-1.181554e-04,-1.143377e-04,-1.104767e-04,-1.498776e-05,-1.183362e-05,-8.675776e-06,-5.526957e-06,-2.337813e-06,3.264042e-07,1.873285e-06,3.374764e-06,5.267253e-06,6.792664e-06,7.687414e-06,7.823519e-06,7.388351e-06,6.570617e-06,5.251632e-06,3.653816e-06,2.067336e-06,4.776450e-07,-3.035756e-04,-3.033191e-04,-3.030492e-04,-3.017034e-04,-2.991376e-04,-2.960015e-04,-2.928881e-04,-2.899269e-04,-2.873078e-04,-2.844204e-04,-2.810313e-04,-2.771547e-04,-2.728737e-04,-2.685479e-04,-2.642001e-04,-2.596670e-04,-2.550644e-04,-2.504571e-04,-3.012438e-05,-2.546457e-05,-2.081408e-05,-1.597646e-05,-1.049619e-05,-4.297323e-06,2.033442e-06,7.449214e-06,1.093884e-05,1.212231e-05,1.099041e-05,7.979373e-06,3.835012e-06,-1.143128e-06,-7.155170e-06,-1.394715e-05,-2.090659e-05,-2.783861e-05,-9.173821e-04,-9.005644e-04,-8.836951e-04,-8.670564e-04,-8.514199e-04,-8.365286e-04,-8.227982e-04,-8.098851e-04,-7.974899e-04,-7.851091e-04,-7.734196e-04,-7.627183e-04,-7.527250e-04,-7.427682e-04,-7.326836e-04,-7.228401e-04,-7.133083e-04,-7.037478e-04
4.259805e-05,5.460255e-06,-1.012284e-05,6.448106e-05,-1.860727e-06,6.263933e-06,4.342992e-05,-8.495375e-06,-8.500309e-06,3.763261e-05,-1.814752e-06,-1.985674e-05,1.071552e-04,1.102341e-04,1.127869e-04,1.119566e-04,1.127574e-04,1.121149e-04,1.151422e-04,1.137727e-04,1.100060e-04,1.011503e-04,9.488958e-05,9.032563e-05,8.905215e-05,9.244794e-05,9.631521e-05,1.003934e-04,1.050694e-04,1.091507e-04,-3.157167e-04,-3.170574e-04,-3.183975e-04,-3.197430e-04,-3.210744e-04,-3.216442e-04,-3.210894e-04,-3.198645e-04,-3.186486e-04,-3.169696e-04,-3.149114e-04,-3.126760e-04,-3.102402e-04,-3.075456e-04,-3.045894e-04,-3.016397e-04,-2.988539e-04,-2.960326e-04,6.748032e-06,9.720100e-06,1.271189e-05,1.509176e-05,1.648470e-05,1.759196e-05,1.854051e-05,1.940915e-05,2.025235e-05,2.056915e-05,2.028353e-05,1.960173e-05,1.885058e-05,1.825203e-05,1.766935e-05,1.700962e-05,1.647202e-05,1.595395e-05,2.141411e-04,1.962429e-04,1.783238e-04,1.604193e-04,1.431446e-04,1.271198e-04,1.132787e-04,1.011510e-04,9.057452e-05,8.156604e-05,7.512088e-05,7.199214e-05,7.200236e-05,7.406964e-05,7.728658e-05,8.137463e-05,8.592369e-05,9.043049e-05,-2.671936e-05,-2.112935e-05,-1.555872e-05,-9.749383e-06,-3.156818e-06,4.030412e-06,1.108107e-05,1.708315e-05,2.101413e-05,2.241447e-05,2.123025e-05,1.792785e-05,1.332335e-05,7.700800e-06,8.395452e-07,-6.962109e-06,-1.495715e-05,-2.292212e-05
-1.579966e-06,4.071358e-05,3.871785e-05,-1.860727e-06,6.947348e-05,-6.338925e-07,-9.362695e-07,4.083487e-05,-3.809302e-05,-5.004520e-07,5.640009e-05,7.497624e-07,7.802587e-07,-8.364800e-07,-1.172263e-06,-1.842808e-06,-3.312306e-06,-3.042584e-06,-1.511774e-06,-1.075502e-06,-7.765854e-07,-2.984560e-06,-5.719346e-06,-9.350124e-06,-1.013281e-05,-8.787275e-06,-3.631624e-06,5.817977e-06,1.484480e-05,2.346033e-05,8.744406e-06,9.984840e-06,1.122832e-05,1.246226e-05,1.373089e-05,1.523538e-05,1.672022e-05,1.812994e-05,1.917156e-05,1.943015e-05,1.894173e-05,1.774955e-05,1.606982e-05,1.397931e-05,1.132534e-05,8.231243e-06,5.029984e-06,1.848451e-06,-4.405983e-04,-4.373745e-04,-4.340977e-04,-4.304185e-04,-4.266790e-04,-4.226109e-04,-4.184896e-04,-4.143950e-04,-4.103765e-04,-4.063923e-04,-4.028186e-04,-3.994179e-04,-3.961791e-04,-3.932732e-04,-3.905173e-04,-3.876714e-04,-3.846941e-04,-3.816906e-04,-3.991867e-05,-3.087536e-05,-2.180311e-05,-1.298290e-05,-4.039748e-06,5.403207e-06,1.460124e-05,2.231566e-05,2.732792e-05,2.861959e-05,2.599950e-05,2.060040e-05,1.428810e-05,7.975675e-06,1.435943e-06,-5.345356e-06,-1.205705e-05,-1.875468e-05,-4.607352e-04,-4.452400e-04,-4.297370e-04,-4.146820e-04,-4.009516e-04,-3.896211e-04,-3.815625e-04,-3.768428e-04,-3.746898e-04,-3.741678e-04,-3.745908e-04,-3.761323e-04,-3.785269e-04,-3.809727e-04,-3.833362e-04,-3.861354e-04,-3.894121e-04,-3.926620e-04
3.719643e-05,-9.990163e-06,1.299249e-05,6.263933e-06,-6.338925e-07,6.714445e-05,3.806575e-05,9.016049e-06,1.327744e-05,1.797299e-05,-3.811665e-07,-3.562248e-05,-1.490259e-04,-1.522567e-04,-1.547019e-04,-1.532258e-04,-1.543012e-04,-1.522896e-04,-1.528489e-04,-1.507121e-04,-1.503469e-04,-1.408083e-04,-1.325976e-04,-1.275879e-04,-1.235981e-04,-1.187441e-04,-1.160313e-04,-1.146028e-04,-1.139408e-04,-1.132770e-04,-3.171113e-04,-3.126145e-04,-3.081145e-04,-3.036236e-04,-2.990919e-04,-2.949961e-04,-2.916920e-04,-2.877384e-04,-2.826744e-04,-2.768921e-04,-2.709597e-04,-2.653277e-04,-2.599433e-04,-2.545445e-04,-2.491602e-04,-2.437832e-04,-2.384116e-04,-2.330367e-04,1.259360e-05,1.005676e-05,7.498876e-06,5.731500e-06,5.044119e-06,4.679200e-06,4.076999e-06,3.152163e-06,1.669880e-06,1.371218e-07,-7.098744e-07,-9.515069e-07,-4.458283e-07,6.203132e-07,1.901226e-06,3.329742e-06,4.838248e-06,6.344053e-06,-7.975644e-04,-8.040786e-04,-8.105807e-04,-8.164616e-04,-8.211466e-04,-8.229856e-04,-8.210866e-04,-8.153514e-04,-8.065756e-04,-7.948573e-04,-7.812823e-04,-7.660200e-04,-7.495567e-04,-7.327278e-04,-7.158873e-04,-6.988574e-04,-6.815784e-04,-6.642975e-04,-2.878969e-05,-2.344549e-05,-1.809937e-05,-1.271542e-05,-6.889505e-06,-5.455086e-07,5.728853e-06,1.113487e-05,1.481977e-05,1.623635e-05,1.525794e-05,1.231421e-05,8.137707e-06,3.027012e-06,-3.189595e-06,-1.023896e-05,-1.748668e-05,-2.470757e-05
5.648322e-05,-2.329445e-07,-5.982593e-07,4.342992e-05,-9.362695e-07,3.806575e-05,7.203677e-05,1.930368e-07,1.383124e-06,4.307150e-05,-4.793922e-07,-3.704328e-05,-3.973011e-06,-3.393209e-06,-2.745418e-06,-2.475925e-06,-2.435463e-06,-1.669134e-06,4.755051e-07,5.237242e-07,-2.575059e-06,-4.110944e-06,-3.910968e-06,-4.143331e-06,-2.503239e-06,3.415447e-06,8.650900e-06,1.339894e-05,1.806188e-05,2.219262e-05,-4.454729e-04,-4.442493e-04,-4.430232e-04,-4.418074e-04,-4.405538e-04,-4.389253e-04,-4.368426e-04,-4.337759e-04,-4.300021e-04,-4.254030e-04,-4.204131e-04,-4.154997e-04,-4.106492e-04,-4.056421e-04,-4.004860e-04,-3.953694e-04,-3.904020e-04,-3.854015e-04,5.671883e-06,6.548577e-06,7.429155e-06,8.298108e-06,9.018081e-06,9.708418e-06,1.012273e-05,1.025780e-05,9.999946e-06,9.216221e-06,8.260622e-06,7.282192e-06,6.656172e-06,6.471556e-06,6.442359e-06,6.462675e-06,6.653116e-06,6.860823e-06,-2.897195e-04,-3.060821e-04,-3.224549e-04,-3.384382e-04,-3.531112e-04,-3.654423e-04,-3.744914e-04,-3.801638e-04,-3.830923e-04,-3.841587e-04,-3.838506e-04,-3.819944e-04,-3.790047e-04,-3.757569e-04,-3.724077e-04,-3.684727e-04,-3.639763e-04,-3.595064e-04,-2.844507e-05,-1.836648e-05,-8.302089e-06,1.963862e-06,1.316158e-05,2.470676e-05,3.530531e-05,4.417172e-05,4.996107e-05,5.113282e-05,4.692448e-05,3.762319e-05,2.436649e-05,8.086408e-06,-1.069771e-05,-3.099138e-05,-5.155557e-05,-7.207194e-05
-1.923911e-06,3.550484e-05,1.945964e-05,-8.495375e-06,4.083487e-05,9.016049e-06,1.930368e-07,6.220662e-05,-4.639162e-06,6.884818e-06,4.079645e-05,1.010883e-05,-1.093325e-04,-1.131203e-04,-1.155056e-04,-1.152072e-04,-1.171489e-04,-1.159088e-04,-1.158697e-04,-1.138568e-04,-1.119882e-04,-1.059688e-04,-1.018601e-04,-1.006269e-04,-9.869836e-05,-9.659715e-05,-9.278426e-05,-8.665450e-05,-8.110797e-05,-7.560947e-05,1.756614e-06,3.427377e-06,5.101729e-06,6.766311e-06,8.471873e-06,9.941952e-06,1.080973e-05,1.187161e-05,1.332428e-05,1.439795e-05,1.484712e-05,1.458602e-05,1.386178e-05,1.281984e-05,1.133377e-05,9.594829e-06,7.841118e-06,6.089601e-06,-3.078658e-04,-3.079777e-04,-3.080764e-04,-3.073232e-04,-3.057199e-04,-3.037593e-04,-3.019480e-04,-3.003806e-04,-2.992004e-04,-2.979806e-04,-2.966907e-04,-2.952609e-04,-2.937285e-04,-2.923710e-04,-2.911084e-04,-2.897401e-04,-2.883198e-04,-2.868914e-04,-2.353163e-05,-1.831727e-05,-1.311243e-05,-7.734238e-06,-1.741149e-06,4.884817e-06,1.150712e-05,1.709793e-05,2.065035e-05,2.175348e-05,2.039597e-05,1.702836e-05,1.244462e-05,6.962037e-06,3.485582e-07,-7.131821e-06,-1.479770e-05,-2.243213e-05,1.148310e-04,1.209936e-04,1.271159e-04,1.330041e-04,1.382392e-04,1.412101e-04,1.410906e-04,1.375606e-04,1.313252e-04,1.232356e-04,1.146191e-04,1.051546e-04,9.447639e-05,8.278145e-05,7.008643e-05,5.630996e-05,4.191288e-05,2.754758e-05
-1.736841e-08,-1.901871e-05,-3.758327e-05,-8.500309e-06,-3.809302e-05,1.327744e-05,1.383124e-06,-4.639162e-06,6.741535e-05,9.834212e-06,-3.821081e-05,1.269941e-05,-1.514311e-04,-1.531899e-04,-1.552152e-04,-1.532573e-04,-1.531994e-04,-1.520267e-04,-1.548300e-04,-1.529907e-04,-1.507500e-04,-1.385383e-04,-1.281456e-04,-1.204061e-04,-1.168521e-04,-1.171128e-04,-1.214722e-04,-1.298766e-04,-1.384425e-04,-1.464275e-04,-1.048236e-05,-1.027108e-05,-1.006001e-05,-9.846448e-06,-9.635056e-06,-1.017435e-05,-1.155891e-05,-1.261892e-05,-1.260022e-05,-1.181939e-05,-1.064721e-05,-9.276396e-06,-7.733834e-06,-5.948219e-06,-3.836685e-06,-1.348308e-06,1.290848e-06,3.901183e-06,3.111204e-04,3.057089e-04,3.002264e-04,2.951911e-04,2.911620e-04,2.870270e-04,2.825675e-04,2.778245e-04,2.727170e-04,2.677543e-04,2.636122e-04,2.599724e-04,2.567489e-04,2.538302e-04,2.510573e-04,2.482953e-04,2.454014e-04,2.424774e-04,2.747020e-05,2.225300e-05,1.704421e-05,1.169452e-05,5.741843e-06,-6.549531e-07,-6.821623e-06,-1.210383e-05,-1.572393e-05,-1.713939e-05,-1.628189e-05,-1.356647e-05,-9.757429e-06,-5.138855e-06,4.888379e-07,6.899258e-06,1.346861e-05,2.001023e-05,9.123078e-04,8.972762e-04,8.822475e-04,8.668724e-04,8.516171e-04,8.368600e-04,8.232390e-04,8.104163e-04,7.981908e-04,7.856028e-04,7.731159e-04,7.614334e-04,7.508613e-04,7.411291e-04,7.321415e-04,7.240253e-04,7.164202e-04,7.087677e-04
4.204363e-05,-7.305249e-06,9.910384e-06,3.763261e-05,-5.004520e-07,1.797299e-05,4.307150e-05,6.884818e-06,9.834212e-06,6.649416e-05,-1.462547e-07,-3.890265e-06,-1.133386e-04,-1.154214e-04,-1.169911e-04,-1.158343e-04,-1.165731e-04,-1.149914e-04,-1.147417e-04,-1.131739e-04,-1.135360e-04,-1.065367e-04,-9.969302e-05,-9.549283e-05,-9.177467e-05,-8.678063e-05,-8.385729e-05,-8.259841e-05,-8.186093e-05,-8.128459e-05,-3.200411e-04,-3.196691e-04,-3.192939e-04,-3.189291e-04,-3.185205e-04,-3.182757e-04,-3.183579e-04,-3.175355e-04,-3.156016e-04,-3.129201e-04,-3.100584e-04,-3.074780e-04,-3.050965e-04,-3.026363e-04,-3.001017e-04,-2.975166e-04,-2.949833e-04,-2.924366e-04,4.674044e-06,3.438707e-06,2.181827e-06,1.476805e-06,1.495670e-06,1.677020e-06,1.555379e-06,1.120465e-06,2.102225e-07,-8.858955e-07,-1.620558e-06,-2.001386e-06,-1.812355e-06,-1.164375e-06,-3.323931e-07,6.143405e-07,1.666870e-06,2.721745e-06,2.525591e-04,2.385493e-04,2.245176e-04,2.105208e-04,1.972739e-04,1.846734e-04,1.730544e-04,1.624686e-04,1.525535e-04,1.418578e-04,1.302072e-04,1.177277e-04,1.043118e-04,8.987480e-05,7.504090e-05,6.068108e-05,4.683811e-05,3.296558e-05,-3.343196e-05,-2.730981e-05,-2.118851e-05,-1.500967e-05,-8.346499e-06,-1.181277e-06,5.821950e-06,1.178240e-05,1.575047e-05,1.714061e-05,1.582403e-05,1.226983e-05,7.299298e-06,1.240497e-06,-6.119985e-06,-1.447345e-05,-2.305854e-05,-3.161182e-05
-1.149080e-06,4.082893e-05,3.860848e-05,-1.814752e-06,5.640009e-05,-3.811665e-07,-4.793922e-07,4.079645e-05,-3.821081e-05,-1.462547e-07,6.952341e-05,1.384769e-07,3.780241e-06,1.392559e-06,3.377214e-07,-8.310908e-07,-2.567973e-06,-2.228567e-06,-2.977400e-07,3.433337e-07,3.971388e-07,-2.320930e-06,-5.441199e-06,-9.221144e-06,-9.717931e-06,-7.451196e-06,-1.320298e-06,9.100365e-06,1.914030e-05,2.881950e-05,5.758067e-06,6.973078e-06,8.191174e-06,9.399820e-06,1.064338e-05,1.217360e-05,1.376114e-05,1.534441e-05,1.662165e-05,1.713263e-05,1.688536e-05,1.592552e-05,1.447363e-05,1.261203e-05,1.019316e-05,7.347841e-06,4.405434e-06,1.481818e-06,-4.407448e-04,-4.375764e-04,-4.343534e-04,-4.306846e-04,-4.269086e-04,-4.227524e-04,-4.185028e-04,-4.142818e-04,-4.101742e-04,-4.061385e-04,-4.025634e-04,-3.991820e-04,-3.959574e-04,-3.930337e-04,-3.902790e-04,-3.874478e-04,-3.845009e-04,-3.815318e-04,-3.938721e-05,-3.313447e-05,-2.693769e-05,-2.006085e-05,-1.162411e-05,-2.187726e-06,7.135701e-06,1.513791e-05,2.045960e-05,2.277007e-05,2.211921e-05,1.860785e-05,1.259426e-05,4.029606e-06,-7.437234e-06,-2.107406e-05,-3.530594e-05,-4.946840e-05,-4.606476e-04,-4.451180e-04,-4.295809e-04,-4.144871e-04,-4.007066e-04,-3.893176e-04,-3.812017e-04,-3.764378e-04,-3.742670e-04,-3.737627e-04,-3.742440e-04,-3.758817e-04,-3.784030e-04,-3.810019e-04,-3.835458e-04,-3.865457e-04,-3.900300e-04,-3.934868e-04
-3.641565e-05,-8.684898e-06,1.256109e-05,-1.985674e-05,7.497624e-07,-3.562248e-05,-3.704328e-05,1.010883e-05,1.269941e-05,-3.890265e-06,1.384769e-07,6.436291e-05,-1.466066e-04,-1.499621e-04,-1.527212e-04,-1.514593e-04,-1.525030e-04,-1.516616e-04,-1.548055e-04,-1.527471e-04,-1.484892e-04,-1.371410e-04,-1.290189e-04,-1.236366e-04,-1.213543e-04,-1.238296e-04,-1.273120e-04,-1.315685e-04,-1.361566e-04,-1.400944e-04,2.869828e-04,2.862246e-04,2.854666e-04,2.847115e-04,2.839526e-04,2.823615e-04,2.796154e-04,2.764963e-04,2.737405e-04,2.706742e-04,2.672350e-04,2.635680e-04,2.597932e-04,2.558954e-04,2.518570e-04,2.479284e-04,2.441744e-04,2.403837e-04,-2.175763e-08,-2.654832e-06,-5.323281e-06,-7.247958e-06,-8.017013e-06,-8.640154e-06,-9.373653e-06,-1.023629e-05,-1.127679e-05,-1.186281e-05,-1.180056e-05,-1.134455e-05,-1.080542e-05,-1.046517e-05,-1.019487e-05,-9.897413e-06,-9.759735e-06,-9.646095e-06,7.797697e-04,7.841556e-04,7.885286e-04,7.923246e-04,7.949174e-04,7.952323e-04,7.927235e-04,7.865896e-04,7.774126e-04,7.660741e-04,7.541934e-04,7.422047e-04,7.305435e-04,7.196764e-04,7.093697e-04,6.990310e-04,6.884147e-04,6.777917e-04,3.368665e-05,2.877064e-05,2.387629e-05,1.873040e-05,1.283327e-05,6.414416e-06,1.454061e-07,-5.173960e-06,-8.665737e-06,-9.997047e-06,-9.162867e-06,-6.554985e-06,-2.868359e-06,1.648999e-06,7.176894e-06,1.347983e-05,1.994504e-05,2.638507e-05
-1.880393e-06,1.067416e-04,-1.461771e-04,1.071552e-04,7.802587e-07,-1.490259e-04,-3.973011e-06,-1.093325e-04,-1.514311e-04,-1.133386e-04,3.780241e-06,-1.466066e-04,4.616195e-03,2.995098e-03,1.880369e-03,1.461811e-03,1.495166e-03,1.583625e-03,1.708159e-03,1.736480e-03,1.717922e-03,1.594058e-03,1.474064e-03,1.377772e-03,1.310419e-03,1.287090e-03,1.306192e-03,1.356023e-03,1.423446e-03,1.486575e-03,4.378577e-04,3.898349e-04,3.418279e-04,2.936223e-04,2.449851e-04,1.999785e-04,1.639301e-04,1.293592e-04,9.087836e-05,5.414898e-05,2.191003e-05,-4.909090e-06,-2.796591e-05,-4.906041e-05,-6.856179e-05,-8.840222e-05,-1.093465e-04,-1.300910e-04,-1.181557e-03,-9.372075e-04,-6.908258e-04,-4.731334e-04,-2.980750e-04,-1.577040e-04,-4.710944e-05,3.865659e-05,1.046752e-04,1.487094e-04,1.704709e-04,1.752478e-04,1.671171e-04,1.518024e-04,1.323978e-04,1.098847e-04,8.682420e-05,6.396655e-05,-2.309594e-05,-1.892347e-05,-1.475583e-05,-1.096168e-05,-7.522389e-06,-4.956177e-06,-3.793318e-06,-2.774413e-06,-8.645939e-07,1.410557e-06,4.071302e-06,7.235460e-06,1.105486e-05,1.523080e-05,1.946790e-05,2.350955e-05,2.752354e-05,3.153861e-05,-1.875249e-05,-3.327936e-05,-4.816129e-05,-5.960306e-05,-6.627336e-05,-6.972480e-05,-7.079005e-05,-7.039040e-05,-6.929497e-05,-6.690387e-05,-6.307309e-05,-5.805907e-05,-5.195187e-05,-4.499407e-05,-3.720925e-05,-2.885629e-05,-2.020210e-05,-1.156563e-05
-1.479141e-06,1.086318e-04,-1.507681e-04,1.102341e-04,-8.364800e-07,-1.522567e-04,-3.393209e-06,-1.131203e-04,-1.531899e-04,-1.154214e-04,1.392559e-06,-1.499621e-04,2.995098e-03,2.541832e-03,1.963135e-03,1.692569e-03,1.661494e-03,1.675268e-03,1.747201e-03,1.754128e-03,1.738484e-03,1.620287e-03,1.512074e-03,1.429828e-03,1.373003e-03,1.350009e-03,1.357512e-03,1.387624e-03,1.430553e-03,1.469415e-03,3.497786e-04,3.062383e-04,2.626930e-04,2.190612e-04,1.748849e-04,1.371172e-04,1.111233e-04,8.670567e-05,5.736130e-05,2.864575e-05,3.556882e-06,-1.666197e-05,-3.343921e-05,-4.853464e-05,-6.216362e-05,-7.623703e-05,-9.135866e-05,-1.062838e-04,-6.665109e-04,-5.109158e-04,-3.537741e-04,-2.193273e-04,-1.184916e-04,-4.027971e-05,2.106827e-05,6.898533e-05,1.075588e-04,1.329681e-04,1.428514e-04,1.409387e-04,1.298827e-04,1.140163e-04,9.546600e-05,7.469628e-05,5.380717e-05,3.309967e-05,-1.671453e-05,-1.316453e-05,-9.614187e-06,-6.393150e-06,-3.426119e-06,-1.661427e-06,-1.608726e-06,-1.591399e-06,-3.792779e-07,1.528728e-06,4.131436e-06,7.520912e-06,1.182027e-05,1.670575e-05,2.183918e-05,2.690417e-05,3.197223e-05,3.703954e-05,-1.355849e-05,-2.367533e-05,-3.408301e-05,-4.173263e-05,-4.547653e-05,-4.714654e-05,-4.752863e-05,-4.722540e-05,-4.683767e-05,-4.561421e-05,-4.321238e-05,-3.972975e-05,-3.512880e-05,-2.957006e-05,-2.306642e-05,-1.591514e-05,-8.438034e-06,-9.808144e-07
-1.029896e-06,1.108544e-04,-1.537294e-04,1.127869e-04,-1.172263e-06,-1.547019e-04,-2.745418e-06,-1.155056e-04,-1.552152e-04,-1.169911e-04,3.377214e-07,-1.527212e-04,1.880369e-03,1.963135e-03,2.082827e-03,1.910197e-03,1.823224e-03,1.757801e-03,1.777468e-03,1.762793e-03,1.750893e-03,1.639307e-03,1.543475e-03,1.475735e-03,1.429926e-03,1.407484e-03,1.403068e-03,1.412707e-03,1.430085e-03,1.443649e-03,2.501360e-04,2.126415e-04,1.751206e-04,1.376251e-04,9.947558e-05,7.045755e-05,5.579859e-05,4.256838e-05,2.314841e-05,2.975464e-06,-1.464898e-05,-2.810287e-05,-3.852309e-05,-4.759498e-05,-5.536197e-05,-6.368892e-05,-7.300256e-05,-8.212368e-05,-1.396363e-04,-7.538586e-05,-1.008707e-05,3.835502e-05,6.224292e-05,7.577889e-05,8.562978e-05,9.374569e-05,1.032601e-04,1.087984e-04,1.059044e-04,9.668429e-05,8.230683e-05,6.563507e-05,4.776608e-05,2.862229e-05,9.810829e-06,-8.841766e-06,-1.337388e-05,-1.020381e-05,-7.028882e-06,-4.145410e-06,-1.416314e-06,-2.195272e-07,-1.043804e-06,-1.818003e-06,-1.145191e-06,4.931030e-07,3.067618e-06,6.650008e-06,1.135167e-05,1.683109e-05,2.270158e-05,2.859881e-05,3.452205e-05,4.044393e-05,-2.235103e-05,-2.735876e-05,-3.259090e-05,-3.574711e-05,-3.591893e-05,-3.526539e-05,-3.455103e-05,-3.405587e-05,-3.419426e-05,-3.403997e-05,-3.303367e-05,-3.111031e-05,-2.809388e-05,-2.403923e-05,-1.893968e-05,-1.313548e-05,-6.996644e-06,-8.787988e-07
-8.925388e-07,1.096280e-04,-1.527696e-04,1.119566e-04,-1.842808e-06,-1.532258e-04,-2.475925e-06,-1.152072e-04,-1.532573e-04,-1.158343e-04,-8.310908e-07,-1.514593e-04,1.461811e-03,1.692569e-03,1.910197e-03,2.070241e-03,1.919288e-03,1.802579e-03,1.770453e-03,1.736302e-03,1.722901e-03,1.616932e-03,1.532112e-03,1.475553e-03,1.436840e-03,1.414268e-03,1.403318e-03,1.402684e-03,1.407386e-03,1.408453e-03,2.466551e-04,2.028881e-04,1.590750e-04,1.153856e-04,7.094094e-05,3.840388e-05,2.414262e-05,1.342597e-05,-2.176813e-06,-1.775280e-05,-3.035441e-05,-3.863571e-05,-4.384936e-05,-4.775304e-05,-5.040211e-05,-5.367789e-05,-5.789562e-05,-6.192608e-05,1.055088e-04,1.221218e-04,1.393587e-04,1.440061e-04,1.296248e-04,1.121077e-04,9.857363e-05,8.969935e-05,8.771490e-05,8.634242e-05,7.996409e-05,6.984530e-05,5.638046e-05,4.168652e-05,2.644879e-05,1.037718e-05,-5.167378e-06,-2.056555e-05,-1.510726e-05,-1.155860e-05,-8.002248e-06,-4.714166e-06,-1.483953e-06,-8.094243e-08,-1.119353e-06,-2.254073e-06,-1.962038e-06,-6.556326e-07,1.669933e-06,5.113113e-06,9.791300e-06,1.536622e-05,2.143823e-05,2.761731e-05,3.384216e-05,4.006439e-05,-2.630008e-05,-2.831945e-05,-3.050175e-05,-3.114289e-05,-2.937624e-05,-2.751642e-05,-2.630334e-05,-2.578567e-05,-2.623912e-05,-2.664645e-05,-2.633563e-05,-2.516077e-05,-2.288022e-05,-1.950371e-05,-1.502945e-05,-9.817973e-06,-4.263967e-06,1.268203e-06
-1.055123e-06,1.095175e-04,-1.548348e-04,1.127574e-04,-3.312306e-06,-1.543012e-04,-2.435463e-06,-1.171489e-04,-1.531994e-04,-1.165731e-04,-2.567973e-06,-1.525030e-04,1.495166e-03,1.661494e-03,1.823224e-03,1.919288e-03,2.070740e-03,1.914297e-03,1.835299e-03,1.757503e-03,1.721405e-03,1.603935e-03,1.520712e-03,1.472251e-03,1.445281e-03,1.435026e-03,1.437755e-03,1.448989e-03,1.463639e-03,1.474743e-03,8.292514e-05,5.816999e-05,3.336395e-05,8.715013e-06,-1.662869e-05,-2.945366e-05,-2.338445e-05,-1.595911e-05,-1.621494e-05,-1.860634e-05,-2.002580e-05,-1.895740e-05,-1.624411e-05,-1.329347e-05,-9.714353e-06,-6.932976e-06,-5.073182e-06,-3.026639e-06,1.015824e-04,1.040858e-04,1.069239e-04,1.003190e-04,7.915302e-05,5.933517e-05,4.760794e-05,4.368591e-05,4.893432e-05,5.630007e-05,5.953829e-05,5.977241e-05,5.718990e-05,5.377371e-05,5.036142e-05,4.646474e-05,4.326708e-05,4.020712e-05,-1.129762e-05,-8.392948e-06,-5.478599e-06,-2.821339e-06,-2.337415e-07,4.015881e-07,-1.540147e-06,-3.338532e-06,-3.389212e-06,-2.185365e-06,2.673709e-07,4.056854e-06,9.254389e-06,1.549636e-05,2.235866e-05,2.938974e-05,3.647464e-05,4.355618e-05,-1.823407e-05,-1.879408e-05,-1.947640e-05,-1.900022e-05,-1.659576e-05,-1.453497e-05,-1.345209e-05,-1.325772e-05,-1.413059e-05,-1.498568e-05,-1.510185e-05,-1.431578e-05,-1.236857e-05,-9.275169e-06,-5.066585e-06,-9.236020e-08,5.236962e-06,1.054358e-05
-5.471765e-07,1.085874e-04,-1.531501e-04,1.121149e-04,-3.042584e-06,-1.522896e-04,-1.669134e-06,-1.159088e-04,-1.520267e-04,-1.149914e-04,-2.228567e-06,-1.516616e-04,1.583625e-03,1.675268e-03,1.757801e-03,1.802579e-03,1.914297e-03,2.043785e-03,1.905182e-03,1.788297e-03,1.706926e-03,1.567723e-03,1.476322e-03,1.430495e-03,1.414518e-03,1.419755e-03,1.440629e-03,1.468023e-03,1.497572e-03,1.523682e-03,-6.409346e-05,-6.618870e-05,-6.832357e-05,-7.034097e-05,-7.284024e-05,-6.418211e-05,-3.772608e-05,-1.365684e-05,-2.039594e-06,3.961378e-06,8.060705e-06,1.235099e-05,1.665939e-05,2.008590e-05,2.356616e-05,2.620586e-05,2.794865e-05,2.987567e-05,4.338417e-05,4.845892e-05,5.377732e-05,5.079546e-05,3.504886e-05,2.062370e-05,1.397265e-05,1.540314e-05,2.669122e-05,4.053098e-05,5.074708e-05,5.847933e-05,6.380340e-05,6.861643e-05,7.385379e-05,7.884222e-05,8.463204e-05,9.055127e-05,-1.430889e-05,-1.242349e-05,-1.052963e-05,-8.874013e-06,-7.322385e-06,-7.552575e-06,-1.026843e-05,-1.246133e-05,-1.245383e-05,-1.095767e-05,-8.073706e-06,-3.763939e-06,1.992727e-06,8.805047e-06,1.622547e-05,2.378404e-05,3.138807e-05,3.899014e-05,-2.352394e-05,-2.359046e-05,-2.376603e-05,-2.291817e-05,-2.034906e-05,-1.806526e-05,-1.666942e-05,-1.619063e-05,-1.688890e-05,-1.766667e-05,-1.782683e-05,-1.720844e-05,-1.552464e-05,-1.276573e-05,-8.966855e-06,-4.442873e-06,4.188116e-07,5.259485e-06
1.549838e-06,1.110453e-04,-1.541668e-04,1.151422e-04,-1.511774e-06,-1.528489e-04,4.755051e-07,-1.158697e-04,-1.548300e-04,-1.147417e-04,-2.977400e-07,-1.548055e-04,1.708159e-03,1.747201e-03,1.777468e-03,1.770453e-03,1.835299e-03,1.905182e-03,2.068771e-03,1.908530e-03,1.776182e-03,1.585362e-03,1.463406e-03,1.404439e-03,1.389718e-03,1.406359e-03,1.445353e-03,1.493104e-03,1.546165e-03,1.595580e-03,-6.670661e-06,-2.688162e-06,1.269860e-06,5.285760e-06,9.046948e-06,2.128023e-05,4.706298e-05,6.543115e-05,6.650646e-05,5.995101e-05,5.081419e-05,4.174841e-05,3.269801e-05,2.285034e-05,1.330656e-05,3.228910e-06,-7.795562e-06,-1.863071e-05,-4.696073e-05,-2.887558e-05,-1.052364e-05,-3.997391e-07,-1.991187e-06,-3.062272e-06,2.171196e-06,1.449185e-05,3.605151e-05,5.815117e-05,7.460602e-05,8.694335e-05,9.547402e-05,1.024344e-04,1.091023e-04,1.149646e-04,1.213705e-04,1.279195e-04,-1.924856e-05,-1.898257e-05,-1.871044e-05,-1.865286e-05,-1.870933e-05,-2.014712e-05,-2.348229e-05,-2.566178e-05,-2.511830e-05,-2.302644e-05,-1.967923e-05,-1.506479e-05,-9.138854e-06,-2.304359e-06,4.982297e-06,1.229861e-05,1.965657e-05,2.701344e-05,-3.106162e-05,-3.087323e-05,-3.079821e-05,-2.970959e-05,-2.707392e-05,-2.467793e-05,-2.310999e-05,-2.254736e-05,-2.335726e-05,-2.428076e-05,-2.461797e-05,-2.423374e-05,-2.281171e-05,-2.032953e-05,-1.684515e-05,-1.266575e-05,-8.152116e-06,-3.658447e-06
1.924354e-06,1.098369e-04,-1.519094e-04,1.137727e-04,-1.075502e-06,-1.507121e-04,5.237242e-07,-1.138568e-04,-1.529907e-04,-1.131739e-04,3.433337e-07,-1.527471e-04,1.736480e-03,1.754128e-03,1.762793e-03,1.736302e-03,1.757503e-03,1.788297e-03,1.908530e-03,2.030431e-03,1.844825e-03,1.625445e-03,1.464955e-03,1.381447e-03,1.348221e-03,1.355867e-03,1.394248e-03,1.448919e-03,1.513932e-03,1.575032e-03,9.224140e-05,8.855493e-05,8.485126e-05,8.117706e-05,7.734575e-05,8.031910e-05,9.360390e-05,9.836873e-05,8.473680e-05,6.456210e-05,4.411751e-05,2.580435e-05,8.783860e-06,-8.108251e-06,-2.415115e-05,-4.053733e-05,-5.793360e-05,-7.513634e-05,-9.620581e-05,-6.886028e-05,-4.121929e-05,-2.176888e-05,-1.321961e-05,-4.234302e-06,1.059203e-05,3.223849e-05,6.326620e-05,9.223443e-05,1.115234e-04,1.232330e-04,1.284218e-04,1.300904e-04,1.300274e-04,1.282257e-04,1.265263e-04,1.249930e-04,-1.753309e-05,-1.779013e-05,-1.804223e-05,-1.849675e-05,-1.907514e-05,-2.078893e-05,-2.393151e-05,-2.575285e-05,-2.466100e-05,-2.214543e-05,-1.867073e-05,-1.420165e-05,-8.605635e-06,-2.247129e-06,4.456704e-06,1.113847e-05,1.785940e-05,2.457826e-05,-2.997263e-05,-3.003682e-05,-3.021700e-05,-2.939122e-05,-2.716733e-05,-2.521420e-05,-2.409829e-05,-2.405409e-05,-2.552479e-05,-2.690337e-05,-2.729829e-05,-2.665611e-05,-2.475871e-05,-2.167196e-05,-1.750656e-05,-1.260709e-05,-7.351891e-06,-2.118588e-06
-4.108810e-07,1.085053e-04,-1.494168e-04,1.100060e-04,-7.765854e-07,-1.503469e-04,-2.575059e-06,-1.119882e-04,-1.507500e-04,-1.135360e-04,3.971388e-07,-1.484892e-04,1.717922e-03,1.738484e-03,1.750893e-03,1.722901e-03,1.721405e-03,1.706926e-03,1.776182e-03,1.844825e-03,1.992955e-03,1.777944e-03,1.601299e-03,1.458244e-03,1.355214e-03,1.301127e-03,1.289394e-03,1.312341e-03,1.354433e-03,1.392015e-03,2.026784e-04,1.741458e-04,1.455975e-04,1.170714e-04,8.839330e-05,6.580884e-05,5.162343e-05,3.069096e-05,-5.050964e-06,-4.229517e-05,-7.369865e-05,-9.736958e-05,-1.159042e-04,-1.315344e-04,-1.450992e-04,-1.591138e-04,-1.742841e-04,-1.892469e-04,-1.251163e-04,-7.621079e-05,-2.698597e-05,1.384364e-05,4.310773e-05,7.062597e-05,1.003413e-04,1.318782e-04,1.665718e-04,1.906937e-04,1.950778e-04,1.835528e-04,1.598064e-04,1.290401e-04,9.369270e-05,5.493200e-05,1.552657e-05,-2.366374e-05,-3.424355e-06,-2.472301e-06,-1.515670e-06,-7.743193e-07,-1.920397e-07,-6.894927e-07,-2.389629e-06,-2.972534e-06,-9.801389e-07,1.963165e-06,5.277633e-06,9.005718e-06,1.346989e-05,1.843701e-05,2.365325e-05,2.886435e-05,3.411534e-05,3.936100e-05,-2.089627e-05,-2.298508e-05,-2.518868e-05,-2.640819e-05,-2.632428e-05,-2.648015e-05,-2.730681e-05,-2.888146e-05,-3.146330e-05,-3.310465e-05,-3.266905e-05,-3.033285e-05,-2.623284e-05,-2.068989e-05,-1.382966e-05,-6.103987e-06,2.032353e-06,1.014072e-05
-1.515434e-06,9.951481e-05,-1.403821e-04,1.011503e-04,-2.984560e-06,-1.408083e-04,-4.110944e-06,-1.059688e-04,-1.385383e-04,-1.065367e-04,-2.320930e-06,-1.371410e-04,1.594058e-03,1.620287e-03,1.639307e-03,1.616932e-03,1.603935e-03,1.567723e-03,1.585362e-03,1.625445e-03,1.777944e-03,1.911789e-03,1.726998e-03,1.543964e-03,1.348421e-03,1.201412e-03,1.097768e-03,1.049046e-03,1.029326e-03,1.004663e-03,3.180402e-04,2.604606e-04,2.028669e-04,1.452905e-04,8.756857e-05,3.500804e-05,-1.134906e-05,-6.407479e-05,-1.289734e-04,-1.921755e-04,-2.431938e-04,-2.782251e-04,-3.014172e-04,-3.166898e-04,-3.276170e-04,-3.389701e-04,-3.515862e-04,-3.639914e-04,-1.155849e-04,-5.453481e-05,6.829180e-06,6.013980e-05,1.020936e-04,1.408134e-04,1.786184e-04,2.137102e-04,2.458103e-04,2.605723e-04,2.456377e-04,2.056929e-04,1.478002e-04,7.927558e-05,2.785491e-06,-7.902207e-05,-1.623879e-04,-2.454894e-04,4.502867e-06,5.737637e-06,6.977801e-06,7.992926e-06,8.804666e-06,8.645666e-06,7.629594e-06,7.858297e-06,1.063051e-05,1.435786e-05,1.804436e-05,2.134934e-05,2.470700e-05,2.806913e-05,3.151431e-05,3.503553e-05,3.862654e-05,4.220622e-05,7.235943e-06,2.988023e-06,-1.365537e-06,-4.809395e-06,-7.080531e-06,-9.511587e-06,-1.235932e-05,-1.555771e-05,-1.918709e-05,-2.126582e-05,-2.021256e-05,-1.633380e-05,-1.021563e-05,-2.467530e-06,6.803448e-06,1.705009e-05,2.777602e-05,3.846750e-05
-1.718032e-06,9.174972e-05,-1.339225e-04,9.488958e-05,-5.719346e-06,-1.325976e-04,-3.910968e-06,-1.018601e-04,-1.281456e-04,-9.969302e-05,-5.441199e-06,-1.290189e-04,1.474064e-03,1.512074e-03,1.543475e-03,1.532112e-03,1.520712e-03,1.476322e-03,1.463406e-03,1.464955e-03,1.601299e-03,1.726998e-03,1.909164e-03,1.731414e-03,1.492502e-03,1.236783e-03,9.934034e-04,8.070770e-04,6.508602e-04,4.898271e-04,4.470666e-04,3.575286e-04,2.679776e-04,1.784402e-04,8.876304e-05,3.659564e-06,-7.615046e-05,-1.614383e-04,-2.555270e-04,-3.445170e-04,-4.152533e-04,-4.610637e-04,-4.857330e-04,-4.955849e-04,-4.979296e-04,-5.006496e-04,-5.045811e-04,-5.083168e-04,-5.261619e-05,-6.498445e-06,3.992911e-05,7.844625e-05,1.055989e-04,1.284075e-04,1.485055e-04,1.638257e-04,1.734771e-04,1.649642e-04,1.250447e-04,5.842849e-05,-2.599781e-05,-1.207246e-04,-2.243850e-04,-3.335722e-04,-4.444938e-04,-5.551450e-04,5.263074e-06,6.569947e-06,7.882338e-06,8.967769e-06,9.850565e-06,9.899374e-06,9.371386e-06,1.028139e-05,1.372981e-05,1.822751e-05,2.242237e-05,2.548923e-05,2.773141e-05,2.932448e-05,3.077781e-05,3.242948e-05,3.418941e-05,3.593475e-05,3.439147e-05,2.898540e-05,2.347965e-05,1.885712e-05,1.541292e-05,1.199923e-05,8.457792e-06,4.896809e-06,1.297968e-06,-6.404004e-07,7.806838e-07,5.226589e-06,1.186651e-05,1.999508e-05,2.965155e-05,4.024290e-05,5.132580e-05,6.237344e-05
-2.809253e-06,8.517956e-05,-1.308956e-04,9.032563e-05,-9.350124e-06,-1.275879e-04,-4.143331e-06,-1.006269e-04,-1.204061e-04,-9.549283e-05,-9.221144e-06,-1.236366e-04,1.377772e-03,1.429828e-03,1.475735e-03,1.475553e-03,1.472251e-03,1.430495e-03,1.404439e-03,1.381447e-03,1.458244e-03,1.543964e-03,1.731414e-03,1.923114e-03,1.700180e-03,1.402023e-03,1.032661e-03,6.970868e-04,3.742196e-04,4.809365e-05,4.888561e-04,3.881038e-04,2.873383e-04,1.865864e-04,8.568604e-05,-1.069106e-05,-1.013155e-04,-1.957688e-04,-2.956237e-04,-3.880219e-04,-4.605255e-04,-5.061435e-04,-5.247229e-04,-5.238375e-04,-5.136461e-04,-5.040187e-04,-4.952788e-04,-4.863845e-04,4.046811e-05,6.189275e-05,8.362247e-05,9.733759e-05,9.901804e-05,9.474819e-05,8.581734e-05,7.018939e-05,4.670955e-05,5.512377e-06,-6.444447e-05,-1.564871e-04,-2.601746e-04,-3.682479e-04,-4.813092e-04,-5.968553e-04,-7.128647e-04,-8.286822e-04,6.935372e-06,8.374382e-06,9.819107e-06,1.102628e-05,1.199991e-05,1.212743e-05,1.166421e-05,1.259774e-05,1.590859e-05,2.034030e-05,2.467627e-05,2.801977e-05,3.008637e-05,3.113300e-05,3.201627e-05,3.327047e-05,3.464634e-05,3.601051e-05,6.155059e-05,5.486818e-05,4.808908e-05,4.222038e-05,3.768826e-05,3.353097e-05,2.969631e-05,2.636285e-05,2.356836e-05,2.265159e-05,2.503184e-05,3.014845e-05,3.692901e-05,4.458264e-05,5.335158e-05,6.275302e-05,7.253920e-05,8.229960e-05
-1.771894e-06,8.194410e-05,-1.282126e-04,8.905215e-05,-1.013281e-05,-1.235981e-04,-2.503239e-06,-9.869836e-05,-1.168521e-04,-9.177467e-05,-9.717931e-06,-1.213543e-04,1.310419e-03,1.373003e-03,1.429926e-03,1.436840e-03,1.445281e-03,1.414518e-03,1.389718e-03,1.348221e-03,1.355214e-03,1.348421e-03,1.492502e-03,1.700180e-03,1.890729e-03,1.638456e-03,1.263057e-03,8.464951e-04,4.073907e-04,-3.315115e-05,3.587199e-04,2.790824e-04,1.994298e-04,1.197973e-04,3.998660e-05,-3.461069e-05,-1.014029e-04,-1.686841e-04,-2.368688e-04,-2.948797e-04,-3.327615e-04,-3.451929e-04,-3.311919e-04,-2.984886e-04,-2.579138e-04,-2.186826e-04,-1.796921e-04,-1.406167e-04,1.049177e-04,1.071539e-04,1.096847e-04,1.040734e-04,8.539567e-05,5.915425e-05,2.672244e-05,-1.357561e-05,-6.276115e-05,-1.278237e-04,-2.162152e-04,-3.191726e-04,-4.249941e-04,-5.254671e-04,-6.207375e-04,-7.112778e-04,-7.991319e-04,-8.869761e-04,-3.182145e-07,1.382804e-06,3.087211e-06,4.579181e-06,5.917217e-06,6.420849e-06,6.194858e-06,7.079184e-06,9.877682e-06,1.357034e-05,1.727805e-05,2.034332e-05,2.235151e-05,2.356712e-05,2.496433e-05,2.697322e-05,2.909787e-05,3.122169e-05,6.221965e-05,5.551405e-05,4.871184e-05,4.286891e-05,3.860469e-05,3.504955e-05,3.215489e-05,3.010111e-05,2.893737e-05,2.966593e-05,3.328277e-05,3.900884e-05,4.561980e-05,5.216639e-05,5.878176e-05,6.528358e-05,7.185004e-05,7.841719e-05
3.662134e-06,8.132369e-05,-1.260403e-04,9.244794e-05,-8.787275e-06,-1.187441e-04,3.415447e-06,-9.659715e-05,-1.171128e-04,-8.678063e-05,-7.451196e-06,-1.238296e-04,1.287090e-03,1.350009e-03,1.407484e-03,1.414268e-03,1.435026e-03,1.419755e-03,1.406359e-03,1.355867e-03,1.301127e-03,1.201412e-03,1.236783e-03,1.402023e-03,1.638456e-03,1.837106e-03,1.603301e-03,1.285715e-03,8.828081e-04,4.852737e-04,9.502625e-05,5.797573e-05,2.090728e-05,-1.612954e-05,-5.338244e-05,-8.422471e-05,-1.042012e-04,-1.201638e-04,-1.318553e-04,-1.297141e-04,-1.063510e-04,-5.799849e-05,1.552749e-05,1.057170e-04,2.018194e-04,2.965616e-04,3.919275e-04,4.872820e-04,1.168726e-04,1.119748e-04,1.073530e-04,9.467805e-05,6.848593e-05,3.470431e-05,-4.247086e-06,-4.880536e-05,-9.887939e-05,-1.585881e-04,-2.313125e-04,-3.080154e-04,-3.779921e-04,-4.330009e-04,-4.692728e-04,-4.913886e-04,-5.067933e-04,-5.224274e-04,-3.295102e-05,-3.181401e-05,-3.067882e-05,-2.966893e-05,-2.856299e-05,-2.811502e-05,-2.841387e-05,-2.783660e-05,-2.580286e-05,-2.322469e-05,-2.068164e-05,-1.854857e-05,-1.709981e-05,-1.598778e-05,-1.424188e-05,-1.168548e-05,-8.999686e-06,-6.300735e-06,3.405230e-05,2.934381e-05,2.453542e-05,2.075190e-05,1.882591e-05,1.783256e-05,1.754071e-05,1.796314e-05,1.897637e-05,2.124244e-05,2.526271e-05,3.029784e-05,3.536333e-05,3.953208e-05,4.233945e-05,4.400536e-05,4.530713e-05,4.664620e-05
8.261160e-06,8.476234e-05,-1.230124e-04,9.631521e-05,-3.631624e-06,-1.160313e-04,8.650900e-06,-9.278426e-05,-1.214722e-04,-8.385729e-05,-1.320298e-06,-1.273120e-04,1.306192e-03,1.357512e-03,1.403068e-03,1.403318e-03,1.437755e-03,1.440629e-03,1.445353e-03,1.394248e-03,1.289394e-03,1.097768e-03,9.934034e-04,1.032661e-03,1.263057e-03,1.603301e-03,2.000314e-03,1.988382e-03,1.887361e-03,1.784094e-03,-1.739644e-04,-1.642094e-04,-1.544754e-04,-1.446951e-04,-1.351636e-04,-1.178148e-04,-8.597323e-05,-4.498874e-05,5.876811e-06,7.515001e-05,1.680683e-04,2.877504e-04,4.346133e-04,6.002899e-04,7.747493e-04,9.520688e-04,1.131116e-03,1.310007e-03,6.625390e-05,5.861873e-05,5.123474e-05,3.624304e-05,8.609471e-06,-2.374292e-05,-5.571922e-05,-8.482528e-05,-1.081136e-04,-1.258060e-04,-1.360226e-04,-1.303161e-04,-1.002205e-04,-3.896315e-05,5.722165e-05,1.778054e-04,3.091668e-04,4.400044e-04,-6.572571e-05,-6.428345e-05,-6.284916e-05,-6.143161e-05,-5.959387e-05,-5.817363e-05,-5.754529e-05,-5.638226e-05,-5.436796e-05,-5.241084e-05,-5.086664e-05,-4.992344e-05,-4.980164e-05,-5.018102e-05,-5.020507e-05,-4.984105e-05,-4.938670e-05,-4.889812e-05,-2.879378e-05,-2.871355e-05,-2.873806e-05,-2.770622e-05,-2.467046e-05,-2.077465e-05,-1.657687e-05,-1.234624e-05,-8.486387e-06,-4.743173e-06,-1.284737e-06,1.210678e-06,2.079016e-06,5.854387e-07,-3.868197e-06,-1.049327e-05,-1.789828e-05,-2.522745e-05
1.233564e-05,9.215541e-05,-1.181554e-04,1.003934e-04,5.817977e-06,-1.146028e-04,1.339894e-05,-8.665450e-05,-1.298766e-04,-8.259841e-05,9.100365e-06,-1.315685e-04,1.356023e-03,1.387624e-03,1.412707e-03,1.402684e-03,1.448989e-03,1.468023e-03,1.493104e-03,1.448919e-03,1.312341e-03,1.049046e-03,8.070770e-04,6.970868e-04,8.464951e-04,1.285715e-03,1.988382e-03,2.749383e-03,3.186358e-03,3.671704e-03,-3.678548e-04,-3.224034e-04,-2.769751e-04,-2.314883e-04,-1.862627e-04,-1.320525e-04,-6.025472e-05,2.475146e-05,1.236181e-04,2.439541e-04,3.890633e-04,5.618246e-04,7.638834e-04,9.890662e-04,1.230110e-03,1.483215e-03,1.739473e-03,1.995369e-03,-4.080418e-05,-5.009715e-05,-5.916024e-05,-7.513068e-05,-1.017074e-04,-1.279178e-04,-1.450682e-04,-1.467586e-04,-1.261732e-04,-7.921721e-05,1.564048e-06,1.241508e-04,2.947202e-04,5.185238e-04,7.968339e-04,1.110846e-03,1.439749e-03,1.767761e-03,-1.012893e-04,-9.919213e-05,-9.710902e-05,-9.492244e-05,-9.195795e-05,-8.910754e-05,-8.707298e-05,-8.487142e-05,-8.247878e-05,-8.086087e-05,-8.018863e-05,-8.048628e-05,-8.199037e-05,-8.462838e-05,-8.789778e-05,-9.194199e-05,-9.600402e-05,-1.000014e-04,-1.300669e-04,-1.229709e-04,-1.159855e-04,-1.079523e-04,-9.794903e-05,-8.747604e-05,-7.752344e-05,-6.871127e-05,-6.176038e-05,-5.680000e-05,-5.469672e-05,-5.615193e-05,-6.156089e-05,-7.143425e-05,-8.617511e-05,-1.041721e-04,-1.233671e-04,-1.424430e-04
1.626021e-05,9.967420e-05,-1.143377e-04,1.050694e-04,1.484480e-05,-1.139408e-04,1.806188e-05,-8.110797e-05,-1.384425e-04,-8.186093e-05,1.914030e-05,-1.361566e-04,1.423446e-03,1.430553e-03,1.430085e-03,1.407386e-03,1.463639e-03,1.497572e-03,1.546165e-03,1.513932e-03,1.354433e-03,1.029326e-03,6.508602e-04,3.742196e-04,4.073907e-04,8.828081e-04,1.887361e-03,3.186358e-03,4.765691e-03,6.231278e-03,-5.215108e-04,-4.450737e-04,-3.686611e-04,-2.921796e-04,-2.159586e-04,-1.298125e-04,-2.352629e-05,9.879146e-05,2.367708e-04,3.963547e-04,5.781066e-04,7.839130e-04,1.016178e-03,1.271815e-03,1.547318e-03,1.842251e-03,2.141784e-03,2.440769e-03,-1.597206e-04,-1.697009e-04,-1.794726e-04,-1.953314e-04,-2.191156e-04,-2.363108e-04,-2.342675e-04,-2.023437e-04,-1.294930e-04,-7.186625e-06,1.777912e-04,4.331163e-04,7.627066e-04,1.170618e-03,1.655537e-03,2.189648e-03,2.743967e-03,3.296990e-03,-1.300541e-04,-1.278304e-04,-1.256261e-04,-1.232094e-04,-1.197034e-04,-1.160492e-04,-1.132567e-04,-1.106348e-04,-1.083454e-04,-1.073169e-04,-1.074181e-04,-1.084034e-04,-1.104635e-04,-1.138557e-04,-1.185060e-04,-1.248679e-04,-1.313523e-04,-1.377407e-04,-2.270583e-04,-2.125256e-04,-1.981111e-04,-1.826528e-04,-1.652808e-04,-1.478680e-04,-1.318211e-04,-1.181047e-04,-1.077688e-04,-1.013211e-04,-1.003459e-04,-1.056070e-04,-1.172741e-04,-1.357072e-04,-1.611345e-04,-1.910742e-04,-2.227323e-04,-2.542231e-04
