7.566473e-05,-1.824412e-06,8.462180e-07,4.629212e-05,-1.714923e-06,4.042190e-05,6.137978e-05,-2.089853e-06,-2.383634e-08,4.568648e-05,-1.246297e-06,-3.957462e-05,-2.045200e-06,-1.607836e-06,-1.118248e-06,-9.673447e-07,-1.142805e-06,-5.894760e-07,1.688486e-06,2.093783e-06,-4.457340e-07,-1.646492e-06,-1.866200e-06,-3.051354e-06,-1.924502e-06,3.979048e-06,8.975662e-06,1.340206e-05,1.766554e-05,2.142492e-05,-4.774647e-04,-4.756334e-04,-4.737994e-04,-4.719759e-04,-4.701139e-04,-4.678969e-04,-4.652612e-04,-4.617324e-04,-4.576424e-04,-4.528544e-04,-4.478065e-04,-4.429461e-04,-4.381590e-04,-4.332079e-04,-4.280917e-04,-4.230254e-04,-4.181013e-04,-4.131448e-04,9.816239e-06,1.072460e-05,1.163713e-05,1.253411e-05,1.329318e-05,1.403972e-05,1.453051e-05,1.480003e-05,1.476544e-05,1.434897e-05,1.396296e-05,1.372535e-05,1.400071e-05,1.484814e-05,1.589940e-05,1.701174e-05,1.829751e-05,1.959783e-05,-3.090913e-04,-3.265543e-04,-3.440280e-04,-3.610879e-04,-3.767547e-04,-3.899265e-04,-3.995934e-04,-4.056457e-04,-4.087465e-04,-4.098316e-04,-4.094202e-04,-4.073309e-04,-4.040101e-04,-4.003899e-04,-3.966288e-04,-3.922185e-04,-3.872071e-04,-3.822252e-04,-6.211690e-05,-5.597931e-05,-4.985676e-05,-4.351027e-05,-3.629345e-05,-2.781362e-05,-1.870431e-05,-1.074779e-05,-5.382501e-06,-2.458665e-06,-1.395627e-06,-1.125696e-06,-4.496210e-07,5.272006e-07,6.309539e-07,-3.521695e-07,-1.658099e-06,-2.926613e-06
-1.824412e-06,6.685630e-05,5.924562e-06,5.934535e-06,4.424224e-05,-1.085463e-05,-2.522573e-07,3.858096e-05,-2.066735e-05,-7.938475e-06,4.436701e-05,-9.439160e-06,1.159948e-04,1.180487e-04,1.204636e-04,1.191305e-04,1.190102e-04,1.179992e-04,1.206702e-04,1.193584e-04,1.179132e-04,1.081448e-04,9.970707e-05,9.256756e-05,8.905065e-05,8.837375e-05,9.210790e-05,1.001396e-04,1.083077e-04,1.158560e-04,1.869982e-05,1.784137e-05,1.698401e-05,1.612104e-05,1.527198e-05,1.513037e-05,1.581683e-05,1.640900e-05,1.616348e-05,1.515682e-05,1.364600e-05,1.176764e-05,9.646317e-06,7.239949e-06,4.447583e-06,1.259370e-06,-2.090191e-06,-5.409409e-06,-3.442727e-04,-3.400361e-04,-3.357412e-04,-3.318048e-04,-3.288048e-04,-3.258678e-04,-3.228838e-04,-3.198310e-04,-3.166057e-04,-3.136445e-04,-3.116206e-04,-3.102153e-04,-3.093501e-04,-3.089679e-04,-3.087699e-04,-3.085760e-04,-3.082409e-04,-3.078725e-04,-2.601082e-05,-1.998260e-05,-1.396406e-05,-7.789150e-06,-9.605409e-07,6.360430e-06,1.341269e-05,1.938753e-05,2.336434e-05,2.475398e-05,2.349197e-05,2.005816e-05,1.533761e-05,9.659873e-06,2.770621e-06,-5.059164e-06,-1.307969e-05,-2.106626e-05,1.094606e-04,1.191412e-04,1.288450e-04,1.374845e-04,1.441449e-04,1.477874e-04,1.478253e-04,1.438926e-04,1.368745e-04,1.271407e-04,1.159462e-04,1.039828e-04,9.238144e-05,8.230667e-05,7.393104e-05,6.637765e-05,5.884199e-05,5.128116e-05
8.462180e-07,5.924562e-06,7.387648e-05,-1.099984e-05,4.207437e-05,1.412017e-05,-6.504844e-07,2.114584e-05,-4.084099e-05,1.076954e-05,4.195523e-05,1.364737e-05,-1.588482e-04,-1.638341e-04,-1.670490e-04,-1.660036e-04,-1.682460e-04,-1.664156e-04,-1.675214e-04,-1.650706e-04,-1.623627e-04,-1.525447e-04,-1.455248e-04,-1.422345e-04,-1.393188e-04,-1.369597e-04,-1.336707e-04,-1.283937e-04,-1.242461e-04,-1.200514e-04,-1.628801e-05,-1.286108e-05,-9.430123e-06,-6.008973e-06,-2.544019e-06,3.505646e-07,2.031148e-06,3.662491e-06,5.718770e-06,7.376222e-06,8.348483e-06,8.496533e-06,8.023917e-06,7.135585e-06,5.702539e-06,3.966444e-06,2.242664e-06,5.153958e-07,-3.298832e-04,-3.296043e-04,-3.293109e-04,-3.278483e-04,-3.250601e-04,-3.216522e-04,-3.182690e-04,-3.150510e-04,-3.122046e-04,-3.090665e-04,-3.053831e-04,-3.011698e-04,-2.965173e-04,-2.918162e-04,-2.870911e-04,-2.821648e-04,-2.771629e-04,-2.721559e-04,-3.276080e-05,-2.769666e-05,-2.264263e-05,-1.738527e-05,-1.142963e-05,-4.693174e-06,2.186542e-06,8.071939e-06,1.186427e-05,1.315062e-05,1.192100e-05,8.649450e-06,4.146426e-06,-1.262580e-06,-7.795014e-06,-1.517492e-05,-2.273679e-05,-3.026886e-05,-9.968844e-04,-9.786086e-04,-9.602768e-04,-9.421956e-04,-9.252035e-04,-9.090214e-04,-8.941010e-04,-8.800689e-04,-8.665997e-04,-8.531462e-04,-8.404440e-04,-8.288156e-04,-8.179567e-04,-8.071374e-04,-7.961794e-04,-7.854833e-04,-7.751259e-04,-7.647372e-04
4.629212e-05,5.934535e-06,-1.099984e-05,7.007196e-05,-2.020698e-06,6.808278e-06,4.719514e-05,-9.231290e-06,-9.239989e-06,4.089406e-05,-1.970723e-06,-2.158082e-05,1.164452e-04,1.197904e-04,1.225640e-04,1.216615e-04,1.225317e-04,1.218347e-04,1.251245e-04,1.236365e-04,1.195428e-04,1.099193e-04,1.031160e-04,9.815636e-05,9.677159e-05,1.004603e-04,1.046615e-04,1.090917e-04,1.141715e-04,1.186051e-04,-3.430749e-04,-3.445322e-04,-3.459889e-04,-3.474515e-04,-3.488988e-04,-3.495185e-04,-3.489166e-04,-3.475867e-04,-3.462666e-04,-3.444434e-04,-3.422080e-04,-3.397801e-04,-3.371346e-04,-3.342079e-04,-3.309969e-04,-3.277929e-04,-3.247671e-04,-3.217027e-04,7.320793e-06,1.055122e-05,1.380308e-05,1.639001e-05,1.790456e-05,1.910871e-05,2.014036e-05,2.108504e-05,2.200187e-05,2.234639e-05,2.203604e-05,2.129499e-05,2.047843e-05,1.982761e-05,1.919407e-05,1.847678e-05,1.789220e-05,1.732884e-05,2.326785e-04,2.132288e-04,1.937564e-04,1.742998e-04,1.555279e-04,1.381144e-04,1.230738e-04,1.098953e-04,9.840227e-05,8.861284e-05,8.160864e-05,7.820816e-05,7.821864e-05,8.046444e-05,8.395948e-05,8.840105e-05,9.334355e-05,9.824014e-05,-2.905394e-05,-2.297902e-05,-1.692514e-05,-1.061189e-05,-3.447580e-06,4.362895e-06,1.202494e-05,1.854751e-05,2.281946e-05,2.434144e-05,2.305486e-05,1.946654e-05,1.446329e-05,8.353763e-06,8.982241e-07,-7.579172e-06,-1.626669e-05,-2.492155e-05
-1.714923e-06,4.424224e-05,4.207437e-05,-2.020698e-06,7.549465e-05,-6.862621e-07,-1.016903e-06,4.437261e-05,-4.139510e-05,-5.435228e-07,6.128799e-05,8.122833e-07,8.455782e-07,-9.095460e-07,-1.272653e-06,-1.999928e-06,-3.595793e-06,-3.302976e-06,-1.640188e-06,-1.166531e-06,-8.409075e-07,-3.238902e-06,-6.210005e-06,-1.015468e-05,-1.100580e-05,-9.546663e-06,-3.946950e-06,6.319385e-06,1.612610e-05,2.548592e-05,9.497736e-06,1.084497e-05,1.219551e-05,1.353568e-05,1.491354e-05,1.654763e-05,1.816037e-05,1.969152e-05,2.082268e-05,2.110300e-05,2.057168e-05,1.927582e-05,1.745025e-05,1.517829e-05,1.229399e-05,8.931354e-06,5.452267e-06,1.994615e-06,-4.787762e-04,-4.752724e-04,-4.717110e-04,-4.677123e-04,-4.636482e-04,-4.592272e-04,-4.547483e-04,-4.502984e-04,-4.459311e-04,-4.416008e-04,-4.377164e-04,-4.340199e-04,-4.304995e-04,-4.273409e-04,-4.243454e-04,-4.212521e-04,-4.180159e-04,-4.147513e-04,-4.340771e-05,-3.358017e-05,-2.372117e-05,-1.413607e-05,-4.417424e-06,5.844288e-06,1.583980e-05,2.422311e-05,2.967012e-05,3.107421e-05,2.822765e-05,2.236133e-05,1.550267e-05,8.643828e-06,1.537969e-06,-5.830382e-06,-1.312310e-05,-2.040054e-05,-5.006785e-04,-4.838401e-04,-4.669931e-04,-4.506330e-04,-4.357122e-04,-4.233991e-04,-4.146413e-04,-4.095116e-04,-4.071712e-04,-4.066031e-04,-4.070622e-04,-4.087369e-04,-4.113388e-04,-4.139965e-04,-4.165649e-04,-4.196068e-04,-4.231674e-04,-4.266990e-04
4.042190e-05,-1.085463e-05,1.412017e-05,6.808278e-06,-6.862621e-07,7.296497e-05,4.136615e-05,9.798888e-06,1.442410e-05,1.952931e-05,-4.117244e-07,-3.871143e-05,-1.619440e-04,-1.654521e-04,-1.681065e-04,-1.664998e-04,-1.676663e-04,-1.654795e-04,-1.660884e-04,-1.637695e-04,-1.633754e-04,-1.530110e-04,-1.440885e-04,-1.386438e-04,-1.343078e-04,-1.290336e-04,-1.260857e-04,-1.245335e-04,-1.238142e-04,-1.230928e-04,-3.445868e-04,-3.397008e-04,-3.348114e-04,-3.299318e-04,-3.250079e-04,-3.205576e-04,-3.169677e-04,-3.126721e-04,-3.071699e-04,-3.008870e-04,-2.944411e-04,-2.883216e-04,-2.824711e-04,-2.766050e-04,-2.707547e-04,-2.649123e-04,-2.590758e-04,-2.532357e-04,1.366518e-05,1.090884e-05,8.129634e-06,6.209475e-06,5.462930e-06,5.066869e-06,4.413015e-06,3.408548e-06,1.798243e-06,1.329537e-07,-7.872689e-07,-1.049794e-06,-5.003950e-07,6.579192e-07,2.049616e-06,3.601710e-06,5.240725e-06,6.876803e-06,-8.666909e-04,-8.737692e-04,-8.808345e-04,-8.872249e-04,-8.923157e-04,-8.943142e-04,-8.922512e-04,-8.860198e-04,-8.764846e-04,-8.637520e-04,-8.490016e-04,-8.324177e-04,-8.145286e-04,-7.962419e-04,-7.779424e-04,-7.594372e-04,-7.406611e-04,-7.218830e-04,-3.132166e-05,-2.551339e-05,-1.970303e-05,-1.385160e-05,-7.519986e-06,-6.255074e-07,6.193192e-06,1.206820e-05,1.607282e-05,1.761251e-05,1.654962e-05,1.335107e-05,8.812906e-06,3.259606e-06,-3.495405e-06,-1.115532e-05,-1.903077e-05,-2.687708e-05
6.137978e-05,-2.522573e-07,-6.504844e-07,4.719514e-05,-1.016903e-06,4.136615e-05,7.827989e-05,2.111285e-07,1.500090e-06,4.680278e-05,-5.200419e-07,-4.025576e-05,-4.322243e-06,-3.690849e-06,-2.985525e-06,-2.690947e-06,-2.645678e-06,-1.811483e-06,5.180975e-07,5.687441e-07,-2.800481e-06,-4.469626e-06,-4.251574e-06,-4.503180e-06,-2.721335e-06,3.708667e-06,9.396491e-06,1.455426e-05,1.961954e-05,2.410659e-05,-4.840616e-04,-4.827327e-04,-4.814010e-04,-4.800805e-04,-4.787189e-04,-4.769501e-04,-4.746880e-04,-4.713568e-04,-4.672574e-04,-4.622611e-04,-4.568401e-04,-4.515021e-04,-4.462327e-04,-4.407932e-04,-4.351918e-04,-4.296332e-04,-4.242367e-04,-4.188043e-04,6.155199e-06,7.108527e-06,8.066077e-06,9.011047e-06,9.794230e-06,1.054526e-05,1.099633e-05,1.114383e-05,1.086412e-05,1.001268e-05,8.974230e-06,7.910760e-06,7.230034e-06,7.028834e-06,6.996542e-06,7.018061e-06,7.224423e-06,7.449543e-06,-3.148370e-04,-3.326178e-04,-3.504098e-04,-3.677784e-04,-3.837232e-04,-3.971230e-04,-4.069567e-04,-4.131211e-04,-4.163039e-04,-4.174634e-04,-4.171293e-04,-4.151128e-04,-4.118644e-04,-4.083354e-04,-4.046962e-04,-4.004204e-04,-3.955346e-04,-3.906775e-04,-3.090858e-05,-1.995685e-05,-9.020563e-06,2.134734e-06,1.430250e-05,2.684785e-05,3.836466e-05,4.799932e-05,5.429035e-05,5.556373e-05,5.099096e-05,4.088410e-05,2.647926e-05,8.789181e-06,-1.162179e-05,-3.367301e-05,-5.601818e-05,-7.831137e-05
-2.089853e-06,3.858096e-05,2.114584e-05,-9.231290e-06,4.437261e-05,9.798888e-06,2.111285e-07,6.759505e-05,-5.041030e-06,7.481527e-06,4.433051e-05,1.098274e-05,-1.188098e-04,-1.229230e-04,-1.255122e-04,-1.251856e-04,-1.272938e-04,-1.259465e-04,-1.259053e-04,-1.237199e-04,-1.216898e-04,-1.151479e-04,-1.106823e-04,-1.093410e-04,-1.072452e-04,-1.049639e-04,-1.008226e-04,-9.416321e-05,-8.813776e-05,-8.216449e-05,1.908927e-06,3.723801e-06,5.542575e-06,7.350735e-06,9.203411e-06,1.080020e-05,1.174263e-05,1.289605e-05,1.447419e-05,1.564058e-05,1.612850e-05,1.584480e-05,1.505793e-05,1.392582e-05,1.231107e-05,1.042147e-05,8.515826e-06,6.612562e-06,-3.345285e-04,-3.346501e-04,-3.347572e-04,-3.339387e-04,-3.321964e-04,-3.300659e-04,-3.280977e-04,-3.263944e-04,-3.251117e-04,-3.237856e-04,-3.223833e-04,-3.208289e-04,-3.191629e-04,-3.176872e-04,-3.163147e-04,-3.148272e-04,-3.132832e-04,-3.117305e-04,-2.559330e-05,-1.992679e-05,-1.427063e-05,-8.426117e-06,-1.913514e-06,5.286725e-06,1.248291e-05,1.855823e-05,2.241859e-05,2.361756e-05,2.214284e-05,1.848396e-05,1.350369e-05,7.546770e-06,3.610829e-07,-7.766524e-06,-1.609568e-05,-2.439067e-05,1.247760e-04,1.314723e-04,1.381248e-04,1.445229e-04,1.502115e-04,1.534400e-04,1.533108e-04,1.494759e-04,1.427012e-04,1.339114e-04,1.245487e-04,1.142645e-04,1.026613e-04,8.995322e-05,7.615843e-05,6.118851e-05,4.554424e-05,2.993452e-05
-2.383634e-08,-2.066735e-05,-4.084099e-05,-9.239989e-06,-4.139510e-05,1.442410e-05,1.500090e-06,-5.041030e-06,7.325655e-05,1.068376e-05,-4.152254e-05,1.380267e-05,-1.645490e-04,-1.664595e-04,-1.686596e-04,-1.665314e-04,-1.664679e-04,-1.651934e-04,-1.682400e-04,-1.662431e-04,-1.638101e-04,-1.505417e-04,-1.392489e-04,-1.308386e-04,-1.269756e-04,-1.272568e-04,-1.319919e-04,-1.411228e-04,-1.504289e-04,-1.591038e-04,-1.136165e-05,-1.113177e-05,-1.090213e-05,-1.066977e-05,-1.043976e-05,-1.102537e-05,-1.252936e-05,-1.368071e-05,-1.365987e-05,-1.281089e-05,-1.153671e-05,-1.004672e-05,-8.370129e-06,-6.429404e-06,-4.134484e-06,-1.430020e-06,1.438284e-06,4.275268e-06,3.380824e-04,3.322012e-04,3.262430e-04,3.207707e-04,3.163917e-04,3.118978e-04,3.070513e-04,3.018970e-04,2.963465e-04,2.909532e-04,2.864516e-04,2.824958e-04,2.789924e-04,2.758204e-04,2.728067e-04,2.698049e-04,2.666596e-04,2.634818e-04,2.988213e-05,2.421361e-05,1.855422e-05,1.274171e-05,6.273911e-06,-6.766396e-07,-7.377321e-06,-1.311709e-05,-1.705090e-05,-1.858915e-05,-1.765758e-05,-1.470721e-05,-1.056856e-05,-5.550261e-06,5.645523e-07,7.529835e-06,1.466777e-05,2.177558e-05,9.913572e-04,9.750222e-04,9.586902e-04,9.419820e-04,9.254040e-04,9.093675e-04,8.945657e-04,8.806317e-04,8.673469e-04,8.536685e-04,8.401001e-04,8.274061e-04,8.159189e-04,8.053443e-04,7.955790e-04,7.867606e-04,7.784975e-04,7.701829e-04
4.568648e-05,-7.938475e-06,1.076954e-05,4.089406e-05,-5.435228e-07,1.952931e-05,4.680278e-05,7.481527e-06,1.068376e-05,7.225537e-05,-1.577622e-07,-4.228301e-06,-1.231650e-04,-1.254257e-04,-1.271289e-04,-1.258691e-04,-1.266700e-04,-1.249503e-04,-1.246802e-04,-1.229795e-04,-1.233755e-04,-1.157699e-04,-1.083324e-04,-1.037670e-04,-9.972633e-05,-9.430048e-05,-9.112449e-05,-8.975742e-05,-8.895692e-05,-8.833144e-05,-3.477482e-04,-3.473446e-04,-3.469374e-04,-3.465416e-04,-3.460982e-04,-3.458328e-04,-3.459228e-04,-3.450301e-04,-3.429295e-04,-3.400164e-04,-3.369075e-04,-3.341042e-04,-3.315171e-04,-3.288445e-04,-3.260912e-04,-3.232829e-04,-3.205309e-04,-3.177642e-04,5.075119e-06,3.732984e-06,2.367439e-06,1.601612e-06,1.622462e-06,1.819932e-06,1.688185e-06,1.215974e-06,2.271393e-07,-9.638275e-07,-1.762148e-06,-2.176120e-06,-1.971035e-06,-1.267375e-06,-3.637660e-07,6.645387e-07,1.807786e-06,2.953581e-06,2.744635e-04,2.592392e-04,2.439912e-04,2.287812e-04,2.143861e-04,2.006937e-04,1.880679e-04,1.765648e-04,1.657905e-04,1.541676e-04,1.415071e-04,1.279458e-04,1.133671e-04,9.767908e-05,8.155975e-05,6.595551e-05,5.091285e-05,3.583806e-05,-3.634693e-05,-2.969428e-05,-2.304254e-05,-1.632830e-05,-9.087851e-06,-1.301897e-06,6.308054e-06,1.278496e-05,1.709697e-05,1.860782e-05,1.717758e-05,1.331598e-05,7.915395e-06,1.332315e-06,-6.665134e-06,-1.574152e-05,-2.506956e-05,-3.436304e-05
-1.246297e-06,4.436701e-05,4.195523e-05,-1.970723e-06,6.128799e-05,-4.117244e-07,-5.200419e-07,4.433051e-05,-4.152254e-05,-1.577622e-07,7.554740e-05,1.478464e-07,4.103851e-06,1.510947e-06,3.664498e-07,-9.022709e-07,-2.788735e-06,-2.420268e-06,-3.228680e-07,3.733975e-07,4.327739e-07,-2.519247e-06,-5.908999e-06,-1.001560e-05,-1.055599e-05,-8.095914e-06,-1.436635e-06,9.884642e-06,2.079202e-05,3.130743e-05,6.250079e-06,7.569607e-06,8.892488e-06,1.020510e-05,1.155562e-05,1.321759e-05,1.494184e-05,1.666151e-05,1.804866e-05,1.860323e-05,1.833399e-05,1.729063e-05,1.571271e-05,1.368957e-05,1.106084e-05,7.968632e-06,4.770931e-06,1.593650e-06,-4.789306e-04,-4.754870e-04,-4.719842e-04,-4.679968e-04,-4.638931e-04,-4.593762e-04,-4.547580e-04,-4.501708e-04,-4.457067e-04,-4.413205e-04,-4.374345e-04,-4.337591e-04,-4.302542e-04,-4.270764e-04,-4.240822e-04,-4.210049e-04,-4.178018e-04,-4.145746e-04,-4.282479e-05,-3.603020e-05,-2.929642e-05,-2.182368e-05,-1.265595e-05,-2.402004e-06,7.729167e-06,1.642464e-05,2.220739e-05,2.471807e-05,2.401094e-05,2.019559e-05,1.366139e-05,4.355296e-06,-8.104214e-06,-2.292154e-05,-3.838540e-05,-5.377384e-05,-5.005786e-04,-4.837029e-04,-4.668191e-04,-4.504168e-04,-4.354418e-04,-4.230651e-04,-4.142450e-04,-4.090673e-04,-4.067074e-04,-4.061586e-04,-4.066811e-04,-4.084604e-04,-4.111999e-04,-4.140240e-04,-4.167885e-04,-4.200484e-04,-4.238347e-04,-4.275913e-04
-3.957462e-05,-9.439160e-06,1.364737e-05,-2.158082e-05,8.122833e-07,-3.871143e-05,-4.025576e-05,1.098274e-05,1.380267e-05,-4.228301e-06,1.478464e-07,6.994073e-05,-1.593044e-04,-1.629497e-04,-1.659470e-04,-1.645753e-04,-1.657090e-04,-1.647958e-04,-1.682123e-04,-1.659764e-04,-1.613497e-04,-1.490186e-04,-1.401930e-04,-1.343442e-04,-1.318632e-04,-1.345519e-04,-1.383352e-04,-1.429594e-04,-1.479440e-04,-1.522218e-04,3.118598e-04,3.110362e-04,3.102128e-04,3.093925e-04,3.085682e-04,3.068397e-04,3.038564e-04,3.004680e-04,2.974743e-04,2.941433e-04,2.904071e-04,2.864234e-04,2.823229e-04,2.780886e-04,2.737016e-04,2.694339e-04,2.653559e-04,2.612381e-04,3.767153e-10,-2.861758e-06,-5.762335e-06,-7.854756e-06,-8.691527e-06,-9.369762e-06,-1.016782e-05,-1.110604e-05,-1.223729e-05,-1.287440e-05,-1.280685e-05,-1.231125e-05,-1.172523e-05,-1.135528e-05,-1.106134e-05,-1.073791e-05,-1.058810e-05,-1.046440e-05,8.473242e-04,8.520911e-04,8.568440e-04,8.609698e-04,8.637882e-04,8.641313e-04,8.614062e-04,8.547422e-04,8.447714e-04,8.324519e-04,8.195432e-04,8.065169e-04,7.938465e-04,7.820387e-04,7.708398e-04,7.596062e-04,7.480709e-04,7.365282e-04,3.663565e-05,3.129254e-05,2.597297e-05,2.038010e-05,1.397095e-05,6.994952e-06,1.819083e-07,-5.599046e-06,-9.393867e-06,-1.084085e-05,-9.934552e-06,-7.100743e-06,-3.094637e-06,1.814221e-06,7.821196e-06,1.467038e-05,2.169592e-05,2.869408e-05
-2.045200e-06,1.159948e-04,-1.588482e-04,1.164452e-04,8.455782e-07,-1.619440e-04,-4.322243e-06,-1.188098e-04,-1.645490e-04,-1.231650e-04,4.103851e-06,-1.593044e-04,5.015951e-03,3.254516e-03,2.043281e-03,1.588479e-03,1.624716e-03,1.720835e-03,1.856160e-03,1.886950e-03,1.866798e-03,1.732204e-03,1.601810e-03,1.497170e-03,1.423977e-03,1.398623e-03,1.419374e-03,1.473515e-03,1.546769e-03,1.615358e-03,4.757165e-04,4.235447e-04,3.713901e-04,3.190196e-04,2.661792e-04,2.172825e-04,1.781173e-04,1.405550e-04,9.874169e-05,5.882971e-05,2.379577e-05,-5.349891e-06,-3.040810e-05,-5.333436e-05,-7.452966e-05,-9.609335e-05,-1.188564e-04,-1.414024e-04,-1.283835e-03,-1.018328e-03,-7.506140e-04,-5.140733e-04,-3.238581e-04,-1.713336e-04,-5.116363e-05,4.202825e-05,1.137632e-04,1.616098e-04,1.852548e-04,1.904444e-04,1.816088e-04,1.649677e-04,1.438826e-04,1.194201e-04,9.436270e-05,6.952572e-05,-2.502133e-05,-2.049058e-05,-1.596510e-05,-1.184535e-05,-8.110900e-06,-5.324773e-06,-4.063027e-06,-2.957267e-06,-8.830416e-07,1.588404e-06,4.479070e-06,7.916904e-06,1.206679e-05,1.660407e-05,2.120779e-05,2.559913e-05,2.996044e-05,3.432291e-05,-2.030813e-05,-3.609390e-05,-5.226548e-05,-6.469900e-05,-7.194783e-05,-7.569905e-05,-7.685745e-05,-7.642405e-05,-7.523456e-05,-7.263708e-05,-6.847510e-05,-6.302727e-05,-5.639145e-05,-4.883125e-05,-4.037226e-05,-3.129578e-05,-2.189191e-05,-1.250729e-05
-1.607836e-06,1.180487e-04,-1.638341e-04,1.197904e-04,-9.095460e-07,-1.654521e-04,-3.690849e-06,-1.229230e-04,-1.664595e-04,-1.254257e-04,1.510947e-06,-1.629497e-04,3.254516e-03,2.762002e-03,2.133199e-03,1.839198e-03,1.805425e-03,1.820392e-03,1.898561e-03,1.906107e-03,1.889123e-03,1.760687e-03,1.643095e-03,1.553718e-03,1.491964e-03,1.466973e-03,1.475121e-03,1.507836e-03,1.554476e-03,1.596698e-03,3.800144e-04,3.327112e-04,2.854025e-04,2.379997e-04,1.900047e-04,1.489719e-04,1.207303e-04,9.419937e-05,6.231294e-05,3.110825e-05,3.843215e-06,-1.813091e-05,-3.636602e-05,-5.277394e-05,-6.758852e-05,-8.288599e-05,-9.932240e-05,-1.155453e-04,-7.242179e-04,-5.551489e-04,-3.843993e-04,-2.383100e-04,-1.287422e-04,-4.375706e-05,2.290376e-05,7.497061e-05,1.168848e-04,1.444945e-04,1.552331e-04,1.531541e-04,1.411403e-04,1.238997e-04,1.037431e-04,8.117491e-05,5.847700e-05,3.597641e-05,-1.809639e-05,-1.424186e-05,-1.038698e-05,-6.889807e-06,-3.668330e-06,-1.752908e-06,-1.697201e-06,-1.679514e-06,-3.632460e-07,1.709292e-06,4.536773e-06,8.219180e-06,1.289022e-05,1.819804e-05,2.377517e-05,2.927792e-05,3.478401e-05,4.028930e-05,-1.467610e-05,-2.566956e-05,-3.697906e-05,-4.529163e-05,-4.936022e-05,-5.117529e-05,-5.159096e-05,-5.126202e-05,-5.084129e-05,-4.951244e-05,-4.690311e-05,-4.311936e-05,-3.812038e-05,-3.208063e-05,-2.501408e-05,-1.724373e-05,-9.119295e-06,-1.016470e-06
-1.118248e-06,1.204636e-04,-1.670490e-04,1.225640e-04,-1.272653e-06,-1.681065e-04,-2.985525e-06,-1.255122e-04,-1.686596e-04,-1.271289e-04,3.664498e-07,-1.659470e-04,2.043281e-03,2.133199e-03,2.263238e-03,2.075648e-03,1.981137e-03,1.910050e-03,1.931429e-03,1.915503e-03,1.902587e-03,1.781337e-03,1.677199e-03,1.603583e-03,1.553797e-03,1.529407e-03,1.524604e-03,1.535073e-03,1.553951e-03,1.568684e-03,2.717478e-04,2.310116e-04,1.902468e-04,1.495094e-04,1.080611e-04,7.653384e-05,6.060713e-05,4.623118e-05,2.512777e-05,3.204934e-06,-1.594964e-05,-3.057326e-05,-4.190110e-05,-5.176407e-05,-6.020923e-05,-6.926281e-05,-7.938847e-05,-8.930495e-05,-1.517500e-04,-8.193255e-05,-1.097595e-05,4.166408e-05,6.762366e-05,8.233463e-05,9.304093e-05,1.018616e-04,1.122014e-04,1.182202e-04,1.150756e-04,1.050567e-04,8.943398e-05,7.131860e-05,5.190240e-05,3.110103e-05,1.066076e-05,-9.606903e-06,-1.447678e-05,-1.103488e-05,-7.587718e-06,-4.457141e-06,-1.493980e-06,-1.953780e-07,-1.092304e-06,-1.934423e-06,-1.203986e-06,5.755279e-07,3.372258e-06,7.264031e-06,1.237185e-05,1.832458e-05,2.470207e-05,3.110856e-05,3.754333e-05,4.397663e-05,-2.424349e-05,-2.968499e-05,-3.537035e-05,-3.879996e-05,-3.898667e-05,-3.827650e-05,-3.750033e-05,-3.696247e-05,-3.711318e-05,-3.694593e-05,-3.585294e-05,-3.376355e-05,-3.048645e-05,-2.608128e-05,-2.054073e-05,-1.423451e-05,-7.564658e-06,-9.176186e-07
-9.673447e-07,1.191305e-04,-1.660036e-04,1.216615e-04,-1.999928e-06,-1.664998e-04,-2.690947e-06,-1.251856e-04,-1.665314e-04,-1.258691e-04,-9.022709e-07,-1.645753e-04,1.588479e-03,1.839198e-03,2.075648e-03,2.249530e-03,2.085497e-03,1.958685e-03,1.923786e-03,1.886699e-03,1.872153e-03,1.757006e-03,1.664835e-03,1.603367e-03,1.561293e-03,1.536761e-03,1.524859e-03,1.524165e-03,1.529271e-03,1.530426e-03,2.679652e-04,2.204117e-04,1.728081e-04,1.253388e-04,7.704879e-05,4.169642e-05,2.620065e-05,1.455503e-05,-2.401181e-06,-1.932928e-05,-3.302623e-05,-4.202945e-05,-4.769992e-05,-5.194717e-05,-5.483125e-05,-5.839626e-05,-6.298475e-05,-6.736977e-05,1.146034e-04,1.326600e-04,1.513945e-04,1.564491e-04,1.408271e-04,1.217974e-04,1.070948e-04,9.745484e-05,9.530068e-05,9.381057e-05,8.688024e-05,7.588507e-05,6.125411e-05,4.528791e-05,2.873087e-05,1.126776e-05,-5.622705e-06,-2.235411e-05,-1.637200e-05,-1.251864e-05,-8.656934e-06,-5.086617e-06,-1.578841e-06,-5.601339e-08,-1.185433e-06,-2.419105e-06,-2.102283e-06,-6.833558e-07,1.842793e-06,5.583131e-06,1.066520e-05,1.672138e-05,2.331746e-05,3.002983e-05,3.679196e-05,4.355123e-05,-2.854557e-05,-3.073949e-05,-3.311044e-05,-3.380673e-05,-3.188662e-05,-2.986522e-05,-2.854670e-05,-2.798403e-05,-2.847683e-05,-2.891972e-05,-2.858241e-05,-2.730643e-05,-2.482915e-05,-2.116112e-05,-1.630037e-05,-1.063865e-05,-4.604756e-06,1.405416e-06
-1.142805e-06,1.190102e-04,-1.682460e-04,1.225317e-04,-3.595793e-06,-1.676663e-04,-2.645678e-06,-1.272938e-04,-1.664679e-04,-1.266700e-04,-2.788735e-06,-1.657090e-04,1.624716e-03,1.805425e-03,1.981137e-03,2.085497e-03,2.250048e-03,2.080061e-03,1.994233e-03,1.909723e-03,1.870514e-03,1.742872e-03,1.652437e-03,1.599769e-03,1.570454e-03,1.559305e-03,1.562266e-03,1.574469e-03,1.590382e-03,1.602444e-03,9.006288e-05,6.316548e-05,3.621277e-05,9.430725e-06,-1.810622e-05,-3.204131e-05,-2.544775e-05,-1.738173e-05,-1.766298e-05,-2.026544e-05,-2.181237e-05,-2.065659e-05,-1.771393e-05,-1.451347e-05,-1.063015e-05,-7.613594e-06,-5.598381e-06,-3.380257e-06,1.103293e-04,1.130548e-04,1.161439e-04,1.089722e-04,8.597837e-05,6.444895e-05,5.170997e-05,4.745133e-05,5.315642e-05,6.116119e-05,6.468003e-05,6.493412e-05,6.212766e-05,5.841560e-05,5.470777e-05,5.047359e-05,4.699893e-05,4.367388e-05,-1.224010e-05,-9.086494e-06,-5.922381e-06,-3.037506e-06,-2.279726e-07,4.607502e-07,-1.650119e-06,-3.604811e-06,-3.660297e-06,-2.352786e-06,3.114893e-07,4.427999e-06,1.007422e-05,1.685501e-05,2.430957e-05,3.194745e-05,3.964386e-05,4.733662e-05,-1.978765e-05,-2.039548e-05,-2.113625e-05,-2.061811e-05,-1.800458e-05,-1.576446e-05,-1.458710e-05,-1.437551e-05,-1.532391e-05,-1.625328e-05,-1.637999e-05,-1.552657e-05,-1.341169e-05,-1.005153e-05,-5.479775e-06,-7.621600e-08,5.713157e-06,1.147786e-05
-5.894760e-07,1.179992e-04,-1.664156e-04,1.218347e-04,-3.302976e-06,-1.654795e-04,-1.811483e-06,-1.259465e-04,-1.651934e-04,-1.249503e-04,-2.420268e-06,-1.647958e-04,1.720835e-03,1.820392e-03,1.910050e-03,1.958685e-03,2.080061e-03,2.220757e-03,2.070166e-03,1.943182e-03,1.854781e-03,1.703524e-03,1.604202e-03,1.554397e-03,1.537027e-03,1.542712e-03,1.565389e-03,1.595150e-03,1.627254e-03,1.655619e-03,-6.968483e-05,-7.196173e-05,-7.428170e-05,-7.647405e-05,-7.918994e-05,-6.978307e-05,-4.103869e-05,-1.488866e-05,-2.269537e-06,4.246563e-06,8.696018e-06,1.335257e-05,1.802847e-05,2.174610e-05,2.552213e-05,2.838490e-05,3.027312e-05,3.236152e-05,4.709391e-05,5.261302e-05,5.839690e-05,5.516153e-05,3.805606e-05,2.238617e-05,1.516301e-05,1.672059e-05,2.898856e-05,4.402814e-05,5.512925e-05,6.353087e-05,6.931571e-05,7.454548e-05,8.023631e-05,8.565661e-05,9.194765e-05,9.837929e-05,-1.552014e-05,-1.347439e-05,-1.141946e-05,-9.623299e-06,-7.939765e-06,-8.191796e-06,-1.114403e-05,-1.352752e-05,-1.351986e-05,-1.189475e-05,-8.761892e-06,-4.079965e-06,2.173945e-06,9.574640e-06,1.763586e-05,2.584714e-05,3.410788e-05,4.236649e-05,-2.553464e-05,-2.560610e-05,-2.579607e-05,-2.487390e-05,-2.208129e-05,-1.959868e-05,-1.808110e-05,-1.756032e-05,-1.831892e-05,-1.916426e-05,-1.933883e-05,-1.866776e-05,-1.683928e-05,-1.384279e-05,-9.716485e-06,-4.802444e-06,4.785055e-07,5.736628e-06
1.688486e-06,1.206702e-04,-1.675214e-04,1.251245e-04,-1.640188e-06,-1.660884e-04,5.180975e-07,-1.259053e-04,-1.682400e-04,-1.246802e-04,-3.228680e-07,-1.682123e-04,1.856160e-03,1.898561e-03,1.931429e-03,1.923786e-03,1.994233e-03,2.070166e-03,2.247926e-03,2.073833e-03,1.930041e-03,1.722698e-03,1.590177e-03,1.526095e-03,1.510089e-03,1.528166e-03,1.570530e-03,1.622410e-03,1.680061e-03,1.733749e-03,-7.282327e-06,-2.956020e-06,1.343686e-06,5.706256e-06,9.792106e-06,2.308301e-05,5.109530e-05,7.105026e-05,7.221447e-05,6.508690e-05,5.515424e-05,4.529843e-05,3.545905e-05,2.475336e-05,1.437788e-05,3.422343e-06,-8.561954e-06,-2.034054e-05,-5.106756e-05,-3.141194e-05,-1.146642e-05,-4.617003e-07,-2.186880e-06,-3.346871e-06,2.343178e-06,1.573361e-05,3.916238e-05,6.317694e-05,8.105691e-05,9.446230e-05,1.037314e-04,1.112944e-04,1.185396e-04,1.249094e-04,1.318699e-04,1.389859e-04,-2.088421e-05,-2.059798e-05,-2.030508e-05,-2.024521e-05,-2.030894e-05,-2.187309e-05,-2.549827e-05,-2.786723e-05,-2.727725e-05,-2.500490e-05,-2.136868e-05,-1.635566e-05,-9.917734e-06,-2.492810e-06,5.423230e-06,1.337147e-05,2.136501e-05,2.935737e-05,-3.372115e-05,-3.351580e-05,-3.343367e-05,-3.225006e-05,-2.938530e-05,-2.678094e-05,-2.507650e-05,-2.446472e-05,-2.534467e-05,-2.634838e-05,-2.671532e-05,-2.629864e-05,-2.475452e-05,-2.205860e-05,-1.827387e-05,-1.373405e-05,-8.831082e-06,-3.949800e-06
2.093783e-06,1.193584e-04,-1.650706e-04,1.236365e-04,-1.166531e-06,-1.637695e-04,5.687441e-07,-1.237199e-04,-1.662431e-04,-1.229795e-04,3.733975e-07,-1.659764e-04,1.886950e-03,1.906107e-03,1.915503e-03,1.886699e-03,1.909723e-03,1.943182e-03,2.073833e-03,2.206304e-03,2.004643e-03,1.766268e-03,1.591877e-03,1.501129e-03,1.465018e-03,1.473320e-03,1.515019e-03,1.574418e-03,1.645054e-03,1.711440e-03,1.002044e-04,9.619765e-05,9.217221e-05,8.817876e-05,8.401462e-05,8.724385e-05,1.016764e-04,1.068506e-04,9.203452e-05,7.010887e-05,4.788968e-05,2.798613e-05,9.486841e-06,-8.873021e-06,-2.631015e-05,-4.412025e-05,-6.302787e-05,-8.172520e-05,-1.045722e-04,-7.485437e-05,-4.481549e-05,-2.367683e-05,-1.438358e-05,-4.616873e-06,1.149616e-05,3.501939e-05,6.873561e-05,1.002132e-04,1.211725e-04,1.338957e-04,1.395334e-04,1.413465e-04,1.412780e-04,1.393204e-04,1.374738e-04,1.358077e-04,-1.901248e-05,-1.929408e-05,-1.957032e-05,-2.006643e-05,-2.069683e-05,-2.256056e-05,-2.597628e-05,-2.795603e-05,-2.677018e-05,-2.403746e-05,-2.026270e-05,-1.540757e-05,-9.328059e-06,-2.420216e-06,4.862686e-06,1.212157e-05,1.942306e-05,2.672229e-05,-3.253615e-05,-3.260546e-05,-3.280082e-05,-3.190303e-05,-2.948593e-05,-2.736301e-05,-2.614994e-05,-2.610163e-05,-2.769968e-05,-2.919792e-05,-2.962754e-05,-2.893048e-05,-2.686963e-05,-2.351654e-05,-1.899148e-05,-1.366882e-05,-7.959643e-06,-2.274249e-06
-4.457340e-07,1.179132e-04,-1.623627e-04,1.195428e-04,-8.409075e-07,-1.633754e-04,-2.800481e-06,-1.216898e-04,-1.638101e-04,-1.233755e-04,4.327739e-07,-1.613497e-04,1.866798e-03,1.889123e-03,1.902587e-03,1.872153e-03,1.870514e-03,1.854781e-03,1.930041e-03,2.004643e-03,2.165608e-03,1.931979e-03,1.740034e-03,1.584586e-03,1.472628e-03,1.413853e-03,1.401101e-03,1.426030e-03,1.471761e-03,1.512593e-03,2.202130e-04,1.892096e-04,1.581892e-04,1.271927e-04,9.603122e-05,7.149055e-05,5.607541e-05,3.332838e-05,-5.511144e-06,-4.598361e-05,-8.011016e-05,-1.058352e-04,-1.259796e-04,-1.429684e-04,-1.577130e-04,-1.729464e-04,-1.894355e-04,-2.056990e-04,-1.359918e-04,-8.284703e-05,-2.935526e-05,1.501386e-05,4.681548e-05,7.671963e-05,1.090106e-04,1.432804e-04,1.809799e-04,2.071916e-04,2.119557e-04,1.994330e-04,1.736306e-04,1.402008e-04,1.017934e-04,5.967720e-05,1.686041e-05,-2.572265e-05,-3.672293e-06,-2.639439e-06,-1.601622e-06,-7.976472e-07,-1.662628e-07,-7.077919e-07,-2.555779e-06,-3.189606e-06,-1.025124e-06,2.172414e-06,5.773061e-06,9.822971e-06,1.467255e-05,2.006844e-05,2.573482e-05,3.139555e-05,3.709964e-05,4.279793e-05,-2.268012e-05,-2.494927e-05,-2.734317e-05,-2.866768e-05,-2.857581e-05,-2.874452e-05,-2.964229e-05,-3.135307e-05,-3.415852e-05,-3.594229e-05,-3.546944e-05,-3.293158e-05,-2.847726e-05,-2.245508e-05,-1.500155e-05,-6.607640e-06,2.232511e-06,1.104226e-05
-1.646492e-06,1.081448e-04,-1.525447e-04,1.099193e-04,-3.238902e-06,-1.530110e-04,-4.469626e-06,-1.151479e-04,-1.505417e-04,-1.157699e-04,-2.519247e-06,-1.490186e-04,1.732204e-03,1.760687e-03,1.781337e-03,1.757006e-03,1.742872e-03,1.703524e-03,1.722698e-03,1.766268e-03,1.931979e-03,2.077403e-03,1.876607e-03,1.677719e-03,1.465241e-03,1.305501e-03,1.192883e-03,1.139941e-03,1.118512e-03,1.091712e-03,3.455616e-04,2.829974e-04,2.204180e-04,1.578573e-04,9.513852e-05,3.802767e-05,-1.234325e-05,-6.963485e-05,-1.401543e-04,-2.088312e-04,-2.642703e-04,-3.023390e-04,-3.275441e-04,-3.441445e-04,-3.560232e-04,-3.683649e-04,-3.820788e-04,-3.955636e-04,-1.256438e-04,-5.930284e-05,7.379221e-06,6.531010e-05,1.109002e-04,1.529760e-04,1.940572e-04,2.321898e-04,2.670715e-04,2.831135e-04,2.668869e-04,2.234844e-04,1.605800e-04,8.612333e-05,3.011627e-06,-8.587792e-05,-1.764607e-04,-2.667562e-04,4.943005e-06,6.283359e-06,7.629565e-06,8.731323e-06,9.612340e-06,9.438844e-06,8.334353e-06,8.582527e-06,1.159439e-05,1.564385e-05,1.964866e-05,2.323870e-05,2.688578e-05,3.053750e-05,3.427925e-05,3.810351e-05,4.200360e-05,4.589138e-05,7.879411e-06,3.264514e-06,-1.465183e-06,-5.206346e-06,-7.673192e-06,-1.031390e-05,-1.340761e-05,-1.688268e-05,-2.082636e-05,-2.308539e-05,-2.194141e-05,-1.772747e-05,-1.108031e-05,-2.662083e-06,7.410898e-06,1.854402e-05,3.019793e-05,4.181441e-05
-1.866200e-06,9.970707e-05,-1.455248e-04,1.031160e-04,-6.210005e-06,-1.440885e-04,-4.251574e-06,-1.106823e-04,-1.392489e-04,-1.083324e-04,-5.908999e-06,-1.401930e-04,1.601810e-03,1.643095e-03,1.677199e-03,1.664835e-03,1.652437e-03,1.604202e-03,1.590177e-03,1.591877e-03,1.740034e-03,1.876607e-03,2.074532e-03,1.881385e-03,1.621784e-03,1.343924e-03,1.079475e-03,8.770189e-04,7.072790e-04,5.323057e-04,4.857523e-04,3.884637e-04,2.911611e-04,1.938732e-04,9.643342e-05,3.963024e-06,-8.275618e-05,-1.754282e-04,-2.776642e-04,-3.743612e-04,-4.512251e-04,-5.010061e-04,-5.278164e-04,-5.385270e-04,-5.410807e-04,-5.440421e-04,-5.483199e-04,-5.523848e-04,-5.722810e-05,-7.111985e-06,4.334078e-05,8.519774e-05,1.147058e-04,1.394931e-04,1.613348e-04,1.779847e-04,1.884748e-04,1.792274e-04,1.358536e-04,6.347125e-05,-2.826334e-05,-1.311903e-04,-2.438242e-04,-3.624633e-04,-4.829872e-04,-6.032173e-04,5.767056e-06,7.185658e-06,8.610246e-06,9.788305e-06,1.074646e-05,1.079870e-05,1.022449e-05,1.121289e-05,1.495945e-05,1.984587e-05,2.440296e-05,2.773412e-05,3.016900e-05,3.189833e-05,3.347558e-05,3.526822e-05,3.717850e-05,3.907294e-05,3.738213e-05,3.150900e-05,2.552755e-05,2.050585e-05,1.676454e-05,1.305627e-05,9.208884e-06,5.339893e-06,1.429414e-06,-6.770894e-07,8.665258e-07,5.696650e-06,1.291064e-05,2.174216e-05,3.223387e-05,4.374139e-05,5.578299e-05,6.778630e-05
-3.051354e-06,9.256756e-05,-1.422345e-04,9.815636e-05,-1.015468e-05,-1.386438e-04,-4.503180e-06,-1.093410e-04,-1.308386e-04,-1.037670e-04,-1.001560e-05,-1.343442e-04,1.497170e-03,1.553718e-03,1.603583e-03,1.603367e-03,1.599769e-03,1.554397e-03,1.526095e-03,1.501129e-03,1.584586e-03,1.677719e-03,1.881385e-03,2.089668e-03,1.847428e-03,1.523456e-03,1.122120e-03,7.574969e-04,4.066819e-04,5.232601e-05,5.311534e-04,4.216801e-04,3.121926e-04,2.027198e-04,9.308565e-05,-1.163390e-05,-1.101033e-04,-2.127339e-04,-3.212350e-04,-4.216351e-04,-5.004192e-04,-5.499912e-04,-5.701845e-04,-5.692284e-04,-5.581608e-04,-5.477060e-04,-5.382156e-04,-5.285575e-04,4.390969e-05,6.719534e-05,9.081251e-05,1.057207e-04,1.075519e-04,1.029172e-04,9.321761e-05,7.624075e-05,5.073194e-05,5.971343e-06,-7.003970e-05,-1.700493e-04,-2.827122e-04,-4.001408e-04,-5.229893e-04,-6.485379e-04,-7.745898e-04,-9.004334e-04,7.582412e-06,9.144426e-06,1.071264e-05,1.202282e-05,1.307954e-05,1.321721e-05,1.271330e-05,1.372723e-05,1.732428e-05,2.213895e-05,2.684926e-05,3.048089e-05,3.272482e-05,3.386022e-05,3.481785e-05,3.617839e-05,3.767116e-05,3.915122e-05,6.688915e-05,5.962933e-05,5.226445e-05,4.588884e-05,4.096556e-05,3.644940e-05,3.228346e-05,2.866171e-05,2.562518e-05,2.462867e-05,2.721441e-05,3.277320e-05,4.013989e-05,4.845520e-05,5.798237e-05,6.819675e-05,7.882916e-05,8.943355e-05
-1.924502e-06,8.905065e-05,-1.393188e-04,9.677159e-05,-1.100580e-05,-1.343078e-04,-2.721335e-06,-1.072452e-04,-1.269756e-04,-9.972633e-05,-1.055599e-05,-1.318632e-04,1.423977e-03,1.491964e-03,1.553797e-03,1.561293e-03,1.570454e-03,1.537027e-03,1.510089e-03,1.465018e-03,1.472628e-03,1.465241e-03,1.621784e-03,1.847428e-03,2.054462e-03,1.780345e-03,1.372449e-03,9.198280e-04,4.427140e-04,-3.596185e-05,3.897537e-04,3.032232e-04,2.166764e-04,1.301513e-04,4.343260e-05,-3.762167e-05,-1.101958e-04,-1.833022e-04,-2.573914e-04,-3.204272e-04,-3.615923e-04,-3.751046e-04,-3.598968e-04,-3.243682e-04,-2.802867e-04,-2.376650e-04,-1.953051e-04,-1.528528e-04,1.139428e-04,1.163789e-04,1.191352e-04,1.130441e-04,9.275484e-05,6.424682e-05,2.901207e-05,-1.477029e-05,-6.820989e-05,-1.389017e-04,-2.349431e-04,-3.468121e-04,-4.617935e-04,-5.709637e-04,-6.744809e-04,-7.728588e-04,-8.683179e-04,-9.637664e-04,-2.968573e-07,1.549843e-06,3.400214e-06,5.019844e-06,6.472497e-06,7.018802e-06,6.772620e-06,7.733037e-06,1.077334e-05,1.478497e-05,1.881263e-05,2.214195e-05,2.432240e-05,2.564140e-05,2.715748e-05,2.933808e-05,3.164448e-05,3.394997e-05,6.762079e-05,6.033552e-05,5.294526e-05,4.659738e-05,4.196493e-05,3.810281e-05,3.495804e-05,3.272658e-05,3.146188e-05,3.225308e-05,3.618245e-05,4.240350e-05,4.958594e-05,5.669841e-05,6.388559e-05,7.094936e-05,7.808333e-05,8.521807e-05
3.979048e-06,8.837375e-05,-1.369597e-04,1.004603e-04,-9.546663e-06,-1.290336e-04,3.708667e-06,-1.049639e-04,-1.272568e-04,-9.430048e-05,-8.095914e-06,-1.345519e-04,1.398623e-03,1.466973e-03,1.529407e-03,1.536761e-03,1.559305e-03,1.542712e-03,1.528166e-03,1.473320e-03,1.413853e-03,1.305501e-03,1.343924e-03,1.523456e-03,1.780345e-03,1.996187e-03,1.742141e-03,1.397062e-03,9.592782e-04,5.273321e-04,1.032426e-04,6.298539e-05,2.270872e-05,-1.753361e-05,-5.801073e-05,-9.152262e-05,-1.132288e-04,-1.305745e-04,-1.432805e-04,-1.409571e-04,-1.155754e-04,-6.304172e-05,1.684419e-05,1.148359e-04,2.192523e-04,3.221907e-04,4.258067e-04,5.294103e-04,1.269545e-04,1.216387e-04,1.166226e-04,1.028559e-04,7.440133e-05,3.769995e-05,-4.619182e-06,-5.303098e-05,-1.074364e-04,-1.723113e-04,-2.513297e-04,-3.346714e-04,-4.107050e-04,-4.704749e-04,-5.098860e-04,-5.339156e-04,-5.506532e-04,-5.676401e-04,-3.574933e-05,-3.451551e-05,-3.328367e-05,-3.218790e-05,-3.098756e-05,-3.050193e-05,-3.082752e-05,-3.020099e-05,-2.799183e-05,-2.519122e-05,-2.242898e-05,-2.011237e-05,-1.853952e-05,-1.733276e-05,-1.543741e-05,-1.266148e-05,-9.744917e-06,-6.814063e-06,3.703485e-05,3.191862e-05,2.669383e-05,2.258272e-05,2.049003e-05,1.941068e-05,1.909344e-05,1.955214e-05,2.065267e-05,2.311444e-05,2.748224e-05,3.295270e-05,3.845611e-05,4.298514e-05,4.603493e-05,4.784444e-05,4.925831e-05,5.071269e-05
8.975662e-06,9.210790e-05,-1.336707e-04,1.046615e-04,-3.946950e-06,-1.260857e-04,9.396491e-06,-1.008226e-04,-1.319919e-04,-9.112449e-05,-1.436635e-06,-1.383352e-04,1.419374e-03,1.475121e-03,1.524604e-03,1.524859e-03,1.562266e-03,1.565389e-03,1.570530e-03,1.515019e-03,1.401101e-03,1.192883e-03,1.079475e-03,1.122120e-03,1.372449e-03,1.742141e-03,2.173518e-03,2.160551e-03,2.050786e-03,1.938581e-03,-1.890258e-04,-1.784261e-04,-1.678493e-04,-1.572222e-04,-1.468654e-04,-1.280150e-04,-9.341797e-05,-4.888744e-05,6.378547e-06,8.164506e-05,1.826030e-04,3.126413e-04,4.722128e-04,6.522265e-04,8.417830e-04,1.034447e-03,1.228988e-03,1.423361e-03,7.197281e-05,6.368193e-05,5.566398e-05,3.937931e-05,9.357987e-06,-2.579099e-05,-6.053173e-05,-9.215418e-05,-1.174557e-04,-1.366776e-04,-1.477773e-04,-1.415760e-04,-1.088744e-04,-4.231332e-05,6.219877e-05,1.932219e-04,3.359556e-04,4.781201e-04,-7.135920e-05,-6.979369e-05,-6.823685e-05,-6.669814e-05,-6.470270e-05,-6.316075e-05,-6.247907e-05,-6.121624e-05,-5.902833e-05,-5.690261e-05,-5.522564e-05,-5.420183e-05,-5.407066e-05,-5.448423e-05,-5.451182e-05,-5.411777e-05,-5.362554e-05,-5.309612e-05,-3.123591e-05,-3.114967e-05,-3.117725e-05,-3.005694e-05,-2.675910e-05,-2.252668e-05,-1.796612e-05,-1.336986e-05,-9.176439e-06,-5.109690e-06,-1.352307e-06,1.358717e-06,2.301814e-06,6.785027e-07,-4.161110e-06,-1.136011e-05,-1.940653e-05,-2.737056e-05
1.340206e-05,1.001396e-04,-1.283937e-04,1.090917e-04,6.319385e-06,-1.245335e-04,1.455426e-05,-9.416321e-05,-1.411228e-04,-8.975742e-05,9.884642e-06,-1.429594e-04,1.473515e-03,1.507836e-03,1.535073e-03,1.524165e-03,1.574469e-03,1.595150e-03,1.622410e-03,1.574418e-03,1.426030e-03,1.139941e-03,8.770189e-04,7.574969e-04,9.198280e-04,1.397062e-03,2.160551e-03,2.987427e-03,3.462232e-03,3.989593e-03,-3.996902e-04,-3.503045e-04,-3.009438e-04,-2.515196e-04,-2.023793e-04,-1.434770e-04,-6.546554e-05,2.689685e-05,1.343186e-04,2.650679e-04,4.227347e-04,6.104469e-04,8.299923e-04,1.074663e-03,1.336567e-03,1.611577e-03,1.890012e-03,2.168054e-03,-4.433985e-05,-5.443262e-05,-6.427560e-05,-8.162431e-05,-1.104978e-04,-1.389736e-04,-1.576055e-04,-1.594395e-04,-1.370697e-04,-8.604729e-05,1.727826e-06,1.349270e-04,3.202624e-04,5.634404e-04,8.658435e-04,1.207039e-03,1.564415e-03,1.920822e-03,-1.100003e-04,-1.077229e-04,-1.054608e-04,-1.030862e-04,-9.986629e-05,-9.677025e-05,-9.456058e-05,-9.216933e-05,-8.957038e-05,-8.781327e-05,-8.708377e-05,-8.740823e-05,-8.904371e-05,-9.191141e-05,-9.546524e-05,-9.986094e-05,-1.042760e-04,-1.086207e-04,-1.412661e-04,-1.335575e-04,-1.259689e-04,-1.172418e-04,-1.063740e-04,-9.499558e-05,-8.418244e-05,-7.460831e-05,-6.705644e-05,-6.166721e-05,-5.938225e-05,-6.096373e-05,-6.684118e-05,-7.756954e-05,-9.358674e-05,-1.131419e-04,-1.339987e-04,-1.547261e-04
1.766554e-05,1.083077e-04,-1.242461e-04,1.141715e-04,1.612610e-05,-1.238142e-04,1.961954e-05,-8.813776e-05,-1.504289e-04,-8.895692e-05,2.079202e-05,-1.479440e-04,1.546769e-03,1.554476e-03,1.553951e-03,1.529271e-03,1.590382e-03,1.627254e-03,1.680061e-03,1.645054e-03,1.471761e-03,1.118512e-03,7.072790e-04,4.066819e-04,4.427140e-04,9.592782e-04,2.050786e-03,3.462232e-03,5.178283e-03,6.770743e-03,-5.666373e-04,-4.835840e-04,-4.005572e-04,-3.174558e-04,-2.346373e-04,-1.410349e-04,-2.555013e-05,1.073531e-04,2.572730e-04,4.306674e-04,6.281488e-04,8.517668e-04,1.104134e-03,1.381895e-03,1.681241e-03,2.001699e-03,2.327156e-03,2.652016e-03,-1.735352e-04,-1.843755e-04,-1.949891e-04,-2.122172e-04,-2.380570e-04,-2.567378e-04,-2.545150e-04,-2.198255e-04,-1.406666e-04,-7.771667e-06,1.932194e-04,4.706471e-04,8.287688e-04,1.271992e-03,1.798888e-03,2.379236e-03,2.981540e-03,3.582437e-03,-1.412535e-04,-1.388384e-04,-1.364442e-04,-1.338194e-04,-1.300109e-04,-1.260414e-04,-1.230082e-04,-1.201602e-04,-1.176735e-04,-1.165568e-04,-1.166677e-04,-1.177394e-04,-1.199789e-04,-1.236660e-04,-1.287201e-04,-1.356340e-04,-1.426810e-04,-1.496237e-04,-2.466420e-04,-2.308536e-04,-2.151936e-04,-1.983993e-04,-1.795256e-04,-1.606072e-04,-1.431727e-04,-1.282701e-04,-1.170404e-04,-1.100351e-04,-1.089759e-04,-1.146925e-04,-1.273698e-04,-1.473986e-04,-1.750271e-04,-2.075586e-04,-2.419572e-04,-2.761739e-04
