6.324649e-05,-1.524932e-06,7.060032e-07,3.869777e-05,-1.433453e-06,3.378667e-05,5.130600e-05,-1.747706e-06,-2.209944e-08,3.818692e-05,-1.042096e-06,-3.307945e-05,-1.708711e-06,-1.342251e-06,-9.321557e-07,-8.055402e-07,-9.518310e-07,-4.887528e-07,1.416159e-06,1.755744e-06,-3.669623e-07,-1.369908e-06,-1.552191e-06,-2.542927e-06,-1.601865e-06,3.333398e-06,7.509892e-06,1.120806e-05,1.476935e-05,1.790921e-05,-3.991132e-04,-3.975836e-04,-3.960517e-04,-3.945287e-04,-3.929734e-04,-3.911214e-04,-3.889194e-04,-3.859708e-04,-3.825531e-04,-3.785521e-04,-3.743342e-04,-3.702736e-04,-3.662748e-04,-3.621391e-04,-3.578656e-04,-3.536338e-04,-3.495208e-04,-3.453808e-04,8.206689e-06,8.966363e-06,9.729530e-06,1.047964e-05,1.111439e-05,1.173854e-05,1.214872e-05,1.237369e-05,1.234416e-05,1.199513e-05,1.167136e-05,1.147163e-05,1.170092e-05,1.240881e-05,1.328732e-05,1.421703e-05,1.529181e-05,1.637874e-05,-2.583769e-04,-2.729719e-04,-2.875759e-04,-3.018340e-04,-3.149278e-04,-3.259362e-04,-3.340152e-04,-3.390729e-04,-3.416638e-04,-3.425699e-04,-3.422252e-04,-3.404780e-04,-3.377015e-04,-3.346749e-04,-3.315306e-04,-3.278438e-04,-3.236544e-04,-3.194897e-04,-5.193381e-05,-4.680326e-05,-4.168527e-05,-3.638012e-05,-3.034752e-05,-2.325924e-05,-1.564485e-05,-8.994109e-06,-4.509395e-06,-2.065487e-06,-1.176994e-06,-9.513805e-07,-3.861266e-07,4.306415e-07,5.175413e-07,-3.042085e-07,-1.395831e-06,-2.456172e-06
-1.524932e-06,5.588686e-05,4.951251e-06,4.961093e-06,3.698397e-05,-9.074226e-06,-2.099295e-07,3.225175e-05,-1.727514e-05,-6.634202e-06,3.708669e-05,-7.890169e-06,9.695985e-05,9.867755e-05,1.006970e-04,9.958381e-05,9.948375e-05,9.863854e-05,1.008708e-04,9.977334e-05,9.856435e-05,9.039709e-05,8.334316e-05,7.737550e-05,7.443702e-05,7.387356e-05,7.699803e-05,8.371557e-05,9.054718e-05,9.686060e-05,1.561884e-05,1.490240e-05,1.418686e-05,1.346663e-05,1.275804e-05,1.264081e-05,1.321572e-05,1.371172e-05,1.350730e-05,1.266651e-05,1.140422e-05,9.834648e-06,8.061900e-06,6.050817e-06,3.716989e-06,1.052200e-06,-1.747489e-06,-4.521808e-06,-2.877809e-04,-2.842420e-04,-2.806543e-04,-2.773663e-04,-2.748609e-04,-2.724082e-04,-2.699160e-04,-2.673662e-04,-2.646721e-04,-2.621986e-04,-2.605088e-04,-2.593360e-04,-2.586148e-04,-2.582974e-04,-2.581339e-04,-2.579739e-04,-2.576958e-04,-2.573898e-04,-2.172926e-05,-1.669020e-05,-1.165925e-05,-6.497602e-06,-7.895457e-07,5.330024e-06,1.122491e-05,1.621909e-05,1.954297e-05,2.070399e-05,1.964825e-05,1.677693e-05,1.282997e-05,8.082844e-06,2.322897e-06,-4.223350e-06,-1.092905e-05,-1.760636e-05,9.151477e-05,9.960738e-05,1.077194e-04,1.149419e-04,1.205100e-04,1.235552e-04,1.235871e-04,1.202996e-04,1.144326e-04,1.062951e-04,9.693658e-05,8.693512e-05,7.723652e-05,6.881423e-05,6.181255e-05,5.549832e-05,4.919891e-05,4.287847e-05
7.060032e-07,4.951251e-06,6.175591e-05,-9.197688e-06,3.517007e-05,1.180256e-05,-5.477880e-07,1.767639e-05,-3.413807e-05,9.001239e-06,3.506899e-05,1.141132e-05,-1.327932e-04,-1.369625e-04,-1.396517e-04,-1.387794e-04,-1.406552e-04,-1.391261e-04,-1.400518e-04,-1.380042e-04,-1.357412e-04,-1.275333e-04,-1.216643e-04,-1.189129e-04,-1.164745e-04,-1.145011e-04,-1.117503e-04,-1.073372e-04,-1.038685e-04,-1.003605e-04,-1.359742e-05,-1.073203e-05,-7.863286e-06,-5.002738e-06,-2.105554e-06,3.147923e-07,1.720260e-06,3.084625e-06,4.804244e-06,6.190395e-06,7.003667e-06,7.127815e-06,6.732975e-06,5.990515e-06,4.792578e-06,3.341247e-06,1.900227e-06,4.562876e-07,-2.757427e-04,-2.755118e-04,-2.752688e-04,-2.740485e-04,-2.717201e-04,-2.688738e-04,-2.660479e-04,-2.633602e-04,-2.609828e-04,-2.583615e-04,-2.552840e-04,-2.517634e-04,-2.478755e-04,-2.439469e-04,-2.399982e-04,-2.358812e-04,-2.317011e-04,-2.275167e-04,-2.736333e-05,-2.312943e-05,-1.890399e-05,-1.450862e-05,-9.529650e-06,-3.898144e-06,1.852937e-06,6.772689e-06,9.942637e-06,1.101762e-05,9.989326e-06,7.254028e-06,3.489270e-06,-1.032795e-06,-6.493999e-06,-1.266371e-05,-1.898555e-05,-2.528249e-05,-8.333154e-04,-8.180414e-04,-8.027205e-04,-7.876091e-04,-7.734079e-04,-7.598833e-04,-7.474132e-04,-7.356851e-04,-7.244270e-04,-7.131816e-04,-7.025640e-04,-6.928439e-04,-6.837671e-04,-6.747233e-04,-6.655634e-04,-6.566225e-04,-6.479647e-04,-6.392809e-04
3.869777e-05,4.961093e-06,-9.197688e-06,5.857816e-05,-1.689659e-06,5.690296e-06,3.945307e-05,-7.717218e-06,-7.725066e-06,3.418375e-05,-1.648089e-06,-1.804184e-05,9.734184e-05,1.001401e-04,1.024606e-04,1.017080e-04,1.024369e-04,1.018555e-04,1.046067e-04,1.033633e-04,9.994094e-05,9.189602e-05,8.620954e-05,8.206355e-05,8.090553e-05,8.398980e-05,8.750223e-05,9.120476e-05,9.544995e-05,9.915488e-05,-2.868083e-04,-2.880271e-04,-2.892454e-04,-2.904686e-04,-2.916790e-04,-2.921976e-04,-2.916950e-04,-2.905839e-04,-2.894810e-04,-2.879577e-04,-2.860900e-04,-2.840617e-04,-2.818519e-04,-2.794072e-04,-2.767249e-04,-2.740485e-04,-2.715210e-04,-2.689612e-04,6.126397e-06,8.826950e-06,1.154542e-05,1.370805e-05,1.497422e-05,1.598087e-05,1.684320e-05,1.763266e-05,1.839858e-05,1.868581e-05,1.842533e-05,1.780471e-05,1.712107e-05,1.657623e-05,1.604602e-05,1.544589e-05,1.495677e-05,1.448539e-05,1.944696e-04,1.782134e-04,1.619382e-04,1.456763e-04,1.299865e-04,1.154321e-04,1.028612e-04,9.184658e-05,8.224076e-05,7.405906e-05,6.820580e-05,6.536528e-05,6.537637e-05,6.725620e-05,7.018039e-05,7.389589e-05,7.803020e-05,8.212612e-05,-2.427363e-05,-1.919505e-05,-1.413406e-05,-8.856280e-06,-2.867105e-06,3.662143e-06,1.006719e-05,1.551960e-05,1.909044e-05,2.036224e-05,1.928603e-05,1.628552e-05,1.210210e-05,6.993798e-06,7.601154e-07,-6.327947e-06,-1.359170e-05,-2.082813e-05
-1.433453e-06,3.698397e-05,3.517007e-05,-1.689659e-06,6.310936e-05,-5.744953e-07,-8.508634e-07,3.709393e-05,-3.460131e-05,-4.533611e-07,5.123097e-05,6.801889e-07,7.038905e-07,-7.633223e-07,-1.067102e-06,-1.675173e-06,-3.009600e-06,-2.765603e-06,-1.376697e-06,-9.822738e-07,-7.112221e-07,-2.716984e-06,-5.200936e-06,-8.497738e-06,-9.207491e-06,-7.984914e-06,-3.300469e-06,5.285858e-06,1.348783e-05,2.131617e-05,7.934389e-06,9.061878e-06,1.019214e-05,1.131372e-05,1.246683e-05,1.383412e-05,1.518354e-05,1.646472e-05,1.741143e-05,1.764676e-05,1.720353e-05,1.612107e-05,1.459570e-05,1.269707e-05,1.028643e-05,7.475835e-06,4.567888e-06,1.677862e-06,-4.002158e-04,-3.972900e-04,-3.943161e-04,-3.909767e-04,-3.875825e-04,-3.838900e-04,-3.801491e-04,-3.764322e-04,-3.727842e-04,-3.691670e-04,-3.659224e-04,-3.628349e-04,-3.598944e-04,-3.572564e-04,-3.547548e-04,-3.521713e-04,-3.494685e-04,-3.467418e-04,-3.626326e-05,-2.804840e-05,-1.980726e-05,-1.179508e-05,-3.671325e-06,4.906296e-06,1.326130e-05,2.026850e-05,2.482101e-05,2.599367e-05,2.361284e-05,1.870758e-05,1.297289e-05,7.238229e-06,1.297170e-06,-4.863304e-06,-1.096053e-05,-1.704498e-05,-4.185078e-04,-4.044330e-04,-3.903512e-04,-3.766762e-04,-3.642043e-04,-3.539122e-04,-3.465921e-04,-3.423049e-04,-3.403495e-04,-3.398757e-04,-3.402605e-04,-3.416615e-04,-3.438377e-04,-3.460605e-04,-3.482085e-04,-3.507524e-04,-3.537299e-04,-3.566832e-04
3.378667e-05,-9.074226e-06,1.180256e-05,5.690296e-06,-5.744953e-07,6.099476e-05,3.457634e-05,8.190915e-06,1.205854e-05,1.632113e-05,-3.453322e-07,-3.235852e-05,-1.353812e-04,-1.383146e-04,-1.405345e-04,-1.391926e-04,-1.401688e-04,-1.383412e-04,-1.388503e-04,-1.369112e-04,-1.365812e-04,-1.279151e-04,-1.204545e-04,-1.159027e-04,-1.122787e-04,-1.078700e-04,-1.054066e-04,-1.041111e-04,-1.035124e-04,-1.029120e-04,-2.880314e-04,-2.839480e-04,-2.798616e-04,-2.757834e-04,-2.716683e-04,-2.679490e-04,-2.649491e-04,-2.613592e-04,-2.567605e-04,-2.515093e-04,-2.461220e-04,-2.410080e-04,-2.361192e-04,-2.312177e-04,-2.263294e-04,-2.214479e-04,-2.165711e-04,-2.116914e-04,1.142977e-05,9.125895e-06,6.802913e-06,5.197975e-06,4.574026e-06,4.242921e-06,3.696155e-06,2.856109e-06,1.509414e-06,1.166587e-07,-6.532567e-07,-8.732581e-07,-4.142944e-07,5.539873e-07,1.717542e-06,3.015290e-06,4.385744e-06,5.753739e-06,-7.245296e-04,-7.304455e-04,-7.363504e-04,-7.416912e-04,-7.459458e-04,-7.476154e-04,-7.458897e-04,-7.406797e-04,-7.327077e-04,-7.220629e-04,-7.097315e-04,-6.958675e-04,-6.809127e-04,-6.656259e-04,-6.503287e-04,-6.348595e-04,-6.191640e-04,-6.034669e-04,-2.616292e-05,-2.130826e-05,-1.645184e-05,-1.156111e-05,-6.269034e-06,-5.065117e-07,5.192631e-06,1.010297e-05,1.344991e-05,1.473644e-05,1.384750e-05,1.117341e-05,7.379571e-06,2.737214e-06,-2.909691e-06,-9.313044e-06,-1.589657e-05,-2.245573e-05
5.130600e-05,-2.099295e-07,-5.477880e-07,3.945307e-05,-8.508634e-07,3.457634e-05,6.543382e-05,1.768017e-07,1.254313e-06,3.912046e-05,-4.359287e-07,-3.364911e-05,-3.612595e-06,-3.083907e-06,-2.493467e-06,-2.246773e-06,-2.208536e-06,-1.510658e-06,4.374467e-07,4.805757e-07,-2.335761e-06,-3.730182e-06,-3.546402e-06,-3.756700e-06,-2.268088e-06,3.107260e-06,7.861613e-06,1.217121e-05,1.640281e-05,2.015100e-05,-4.046313e-04,-4.035218e-04,-4.024099e-04,-4.013074e-04,-4.001706e-04,-3.986933e-04,-3.968037e-04,-3.940204e-04,-3.905949e-04,-3.864198e-04,-3.818900e-04,-3.774302e-04,-3.730281e-04,-3.684842e-04,-3.638051e-04,-3.591618e-04,-3.546540e-04,-3.501161e-04,5.154599e-06,5.951736e-06,6.752401e-06,7.542493e-06,8.197244e-06,8.824969e-06,9.201743e-06,9.324496e-06,9.089822e-06,8.376923e-06,7.507461e-06,6.617051e-06,6.046792e-06,5.877748e-06,5.850149e-06,5.867670e-06,6.039793e-06,6.227595e-06,-2.631817e-04,-2.780426e-04,-2.929128e-04,-3.074293e-04,-3.207557e-04,-3.319550e-04,-3.401735e-04,-3.453252e-04,-3.479847e-04,-3.489530e-04,-3.486729e-04,-3.469865e-04,-3.442704e-04,-3.413199e-04,-3.382773e-04,-3.347028e-04,-3.306183e-04,-3.265577e-04,-2.578395e-05,-1.662963e-05,-7.488211e-06,1.836234e-06,1.200691e-05,2.249304e-05,3.211917e-05,4.017185e-05,4.542938e-05,4.649233e-05,4.266815e-05,3.421772e-05,2.217432e-05,7.384558e-06,-9.679879e-06,-2.811558e-05,-4.679703e-05,-6.543502e-05
-1.747706e-06,3.225175e-05,1.767639e-05,-7.717218e-06,3.709393e-05,8.190915e-06,1.768017e-07,5.650580e-05,-4.212815e-06,6.254065e-06,3.705721e-05,9.181710e-06,-9.931635e-05,-1.027556e-04,-1.049211e-04,-1.046494e-04,-1.064128e-04,-1.052876e-04,-1.052542e-04,-1.034288e-04,-1.017328e-04,-9.626462e-05,-9.253160e-05,-9.140987e-05,-8.965672e-05,-8.774774e-05,-8.428346e-05,-7.871360e-05,-7.367386e-05,-6.867773e-05,1.595436e-06,3.113464e-06,4.634751e-06,6.147165e-06,7.696810e-06,9.032572e-06,9.821344e-06,1.078657e-05,1.210680e-05,1.308275e-05,1.349144e-05,1.325498e-05,1.259778e-05,1.165188e-05,1.030242e-05,8.723123e-06,7.130412e-06,5.539693e-06,-2.796465e-04,-2.797500e-04,-2.798415e-04,-2.791593e-04,-2.777050e-04,-2.759262e-04,-2.742829e-04,-2.728611e-04,-2.717907e-04,-2.706839e-04,-2.695132e-04,-2.682153e-04,-2.668240e-04,-2.655917e-04,-2.644458e-04,-2.632036e-04,-2.619142e-04,-2.606175e-04,-2.138390e-05,-1.664677e-05,-1.191829e-05,-7.032373e-06,-1.588005e-06,4.431117e-06,1.044678e-05,1.552540e-05,1.875231e-05,1.975427e-05,1.852099e-05,1.546175e-05,1.129785e-05,6.317536e-06,3.099560e-07,-6.485117e-06,-1.344870e-05,-2.038371e-05,1.043043e-04,1.099032e-04,1.154656e-04,1.208153e-04,1.255719e-04,1.282720e-04,1.281649e-04,1.249598e-04,1.192971e-04,1.119496e-04,1.041232e-04,9.552637e-05,8.582684e-05,7.520365e-05,6.367199e-05,5.115793e-05,3.808009e-05,2.503114e-05
-2.209944e-08,-1.727514e-05,-3.413807e-05,-7.725066e-06,-3.460131e-05,1.205854e-05,1.254313e-06,-4.212815e-06,6.123631e-05,8.929081e-06,-3.470634e-05,1.153863e-05,-1.375541e-04,-1.391525e-04,-1.409928e-04,-1.392153e-04,-1.391631e-04,-1.380979e-04,-1.406444e-04,-1.389742e-04,-1.369393e-04,-1.258456e-04,-1.164045e-04,-1.093742e-04,-1.061463e-04,-1.063836e-04,-1.103448e-04,-1.179811e-04,-1.257640e-04,-1.330192e-04,-9.480679e-06,-9.289597e-06,-9.098717e-06,-8.905564e-06,-8.714383e-06,-9.204986e-06,-1.046325e-05,-1.142658e-05,-1.140985e-05,-1.070077e-05,-9.636250e-06,-8.391361e-06,-6.990466e-06,-5.368751e-06,-3.450914e-06,-1.190681e-06,1.206538e-06,3.577570e-06,2.825867e-04,2.776729e-04,2.726947e-04,2.681227e-04,2.644647e-04,2.607105e-04,2.566614e-04,2.523549e-04,2.477170e-04,2.432106e-04,2.394496e-04,2.361450e-04,2.332185e-04,2.305691e-04,2.280521e-04,2.255449e-04,2.229179e-04,2.202636e-04,2.496470e-05,2.022679e-05,1.549651e-05,1.063826e-05,5.232309e-06,-5.770968e-07,-6.177588e-06,-1.097485e-05,-1.426250e-05,-1.554765e-05,-1.476821e-05,-1.230124e-05,-8.840997e-06,-4.645483e-06,4.666486e-07,6.289732e-06,1.225712e-05,1.819933e-05,8.286920e-04,8.150393e-04,8.013892e-04,7.874245e-04,7.735684e-04,7.601647e-04,7.477928e-04,7.361458e-04,7.250413e-04,7.136076e-04,7.022659e-04,6.916554e-04,6.820540e-04,6.732157e-04,6.650541e-04,6.576843e-04,6.507788e-04,6.438302e-04
3.818692e-05,-6.634202e-06,9.001239e-06,3.418375e-05,-4.533611e-07,1.632113e-05,3.912046e-05,6.254065e-06,8.929081e-06,6.039487e-05,-1.309363e-07,-3.532235e-06,-1.029487e-04,-1.048388e-04,-1.062630e-04,-1.052109e-04,-1.058809e-04,-1.044434e-04,-1.042173e-04,-1.027956e-04,-1.031267e-04,-9.676804e-05,-9.054957e-05,-8.673336e-05,-8.335663e-05,-7.882123e-05,-7.616709e-05,-7.502628e-05,-7.435974e-05,-7.383950e-05,-2.906702e-04,-2.903340e-04,-2.899948e-04,-2.896651e-04,-2.892956e-04,-2.890750e-04,-2.891513e-04,-2.884060e-04,-2.866510e-04,-2.842170e-04,-2.816195e-04,-2.792781e-04,-2.771178e-04,-2.748863e-04,-2.725875e-04,-2.702427e-04,-2.679449e-04,-2.656349e-04,4.235072e-06,3.113650e-06,1.972662e-06,1.332883e-06,1.350533e-06,1.515668e-06,1.405447e-06,1.010447e-06,1.834011e-07,-8.127505e-07,-1.480778e-06,-1.827466e-06,-1.656457e-06,-1.068374e-06,-3.129508e-07,5.468301e-07,1.502758e-06,2.460814e-06,2.294354e-04,2.167130e-04,2.039708e-04,1.912603e-04,1.792308e-04,1.677883e-04,1.572369e-04,1.476234e-04,1.386186e-04,1.289040e-04,1.183217e-04,1.069864e-04,9.480036e-05,8.168688e-05,6.821275e-05,5.516915e-05,4.259500e-05,2.999399e-05,-3.037719e-05,-2.481623e-05,-1.925603e-05,-1.364361e-05,-7.591415e-06,-1.083375e-06,5.277384e-06,1.069094e-05,1.429482e-05,1.555719e-05,1.436110e-05,1.113265e-05,6.617789e-06,1.114520e-06,-5.571055e-06,-1.315857e-05,-2.095647e-05,-2.872547e-05
-1.042096e-06,3.708669e-05,3.506899e-05,-1.648089e-06,5.123097e-05,-3.453322e-07,-4.359287e-07,3.705721e-05,-3.470634e-05,-1.309363e-07,6.314816e-05,1.251100e-07,3.427474e-06,1.259877e-06,3.027907e-07,-7.579536e-07,-2.335270e-06,-2.027962e-06,-2.757828e-07,3.046580e-07,3.530618e-07,-2.115784e-06,-4.949620e-06,-8.381666e-06,-8.831645e-06,-6.772352e-06,-1.202264e-06,8.265725e-06,1.738755e-05,2.618167e-05,5.221712e-06,6.326101e-06,7.433292e-06,8.531898e-06,9.662218e-06,1.105285e-05,1.249551e-05,1.393431e-05,1.509503e-05,1.555965e-05,1.533553e-05,1.446420e-05,1.314587e-05,1.145527e-05,9.258304e-06,6.673813e-06,4.001130e-06,1.345518e-06,-4.003272e-04,-3.974520e-04,-3.945272e-04,-3.911975e-04,-3.877705e-04,-3.839982e-04,-3.801410e-04,-3.763096e-04,-3.725809e-04,-3.689171e-04,-3.656714e-04,-3.626016e-04,-3.596743e-04,-3.570204e-04,-3.545199e-04,-3.519499e-04,-3.492749e-04,-3.465796e-04,-3.577566e-05,-3.009523e-05,-2.446562e-05,-1.821838e-05,-1.055443e-05,-1.982689e-06,6.486255e-06,1.375496e-05,1.858873e-05,2.068713e-05,2.009551e-05,1.690549e-05,1.144256e-05,3.662351e-06,-6.754111e-06,-1.914174e-05,-3.206989e-05,-4.493498e-05,-4.184057e-04,-4.043004e-04,-3.901884e-04,-3.764789e-04,-3.639623e-04,-3.536176e-04,-3.462458e-04,-3.419188e-04,-3.399472e-04,-3.394895e-04,-3.399274e-04,-3.414158e-04,-3.437069e-04,-3.460686e-04,-3.483805e-04,-3.511064e-04,-3.542725e-04,-3.574136e-04
-3.307945e-05,-7.890169e-06,1.141132e-05,-1.804184e-05,6.801889e-07,-3.235852e-05,-3.364911e-05,9.181710e-06,1.153863e-05,-3.532235e-06,1.251100e-07,5.846520e-05,-1.331717e-04,-1.362207e-04,-1.387279e-04,-1.375829e-04,-1.385316e-04,-1.377687e-04,-1.406254e-04,-1.387574e-04,-1.348901e-04,-1.245814e-04,-1.172037e-04,-1.123140e-04,-1.102395e-04,-1.124875e-04,-1.156504e-04,-1.195153e-04,-1.236812e-04,-1.272562e-04,2.606888e-04,2.600010e-04,2.593135e-04,2.586285e-04,2.579402e-04,2.564960e-04,2.540030e-04,2.511715e-04,2.486701e-04,2.458869e-04,2.427651e-04,2.394367e-04,2.360108e-04,2.324733e-04,2.288082e-04,2.252428e-04,2.218360e-04,2.183959e-04,-1.207659e-08,-2.404626e-06,-4.829309e-06,-6.578427e-06,-7.277890e-06,-7.844784e-06,-8.511756e-06,-9.295746e-06,-1.024089e-05,-1.077269e-05,-1.071515e-05,-1.029966e-05,-9.808604e-06,-9.498354e-06,-9.251787e-06,-8.980634e-06,-8.854666e-06,-8.750532e-06,7.083109e-04,7.122953e-04,7.162680e-04,7.197165e-04,7.220723e-04,7.223590e-04,7.200808e-04,7.145100e-04,7.061750e-04,6.958765e-04,6.850856e-04,6.741966e-04,6.636053e-04,6.537354e-04,6.443749e-04,6.349853e-04,6.253436e-04,6.156958e-04,3.060308e-05,2.613695e-05,2.169051e-05,1.701562e-05,1.165844e-05,5.827479e-06,1.327856e-07,-4.699151e-06,-7.870813e-06,-9.079806e-06,-8.321579e-06,-5.952057e-06,-2.602562e-06,1.501608e-06,6.523829e-06,1.225017e-05,1.812394e-05,2.397484e-05
-1.708711e-06,9.695985e-05,-1.327932e-04,9.734184e-05,7.038905e-07,-1.353812e-04,-3.612595e-06,-9.931635e-05,-1.375541e-04,-1.029487e-04,3.427474e-06,-1.331717e-04,4.193310e-03,2.720718e-03,1.708103e-03,1.327883e-03,1.358176e-03,1.438539e-03,1.551678e-03,1.577426e-03,1.560582e-03,1.448060e-03,1.339051e-03,1.251575e-03,1.190387e-03,1.169194e-03,1.186546e-03,1.231812e-03,1.293059e-03,1.350406e-03,3.976754e-04,3.540552e-04,3.104495e-04,2.666634e-04,2.224851e-04,1.816038e-04,1.488580e-04,1.174523e-04,8.249331e-05,4.912484e-05,1.983549e-05,-4.530233e-06,-2.547807e-05,-4.464312e-05,-6.236068e-05,-8.038604e-05,-9.941422e-05,-1.182609e-04,-1.073251e-03,-8.512907e-04,-6.274848e-04,-4.297390e-04,-2.707199e-04,-1.432093e-04,-4.274681e-05,3.516195e-05,9.513203e-05,1.351305e-04,1.548952e-04,1.592301e-04,1.518391e-04,1.379219e-04,1.202896e-04,9.983335e-05,7.887985e-05,5.811064e-05,-2.089246e-05,-1.710382e-05,-1.331957e-05,-9.874652e-06,-6.752248e-06,-4.423164e-06,-3.369009e-06,-2.445851e-06,-7.133839e-07,1.350890e-06,3.765341e-06,6.636960e-06,1.010355e-05,1.389369e-05,1.773922e-05,2.140724e-05,2.505023e-05,2.869420e-05,-1.695078e-05,-3.014656e-05,-4.366484e-05,-5.405825e-05,-6.011746e-05,-6.325277e-05,-6.422054e-05,-6.385776e-05,-6.286329e-05,-6.069232e-05,-5.721411e-05,-5.266158e-05,-4.711644e-05,-4.079908e-05,-3.373089e-05,-2.614689e-05,-1.828930e-05,-1.044780e-05
-1.342251e-06,9.867755e-05,-1.369625e-04,1.001401e-04,-7.633223e-07,-1.383146e-04,-3.083907e-06,-1.027556e-04,-1.391525e-04,-1.048388e-04,1.259877e-06,-1.362207e-04,2.720718e-03,2.308970e-03,1.783282e-03,1.537500e-03,1.509267e-03,1.521786e-03,1.587141e-03,1.593456e-03,1.579259e-03,1.471884e-03,1.373576e-03,1.298859e-03,1.247235e-03,1.226347e-03,1.233163e-03,1.260518e-03,1.299515e-03,1.334819e-03,3.176485e-04,2.781007e-04,2.385482e-04,1.989173e-04,1.587917e-04,1.244864e-04,1.008742e-04,7.869192e-05,5.203255e-05,2.594378e-05,3.149418e-06,-1.522084e-05,-3.046454e-05,-4.418027e-05,-5.656357e-05,-6.935039e-05,-8.308949e-05,-9.665004e-05,-6.054044e-04,-4.640664e-04,-3.213235e-04,-1.991956e-04,-1.075982e-04,-3.655113e-05,1.917712e-05,6.270479e-05,9.774430e-05,1.208243e-04,1.297990e-04,1.280571e-04,1.180088e-04,1.035904e-04,8.673397e-05,6.786126e-05,4.888011e-05,3.006394e-05,-1.510175e-05,-1.187938e-05,-8.656696e-06,-5.733169e-06,-3.040422e-06,-1.439909e-06,-1.394505e-06,-1.381332e-06,-2.827337e-07,1.447954e-06,3.809596e-06,6.885808e-06,1.078832e-05,1.522294e-05,1.988261e-05,2.448016e-05,2.908060e-05,3.368037e-05,-1.224387e-05,-2.143310e-05,-3.088652e-05,-3.783466e-05,-4.123499e-05,-4.275145e-05,-4.309807e-05,-4.282240e-05,-4.247046e-05,-4.135999e-05,-3.917978e-05,-3.601845e-05,-3.184180e-05,-2.679563e-05,-2.089167e-05,-1.439976e-05,-7.611955e-06,-8.422013e-07
-9.321557e-07,1.006970e-04,-1.396517e-04,1.024606e-04,-1.067102e-06,-1.405345e-04,-2.493467e-06,-1.049211e-04,-1.409928e-04,-1.062630e-04,3.027907e-07,-1.387279e-04,1.708103e-03,1.783282e-03,1.892004e-03,1.735189e-03,1.656182e-03,1.596759e-03,1.614634e-03,1.601326e-03,1.590530e-03,1.489160e-03,1.402099e-03,1.340558e-03,1.298940e-03,1.278554e-03,1.274544e-03,1.283302e-03,1.299091e-03,1.311415e-03,2.271178e-04,1.930622e-04,1.589827e-04,1.249263e-04,9.027569e-05,6.391887e-05,5.060353e-05,3.858395e-05,2.093993e-05,2.611201e-06,-1.340261e-05,-2.562776e-05,-3.509697e-05,-4.334113e-05,-5.039960e-05,-5.796654e-05,-6.642987e-05,-7.471830e-05,-1.268117e-04,-6.844869e-05,-9.133345e-06,3.487035e-05,5.657061e-05,6.886780e-05,7.781734e-05,8.519051e-05,9.383330e-05,9.886286e-05,9.623086e-05,8.785092e-05,7.478532e-05,5.963531e-05,4.339765e-05,2.600179e-05,8.907805e-06,-8.041862e-06,-1.207342e-05,-9.196995e-06,-6.316172e-06,-3.700086e-06,-1.224161e-06,-1.400300e-07,-8.915887e-07,-1.597617e-06,-9.890271e-07,4.965750e-07,2.832519e-06,6.083900e-06,1.035182e-05,1.532592e-05,2.065508e-05,2.600859e-05,3.138587e-05,3.676191e-05,-2.023981e-05,-2.478756e-05,-2.953916e-05,-3.240510e-05,-3.256011e-05,-3.196535e-05,-3.131543e-05,-3.086496e-05,-3.099065e-05,-3.085124e-05,-2.993871e-05,-2.819393e-05,-2.545686e-05,-2.177732e-05,-1.714924e-05,-1.188151e-05,-6.309898e-06,-7.573460e-07
-8.055402e-07,9.958381e-05,-1.387794e-04,1.017080e-04,-1.675173e-06,-1.391926e-04,-2.246773e-06,-1.046494e-04,-1.392153e-04,-1.052109e-04,-7.579536e-07,-1.375829e-04,1.327883e-03,1.537500e-03,1.735189e-03,1.880575e-03,1.743451e-03,1.637440e-03,1.608265e-03,1.577264e-03,1.565104e-03,1.468836e-03,1.391779e-03,1.340393e-03,1.305222e-03,1.284718e-03,1.274774e-03,1.274200e-03,1.278475e-03,1.279448e-03,2.239391e-04,1.841865e-04,1.443919e-04,1.047098e-04,6.434144e-05,3.478868e-05,2.183528e-05,1.209956e-05,-2.076554e-06,-1.622917e-05,-2.768013e-05,-3.520649e-05,-3.994609e-05,-4.349552e-05,-4.590497e-05,-4.888351e-05,-5.271782e-05,-5.638200e-05,9.586548e-05,1.109561e-04,1.266133e-04,1.308353e-04,1.177730e-04,1.018624e-04,8.956962e-05,8.150928e-05,7.970675e-05,7.845868e-05,7.266158e-05,6.346536e-05,5.122882e-05,3.787551e-05,2.402812e-05,9.423060e-06,-4.703246e-06,-1.869656e-05,-1.365416e-05,-1.043460e-05,-7.208064e-06,-4.225177e-06,-1.294685e-06,-2.370345e-08,-9.700902e-07,-2.003781e-06,-1.741162e-06,-5.570773e-07,1.552717e-06,4.677679e-06,8.924363e-06,1.398534e-05,1.949768e-05,2.510737e-05,3.075878e-05,3.640780e-05,-2.383588e-05,-2.566876e-05,-2.764961e-05,-2.823061e-05,-2.662439e-05,-2.493345e-05,-2.383009e-05,-2.335883e-05,-2.377046e-05,-2.414108e-05,-2.386029e-05,-2.279550e-05,-2.072704e-05,-1.766370e-05,-1.360388e-05,-8.874888e-06,-3.834867e-06,1.185332e-06
-9.518310e-07,9.948375e-05,-1.406552e-04,1.024369e-04,-3.009600e-06,-1.401688e-04,-2.208536e-06,-1.064128e-04,-1.391631e-04,-1.058809e-04,-2.335270e-06,-1.385316e-04,1.358176e-03,1.509267e-03,1.656182e-03,1.743451e-03,1.881029e-03,1.738923e-03,1.667171e-03,1.596523e-03,1.563746e-03,1.457031e-03,1.381423e-03,1.337394e-03,1.312889e-03,1.303574e-03,1.306055e-03,1.316264e-03,1.329575e-03,1.339665e-03,7.519827e-05,5.271591e-05,3.018732e-05,7.801425e-06,-1.521563e-05,-2.686200e-05,-2.134732e-05,-1.460300e-05,-1.483813e-05,-1.701405e-05,-1.830734e-05,-1.734065e-05,-1.487962e-05,-1.220277e-05,-8.954704e-06,-6.431103e-06,-4.744765e-06,-2.888766e-06,9.229271e-05,9.456703e-05,9.714537e-05,9.114668e-05,7.192193e-05,5.392206e-05,4.327113e-05,3.970972e-05,4.447764e-05,5.116734e-05,5.410579e-05,5.431395e-05,5.196267e-05,4.885382e-05,4.574839e-05,4.220274e-05,3.929208e-05,3.650650e-05,-1.019307e-05,-7.559239e-06,-4.916620e-06,-2.507479e-06,-1.613781e-07,4.117147e-07,-1.355645e-06,-2.992487e-06,-3.041388e-06,-1.950614e-06,2.746055e-07,3.714116e-06,8.432602e-06,1.409959e-05,2.032992e-05,2.671365e-05,3.314645e-05,3.957619e-05,-1.651296e-05,-1.701997e-05,-1.763809e-05,-1.720394e-05,-1.501812e-05,-1.314437e-05,-1.215904e-05,-1.198124e-05,-1.277371e-05,-1.355099e-05,-1.365807e-05,-1.294653e-05,-1.118102e-05,-8.375045e-06,-4.556808e-06,-4.362846e-08,4.791981e-06,9.606978e-06
-4.887528e-07,9.863854e-05,-1.391261e-04,1.018555e-04,-2.765603e-06,-1.383412e-04,-1.510658e-06,-1.052876e-04,-1.380979e-04,-1.044434e-04,-2.027962e-06,-1.377687e-04,1.438539e-03,1.521786e-03,1.596759e-03,1.637440e-03,1.738923e-03,1.856554e-03,1.730660e-03,1.624503e-03,1.550601e-03,1.424143e-03,1.341106e-03,1.299469e-03,1.284950e-03,1.289707e-03,1.308672e-03,1.333559e-03,1.360406e-03,1.384126e-03,-5.835963e-05,-6.025834e-05,-6.219305e-05,-6.402107e-05,-6.628685e-05,-5.841853e-05,-3.438498e-05,-1.252181e-05,-1.971839e-06,3.475567e-06,7.195333e-06,1.108865e-05,1.499859e-05,1.810767e-05,2.126591e-05,2.366079e-05,2.524081e-05,2.698822e-05,3.943007e-05,4.404069e-05,4.887263e-05,4.616547e-05,3.186412e-05,1.876341e-05,1.272411e-05,1.402525e-05,2.427981e-05,3.685059e-05,4.612772e-05,5.314710e-05,5.797802e-05,6.234441e-05,6.709615e-05,7.162154e-05,7.687489e-05,8.224581e-05,-1.292813e-05,-1.122099e-05,-9.506172e-06,-8.007714e-06,-6.603465e-06,-6.817345e-06,-9.288535e-06,-1.128424e-05,-1.128064e-05,-9.924548e-06,-7.307661e-06,-3.395416e-06,1.831233e-06,8.016668e-06,1.475440e-05,2.161775e-05,2.852259e-05,3.542564e-05,-2.131242e-05,-2.137127e-05,-2.152917e-05,-2.075750e-05,-1.842220e-05,-1.634593e-05,-1.507630e-05,-1.464009e-05,-1.527390e-05,-1.598094e-05,-1.612804e-05,-1.556894e-05,-1.404284e-05,-1.154090e-05,-8.095040e-06,-3.991083e-06,4.195051e-07,4.811024e-06
1.416159e-06,1.008708e-04,-1.400518e-04,1.046067e-04,-1.376697e-06,-1.388503e-04,4.374467e-07,-1.052542e-04,-1.406444e-04,-1.042173e-04,-2.757828e-07,-1.406254e-04,1.551678e-03,1.587141e-03,1.614634e-03,1.608265e-03,1.667171e-03,1.730660e-03,1.879273e-03,1.733733e-03,1.613522e-03,1.440175e-03,1.329383e-03,1.275810e-03,1.262432e-03,1.277548e-03,1.312972e-03,1.356351e-03,1.404555e-03,1.449446e-03,-6.192056e-06,-2.570785e-06,1.028256e-06,4.679856e-06,8.100028e-06,1.921510e-05,4.263631e-05,5.932005e-05,6.029332e-05,5.433423e-05,4.603019e-05,3.779082e-05,2.956565e-05,2.061650e-05,1.194375e-05,2.786235e-06,-7.231482e-06,-1.707720e-05,-4.262737e-05,-2.619811e-05,-9.526522e-06,-3.284582e-07,-1.771382e-06,-2.741297e-06,2.015305e-06,1.320906e-05,3.279429e-05,5.286821e-05,6.781240e-05,7.901477e-05,8.675826e-05,9.307501e-05,9.912598e-05,1.044449e-04,1.102576e-04,1.162004e-04,-1.741104e-05,-1.717515e-05,-1.693369e-05,-1.688709e-05,-1.694388e-05,-1.825505e-05,-2.128915e-05,-2.327299e-05,-2.278278e-05,-2.088571e-05,-1.784804e-05,-1.365893e-05,-8.278321e-06,-2.072466e-06,4.544087e-06,1.118776e-05,1.786945e-05,2.455015e-05,-2.814671e-05,-2.797438e-05,-2.790503e-05,-2.691503e-05,-2.451964e-05,-2.234180e-05,-2.091611e-05,-2.040391e-05,-2.113925e-05,-2.197876e-05,-2.228678e-05,-2.194045e-05,-2.065220e-05,-1.840164e-05,-1.524148e-05,-1.145052e-05,-7.356062e-06,-3.279721e-06
1.755744e-06,9.977334e-05,-1.380042e-04,1.033633e-04,-9.822738e-07,-1.369112e-04,4.805757e-07,-1.034288e-04,-1.389742e-04,-1.027956e-04,3.046580e-07,-1.387574e-04,1.577426e-03,1.593456e-03,1.601326e-03,1.577264e-03,1.596523e-03,1.624503e-03,1.733733e-03,1.844485e-03,1.675894e-03,1.476604e-03,1.330808e-03,1.254942e-03,1.224754e-03,1.231699e-03,1.266567e-03,1.316231e-03,1.375292e-03,1.430798e-03,8.366751e-05,8.032159e-05,7.696005e-05,7.362527e-05,7.014770e-05,7.285051e-05,8.491836e-05,8.924484e-05,7.685820e-05,5.852762e-05,3.995188e-05,2.331252e-05,7.847621e-06,-7.500425e-06,-2.207670e-05,-3.696461e-05,-5.277020e-05,-6.839997e-05,-8.734804e-05,-6.250662e-05,-3.739683e-05,-1.972669e-05,-1.195809e-05,-3.793118e-06,9.677393e-06,2.934256e-05,5.752848e-05,8.384176e-05,1.013604e-04,1.119926e-04,1.167003e-04,1.182101e-04,1.181467e-04,1.165039e-04,1.149540e-04,1.135549e-04,-1.585763e-05,-1.609671e-05,-1.633130e-05,-1.674974e-05,-1.728054e-05,-1.884242e-05,-2.170163e-05,-2.336021e-05,-2.237187e-05,-2.008982e-05,-1.693612e-05,-1.287872e-05,-7.797388e-06,-2.023423e-06,4.064259e-06,1.013210e-05,1.623572e-05,2.233745e-05,-2.714412e-05,-2.720169e-05,-2.736461e-05,-2.661382e-05,-2.459290e-05,-2.281773e-05,-2.180297e-05,-2.176192e-05,-2.309766e-05,-2.435063e-05,-2.471110e-05,-2.413041e-05,-2.241018e-05,-1.961023e-05,-1.583115e-05,-1.138573e-05,-6.617252e-06,-1.868649e-06
-3.669623e-07,9.856435e-05,-1.357412e-04,9.994094e-05,-7.112221e-07,-1.365812e-04,-2.335761e-06,-1.017328e-04,-1.369393e-04,-1.031267e-04,3.530618e-07,-1.348901e-04,1.560582e-03,1.579259e-03,1.590530e-03,1.565104e-03,1.563746e-03,1.550601e-03,1.613522e-03,1.675894e-03,1.810463e-03,1.615141e-03,1.454670e-03,1.324713e-03,1.231118e-03,1.181986e-03,1.171331e-03,1.192178e-03,1.230418e-03,1.264561e-03,1.839987e-04,1.580826e-04,1.321523e-04,1.062420e-04,8.019367e-05,5.967991e-05,4.679423e-05,2.777781e-05,-4.693009e-06,-3.852903e-05,-6.705942e-05,-8.856546e-05,-1.054055e-04,-1.196071e-04,-1.319321e-04,-1.446655e-04,-1.584489e-04,-1.720437e-04,-1.136059e-04,-6.917976e-05,-2.446354e-05,1.262707e-05,3.921246e-05,6.421222e-05,9.120750e-05,1.198569e-04,1.513729e-04,1.732838e-04,1.772631e-04,1.667894e-04,1.452128e-04,1.172593e-04,8.514432e-05,4.992858e-05,1.412720e-05,-2.147876e-05,-3.042163e-06,-2.182473e-06,-1.318631e-06,-6.503222e-07,-1.264009e-07,-5.830449e-07,-2.131735e-06,-2.665169e-06,-8.586618e-07,1.812075e-06,4.820373e-06,8.204818e-06,1.225817e-05,1.676839e-05,2.150496e-05,2.623707e-05,3.100559e-05,3.576927e-05,-1.889544e-05,-2.079239e-05,-2.279361e-05,-2.390096e-05,-2.382421e-05,-2.396507e-05,-2.471515e-05,-2.614484e-05,-2.849004e-05,-2.998176e-05,-2.958776e-05,-2.746813e-05,-2.374688e-05,-1.871547e-05,-1.248808e-05,-5.474942e-06,1.911182e-06,9.271903e-06
-1.369908e-06,9.039709e-05,-1.275333e-04,9.189602e-05,-2.716984e-06,-1.279151e-04,-3.730182e-06,-9.626462e-05,-1.258456e-04,-9.676804e-05,-2.115784e-06,-1.245814e-04,1.448060e-03,1.471884e-03,1.489160e-03,1.468836e-03,1.457031e-03,1.424143e-03,1.440175e-03,1.476604e-03,1.615141e-03,1.736714e-03,1.568843e-03,1.402571e-03,1.224939e-03,1.091400e-03,9.972556e-04,9.530009e-04,9.350929e-04,9.126939e-04,2.887934e-04,2.364912e-04,1.841763e-04,1.318770e-04,7.944550e-05,3.170181e-05,-1.040813e-05,-5.830488e-05,-1.172609e-04,-1.746764e-04,-2.210244e-04,-2.528498e-04,-2.739206e-04,-2.877973e-04,-2.977261e-04,-3.080418e-04,-3.195048e-04,-3.307762e-04,-1.049482e-04,-4.949013e-05,6.253084e-06,5.468119e-05,9.279362e-05,1.279687e-04,1.623124e-04,1.941911e-04,2.233513e-04,2.367603e-04,2.231912e-04,1.869017e-04,1.343077e-04,7.205573e-05,2.567920e-06,-7.175035e-05,-1.474841e-04,-2.229777e-04,4.153698e-06,5.270196e-06,6.391588e-06,7.308586e-06,8.040953e-06,7.891774e-06,6.964508e-06,7.168380e-06,9.683333e-06,1.306639e-05,1.641275e-05,1.941297e-05,2.246129e-05,2.551366e-05,2.864153e-05,3.183868e-05,3.509940e-05,3.834982e-05,6.658723e-06,2.800482e-06,-1.153710e-06,-4.281610e-06,-6.344137e-06,-8.551722e-06,-1.113769e-05,-1.404235e-05,-1.733909e-05,-1.922808e-05,-1.827295e-05,-1.475200e-05,-9.197397e-06,-2.162732e-06,6.254707e-06,1.555803e-05,2.529668e-05,3.500405e-05
-1.552191e-06,8.334316e-05,-1.216643e-04,8.620954e-05,-5.200936e-06,-1.204545e-04,-3.546402e-06,-9.253160e-05,-1.164045e-04,-9.054957e-05,-4.949620e-06,-1.172037e-04,1.339051e-03,1.373576e-03,1.402099e-03,1.391779e-03,1.381423e-03,1.341106e-03,1.329383e-03,1.330808e-03,1.454670e-03,1.568843e-03,1.734311e-03,1.572839e-03,1.355813e-03,1.123524e-03,9.024468e-04,7.331952e-04,5.912963e-04,4.450218e-04,4.059907e-04,3.246577e-04,2.433130e-04,1.619806e-04,8.052110e-05,3.215647e-06,-6.928259e-05,-1.467583e-04,-2.322302e-04,-3.130712e-04,-3.773307e-04,-4.189479e-04,-4.413606e-04,-4.503132e-04,-4.524459e-04,-4.549193e-04,-4.584932e-04,-4.618893e-04,-4.775165e-05,-5.857984e-06,3.631709e-05,7.130692e-05,9.597419e-05,1.166956e-04,1.349546e-04,1.488733e-04,1.576416e-04,1.499083e-04,1.136438e-04,5.312692e-05,-2.356922e-05,-1.096224e-04,-2.037909e-04,-3.029800e-04,-4.037445e-04,-5.042636e-04,4.835909e-06,6.017536e-06,7.204169e-06,8.184677e-06,8.981281e-06,9.020636e-06,8.536592e-06,9.359293e-06,1.248852e-05,1.657138e-05,2.037958e-05,2.316355e-05,2.519863e-05,2.664405e-05,2.796255e-05,2.946143e-05,3.105885e-05,3.264301e-05,3.132231e-05,2.641230e-05,2.141176e-05,1.721345e-05,1.408562e-05,1.098571e-05,7.769854e-06,4.536025e-06,1.267166e-06,-4.942406e-07,7.950190e-07,4.831102e-06,1.085957e-05,1.823974e-05,2.700722e-05,3.662353e-05,4.668629e-05,5.671704e-05
-2.542927e-06,7.737550e-05,-1.189129e-04,8.206355e-05,-8.497738e-06,-1.159027e-04,-3.756700e-06,-9.140987e-05,-1.093742e-04,-8.673336e-05,-8.381666e-06,-1.123140e-04,1.251575e-03,1.298859e-03,1.340558e-03,1.340393e-03,1.337394e-03,1.299469e-03,1.275810e-03,1.254942e-03,1.324713e-03,1.402571e-03,1.572839e-03,1.746970e-03,1.544459e-03,1.273621e-03,9.381027e-04,6.332759e-04,3.399940e-04,4.375142e-05,4.439507e-04,3.524305e-04,2.608984e-04,1.693787e-04,7.772403e-05,-9.822432e-06,-9.214455e-05,-1.779463e-04,-2.686564e-04,-3.525937e-04,-4.184590e-04,-4.599019e-04,-4.767830e-04,-4.759823e-04,-4.667276e-04,-4.579848e-04,-4.500484e-04,-4.419718e-04,3.679358e-05,5.625652e-05,7.599658e-05,8.845678e-05,8.998567e-05,8.610973e-05,7.799967e-05,6.380566e-05,4.247831e-05,5.055294e-06,-5.849461e-05,-1.421084e-04,-2.363012e-04,-3.344782e-04,-4.371865e-04,-5.421523e-04,-6.475388e-04,-7.527512e-04,6.352973e-06,7.654631e-06,8.961472e-06,1.005258e-05,1.093174e-05,1.104269e-05,1.061763e-05,1.146187e-05,1.446627e-05,1.848928e-05,2.242569e-05,2.546094e-05,2.733645e-05,2.828535e-05,2.908583e-05,3.022344e-05,3.147176e-05,3.270944e-05,5.598226e-05,4.991321e-05,4.375634e-05,3.842638e-05,3.431062e-05,3.053549e-05,2.705346e-05,2.402641e-05,2.148825e-05,2.065487e-05,2.281544e-05,2.746078e-05,3.361699e-05,4.056572e-05,4.852697e-05,5.706237e-05,6.594718e-05,7.480859e-05
-1.601865e-06,7.443702e-05,-1.164745e-04,8.090553e-05,-9.207491e-06,-1.122787e-04,-2.268088e-06,-8.965672e-05,-1.061463e-04,-8.335663e-05,-8.831645e-06,-1.102395e-04,1.190387e-03,1.247235e-03,1.298940e-03,1.305222e-03,1.312889e-03,1.284950e-03,1.262432e-03,1.224754e-03,1.231118e-03,1.224939e-03,1.355813e-03,1.544459e-03,1.717548e-03,1.488389e-03,1.147384e-03,7.689859e-04,3.701123e-04,-3.006742e-05,3.257466e-04,2.534067e-04,1.810532e-04,1.087179e-04,3.622072e-05,-3.154141e-05,-9.221486e-05,-1.533343e-04,-2.152760e-04,-2.679766e-04,-3.023925e-04,-3.136896e-04,-3.009757e-04,-2.712726e-04,-2.344185e-04,-1.987845e-04,-1.633694e-04,-1.278771e-04,9.532989e-05,9.736230e-05,9.966233e-05,9.456677e-05,7.760260e-05,5.376805e-05,2.431004e-05,-1.229406e-05,-5.697238e-05,-1.160748e-04,-1.963712e-04,-2.899008e-04,-3.860331e-04,-4.773074e-04,-5.638561e-04,-6.461084e-04,-7.259208e-04,-8.057241e-04,-2.305964e-07,1.309618e-06,2.852902e-06,4.203258e-06,5.413978e-06,5.867090e-06,5.657967e-06,6.457869e-06,8.997109e-06,1.234894e-05,1.571473e-05,1.849725e-05,2.031965e-05,2.142197e-05,2.268919e-05,2.451218e-05,2.644050e-05,2.836805e-05,5.658188e-05,5.049180e-05,4.431397e-05,3.900745e-05,3.513502e-05,3.190679e-05,2.927848e-05,2.741369e-05,2.635672e-05,2.701785e-05,3.030173e-05,3.550080e-05,4.150308e-05,4.744636e-05,5.345156e-05,5.935322e-05,6.531352e-05,7.127447e-05
3.333398e-06,7.387356e-05,-1.145011e-04,8.398980e-05,-7.984914e-06,-1.078700e-04,3.107260e-06,-8.774774e-05,-1.063836e-04,-7.882123e-05,-6.772352e-06,-1.124875e-04,1.169194e-03,1.226347e-03,1.278554e-03,1.284718e-03,1.303574e-03,1.289707e-03,1.277548e-03,1.231699e-03,1.181986e-03,1.091400e-03,1.123524e-03,1.273621e-03,1.488389e-03,1.668837e-03,1.456448e-03,1.167951e-03,8.019516e-04,4.408320e-04,8.621835e-05,5.256368e-05,1.889273e-05,-1.474950e-05,-4.858805e-05,-7.660403e-05,-9.475123e-05,-1.092541e-04,-1.198788e-04,-1.179388e-04,-9.672117e-05,-5.280371e-05,1.398120e-05,9.590330e-05,1.831971e-04,2.692555e-04,3.558803e-04,4.424948e-04,1.061883e-04,1.017402e-04,9.754279e-05,8.603059e-05,6.224036e-05,3.155622e-05,-3.824404e-06,-4.429893e-05,-8.978510e-05,-1.440253e-04,-2.100913e-04,-2.797734e-04,-3.433469e-04,-3.933247e-04,-4.262827e-04,-4.463818e-04,-4.603848e-04,-4.745962e-04,-2.987205e-05,-2.884366e-05,-2.781692e-05,-2.690396e-05,-2.590360e-05,-2.550062e-05,-2.577557e-05,-2.525430e-05,-2.340953e-05,-2.106991e-05,-1.876193e-05,-1.682606e-05,-1.551168e-05,-1.450328e-05,-1.291916e-05,-1.059869e-05,-8.160518e-06,-5.710406e-06,3.099318e-05,2.671709e-05,2.235025e-05,1.891430e-05,1.716569e-05,1.626433e-05,1.600014e-05,1.638447e-05,1.730486e-05,1.936254e-05,2.301287e-05,2.758436e-05,3.218289e-05,3.596634e-05,3.851261e-05,4.002159e-05,4.119973e-05,4.241176e-05
7.509892e-06,7.699803e-05,-1.117503e-04,8.750223e-05,-3.300469e-06,-1.054066e-04,7.861613e-06,-8.428346e-05,-1.103448e-04,-7.616709e-05,-1.202264e-06,-1.156504e-04,1.186546e-03,1.233163e-03,1.274544e-03,1.274774e-03,1.306055e-03,1.308672e-03,1.312972e-03,1.266567e-03,1.171331e-03,9.972556e-04,9.024468e-04,9.381027e-04,1.147384e-03,1.456448e-03,1.817076e-03,1.806223e-03,1.714444e-03,1.620624e-03,-1.581207e-04,-1.492580e-04,-1.404144e-04,-1.315287e-04,-1.228691e-04,-1.071092e-04,-7.818588e-05,-4.095922e-05,5.241502e-06,6.816275e-05,1.525626e-04,2.612744e-04,3.946768e-04,5.451696e-04,7.036407e-04,8.647100e-04,1.027348e-03,1.189846e-03,6.020058e-05,5.326558e-05,4.655873e-05,3.294166e-05,7.841682e-06,-2.154458e-05,-5.058966e-05,-7.702831e-05,-9.818363e-05,-1.142579e-04,-1.235441e-04,-1.183685e-04,-9.103973e-05,-3.540535e-05,5.195596e-05,1.614804e-04,2.807950e-04,3.996338e-04,-5.964150e-05,-5.833514e-05,-5.703602e-05,-5.575209e-05,-5.408634e-05,-5.279958e-05,-5.223180e-05,-5.117806e-05,-4.935070e-05,-4.757509e-05,-4.617439e-05,-4.531941e-05,-4.521045e-05,-4.555686e-05,-4.558062e-05,-4.525179e-05,-4.484076e-05,-4.439866e-05,-2.610236e-05,-2.602846e-05,-2.604969e-05,-2.511145e-05,-2.235292e-05,-1.881314e-05,-1.499918e-05,-1.115571e-05,-7.649674e-06,-4.250313e-06,-1.110382e-06,1.154080e-06,1.940017e-06,5.799779e-07,-3.469440e-06,-9.491750e-06,-1.622261e-05,-2.288457e-05
1.120806e-05,8.371557e-05,-1.073372e-04,9.120476e-05,5.285858e-06,-1.041111e-04,1.217121e-05,-7.871360e-05,-1.179811e-04,-7.502628e-05,8.265725e-06,-1.195153e-04,1.231812e-03,1.260518e-03,1.283302e-03,1.274200e-03,1.316264e-03,1.333559e-03,1.356351e-03,1.316231e-03,1.192178e-03,9.530009e-04,7.331952e-04,6.332759e-04,7.689859e-04,1.167951e-03,1.806223e-03,2.497482e-03,2.894401e-03,3.335258e-03,-3.342266e-04,-2.929378e-04,-2.516699e-04,-2.103490e-04,-1.692653e-04,-1.200211e-04,-5.480236e-05,2.241261e-05,1.122163e-04,2.215217e-04,3.533305e-04,5.102579e-04,6.937985e-04,8.983445e-04,1.117298e-03,1.347208e-03,1.579982e-03,1.812427e-03,-3.706446e-05,-4.550583e-05,-5.373838e-05,-6.824497e-05,-9.238538e-05,-1.161929e-04,-1.317710e-04,-1.333065e-04,-1.146085e-04,-7.195843e-05,1.414949e-06,1.127612e-04,2.676921e-04,4.709787e-04,7.237774e-04,1.009006e-03,1.307762e-03,1.605708e-03,-9.193706e-05,-9.003443e-05,-8.814459e-05,-8.616076e-05,-8.347023e-05,-8.088320e-05,-7.903709e-05,-7.703929e-05,-7.486786e-05,-7.340022e-05,-7.279166e-05,-7.306407e-05,-7.443239e-05,-7.683087e-05,-7.980310e-05,-8.347919e-05,-8.717136e-05,-9.080478e-05,-1.181120e-04,-1.116650e-04,-1.053185e-04,-9.802034e-05,-8.893273e-05,-7.941853e-05,-7.037727e-05,-6.237237e-05,-5.605880e-05,-5.155401e-05,-4.964516e-05,-5.096936e-05,-5.588556e-05,-6.485755e-05,-7.825152e-05,-9.460369e-05,-1.120441e-04,-1.293764e-04
1.476935e-05,9.054718e-05,-1.038685e-04,9.544995e-05,1.348783e-05,-1.035124e-04,1.640281e-05,-7.367386e-05,-1.257640e-04,-7.435974e-05,1.738755e-05,-1.236812e-04,1.293059e-03,1.299515e-03,1.299091e-03,1.278475e-03,1.329575e-03,1.360406e-03,1.404555e-03,1.375292e-03,1.230418e-03,9.350929e-04,5.912963e-04,3.399940e-04,3.701123e-04,8.019516e-04,1.714444e-03,2.894401e-03,4.329009e-03,5.660292e-03,-4.737787e-04,-4.043430e-04,-3.349295e-04,-2.654536e-04,-1.962142e-04,-1.179599e-04,-2.141269e-05,8.969515e-05,2.150278e-04,3.599847e-04,5.250784e-04,7.120227e-04,9.230017e-04,1.155210e-03,1.405465e-03,1.673368e-03,1.945451e-03,2.217035e-03,-1.450994e-04,-1.541655e-04,-1.630421e-04,-1.774477e-04,-1.990518e-04,-2.146706e-04,-2.128141e-04,-1.838158e-04,-1.176419e-04,-6.545993e-06,1.614763e-04,3.933982e-04,6.927789e-04,1.063304e-03,1.503780e-03,1.988940e-03,2.492458e-03,2.994798e-03,-1.180531e-04,-1.160341e-04,-1.140327e-04,-1.118384e-04,-1.086545e-04,-1.053361e-04,-1.028006e-04,-1.004203e-04,-9.834218e-05,-9.740975e-05,-9.750379e-05,-9.840114e-05,-1.002747e-04,-1.033586e-04,-1.075856e-04,-1.133675e-04,-1.192606e-04,-1.250666e-04,-2.062291e-04,-1.930269e-04,-1.799321e-04,-1.658892e-04,-1.501082e-04,-1.342903e-04,-1.197135e-04,-1.072542e-04,-9.786610e-05,-9.201051e-05,-9.112645e-05,-9.590773e-05,-1.065086e-04,-1.232558e-04,-1.463568e-04,-1.735571e-04,-2.023185e-04,-2.309278e-04
