9.582114e-05,-2.196412e-06,9.194663e-07,5.824884e-05,-2.711157e-06,4.998608e-05,7.605623e-05,-3.555875e-06,-1.010998e-07,5.769860e-05,-1.988651e-06,-4.955678e-05,-1.721525e-06,-9.112132e-07,-3.053413e-08,7.073988e-07,1.289990e-06,1.934796e-06,2.332309e-06,3.797907e-06,6.341895e-06,7.516715e-06,6.202663e-06,2.632254e-06,1.224412e-06,3.335702e-06,6.334686e-06,1.193670e-05,1.795663e-05,2.396948e-05,-6.057922e-04,-6.031858e-04,-6.005798e-04,-5.979720e-04,-5.953717e-04,-5.927424e-04,-5.898494e-04,-5.866876e-04,-5.831337e-04,-5.789443e-04,-5.742693e-04,-5.692212e-04,-5.636998e-04,-5.578007e-04,-5.516887e-04,-5.456656e-04,-5.396564e-04,-5.336431e-04,1.981505e-05,2.042706e-05,2.104288e-05,2.166244e-05,2.225793e-05,2.277848e-05,2.336525e-05,2.396160e-05,2.450966e-05,2.506260e-05,2.558011e-05,2.588126e-05,2.590972e-05,2.567139e-05,2.514306e-05,2.443550e-05,2.370022e-05,2.296115e-05,-3.831156e-04,-3.973054e-04,-4.115087e-04,-4.255570e-04,-4.392619e-04,-4.522687e-04,-4.642282e-04,-4.748008e-04,-4.837090e-04,-4.910780e-04,-4.969520e-04,-5.014478e-04,-5.050142e-04,-5.081925e-04,-5.110211e-04,-5.132864e-04,-5.152899e-04,-5.173151e-04,-8.637645e-05,-8.039460e-05,-7.441904e-05,-6.836693e-05,-6.206366e-05,-5.522260e-05,-4.769142e-05,-3.930711e-05,-3.036014e-05,-2.142785e-05,-1.311260e-05,-5.421869e-06,2.096033e-06,9.307324e-06,1.597347e-05,2.220323e-05,2.833951e-05,3.448574e-05
-2.196412e-06,7.678631e-05,1.119908e-05,5.365570e-06,5.416178e-05,-1.104908e-05,-1.897611e-06,4.548098e-05,-2.652426e-05,-1.056459e-05,5.327823e-05,-9.825805e-06,1.160600e-04,1.208842e-04,1.260082e-04,1.293128e-04,1.292873e-04,1.287820e-04,1.249539e-04,1.222830e-04,1.201515e-04,1.176914e-04,1.175099e-04,1.177627e-04,1.133354e-04,1.062425e-04,9.855722e-05,9.089460e-05,8.192901e-05,7.286318e-05,4.558260e-05,4.166863e-05,3.775427e-05,3.384110e-05,2.991733e-05,2.602619e-05,2.244096e-05,1.930778e-05,1.658899e-05,1.410936e-05,1.167483e-05,9.235764e-06,6.763245e-06,4.251833e-06,1.644311e-06,-1.103967e-06,-3.866827e-06,-6.624971e-06,-4.100944e-04,-4.068852e-04,-4.036717e-04,-4.005330e-04,-3.977885e-04,-3.957312e-04,-3.941793e-04,-3.931517e-04,-3.927491e-04,-3.931186e-04,-3.941600e-04,-3.954416e-04,-3.966872e-04,-3.978358e-04,-3.988575e-04,-3.997373e-04,-4.004731e-04,-4.012033e-04,-3.990930e-05,-3.587673e-05,-3.184687e-05,-2.777317e-05,-2.357350e-05,-1.909484e-05,-1.440201e-05,-9.606423e-06,-5.012108e-06,-9.218098e-07,2.306432e-06,4.512983e-06,5.878256e-06,6.393848e-06,6.188800e-06,5.565414e-06,4.855025e-06,4.150372e-06,6.558492e-05,7.110006e-05,7.664555e-05,8.177930e-05,8.615619e-05,8.949755e-05,9.140673e-05,9.184949e-05,9.070803e-05,8.804835e-05,8.422243e-05,7.945904e-05,7.406703e-05,6.875726e-05,6.365211e-05,5.850356e-05,5.327044e-05,4.804313e-05
9.194663e-07,1.119908e-05,8.635549e-05,-1.137580e-05,5.216707e-05,1.533972e-05,-1.077118e-06,2.647811e-05,-4.865540e-05,1.131171e-05,5.099368e-05,1.566274e-05,-1.667720e-04,-1.741676e-04,-1.816270e-04,-1.839776e-04,-1.854143e-04,-1.878531e-04,-1.872246e-04,-1.846134e-04,-1.817584e-04,-1.757132e-04,-1.729060e-04,-1.704442e-04,-1.635620e-04,-1.554070e-04,-1.455887e-04,-1.361932e-04,-1.274963e-04,-1.187940e-04,-3.407711e-06,-5.968091e-07,2.214108e-06,5.027908e-06,7.843074e-06,1.065395e-05,1.323586e-05,1.518611e-05,1.633428e-05,1.686164e-05,1.692830e-05,1.627891e-05,1.494221e-05,1.315957e-05,1.103349e-05,8.860393e-06,6.693242e-06,4.525074e-06,-4.157047e-04,-4.138265e-04,-4.119567e-04,-4.095895e-04,-4.064254e-04,-4.023458e-04,-3.974556e-04,-3.919973e-04,-3.861324e-04,-3.798825e-04,-3.733509e-04,-3.665679e-04,-3.595071e-04,-3.523873e-04,-3.451641e-04,-3.378295e-04,-3.304371e-04,-3.230426e-04,-2.186105e-05,-1.893119e-05,-1.600327e-05,-1.300751e-05,-9.837808e-06,-6.324859e-06,-2.463061e-06,1.739865e-06,5.988935e-06,9.883386e-06,1.300654e-05,1.520766e-05,1.668941e-05,1.745452e-05,1.760069e-05,1.738470e-05,1.710414e-05,1.682958e-05,-1.154924e-03,-1.137145e-03,-1.119361e-03,-1.101567e-03,-1.084044e-03,-1.067068e-03,-1.050442e-03,-1.034271e-03,-1.018674e-03,-1.003407e-03,-9.886258e-04,-9.741389e-04,-9.595174e-04,-9.446318e-04,-9.296056e-04,-9.147621e-04,-9.000195e-04,-8.852648e-04
5.824884e-05,5.365570e-06,-1.137580e-05,8.281274e-05,-3.254331e-06,1.020192e-05,5.656887e-05,-1.177565e-05,-1.073172e-05,5.045846e-05,-2.731375e-06,-2.663268e-05,1.208083e-04,1.265553e-04,1.325217e-04,1.354315e-04,1.364773e-04,1.378217e-04,1.362659e-04,1.351135e-04,1.348908e-04,1.321109e-04,1.297944e-04,1.260804e-04,1.201332e-04,1.150591e-04,1.096795e-04,1.065198e-04,1.034756e-04,1.003697e-04,-4.239109e-04,-4.258679e-04,-4.278254e-04,-4.297821e-04,-4.317497e-04,-4.336796e-04,-4.351769e-04,-4.359954e-04,-4.359714e-04,-4.350587e-04,-4.335049e-04,-4.313063e-04,-4.284188e-04,-4.250463e-04,-4.213936e-04,-4.178456e-04,-4.143182e-04,-4.107851e-04,2.508142e-05,2.675652e-05,2.844146e-05,2.988726e-05,3.081255e-05,3.100913e-05,3.070068e-05,2.994206e-05,2.871183e-05,2.699068e-05,2.482926e-05,2.228480e-05,1.941268e-05,1.633654e-05,1.304142e-05,9.615785e-06,6.201951e-06,2.787790e-06,2.433339e-04,2.271144e-04,2.108960e-04,1.946455e-04,1.785219e-04,1.628322e-04,1.477621e-04,1.338221e-04,1.213429e-04,1.101072e-04,1.002860e-04,9.193562e-05,8.471872e-05,7.827364e-05,7.233051e-05,6.685277e-05,6.153508e-05,5.620082e-05,-5.123602e-05,-4.721971e-05,-4.321047e-05,-3.913405e-05,-3.484056e-05,-3.014664e-05,-2.514724e-05,-1.998560e-05,-1.499269e-05,-1.053634e-05,-7.041609e-06,-4.653831e-06,-3.106972e-06,-2.354444e-06,-2.286721e-06,-2.586315e-06,-2.941864e-06,-3.291716e-06
-2.711157e-06,5.416178e-05,5.216707e-05,-3.254331e-06,9.297160e-05,-2.719934e-07,-3.143417e-06,5.398130e-05,-5.066285e-05,-3.238896e-06,7.460783e-05,1.526378e-06,-1.644899e-06,-2.475654e-06,-3.068696e-06,-1.977257e-06,-3.122853e-06,-5.298329e-06,-8.357158e-06,-9.119018e-06,-9.176418e-06,-7.445271e-06,-5.735671e-06,-3.869264e-06,-3.216564e-06,-4.079063e-06,-4.402184e-06,-4.927603e-06,-6.799585e-06,-8.721964e-06,4.300073e-05,4.145531e-05,3.990954e-05,3.836675e-05,3.681527e-05,3.529113e-05,3.390038e-05,3.253898e-05,3.107861e-05,2.948520e-05,2.770609e-05,2.554822e-05,2.299250e-05,2.016197e-05,1.706464e-05,1.383764e-05,1.060500e-05,7.375267e-06,-5.864714e-04,-5.829399e-04,-5.794073e-04,-5.756208e-04,-5.716591e-04,-5.676974e-04,-5.636655e-04,-5.597356e-04,-5.561091e-04,-5.529542e-04,-5.502599e-04,-5.476729e-04,-5.449333e-04,-5.421078e-04,-5.391363e-04,-5.359999e-04,-5.327276e-04,-5.294522e-04,-5.802230e-05,-5.108200e-05,-4.413373e-05,-3.724523e-05,-3.054605e-05,-2.386618e-05,-1.709325e-05,-1.013181e-05,-3.355486e-06,2.783150e-06,7.812969e-06,1.174936e-05,1.500833e-05,1.771363e-05,2.001429e-05,2.209646e-05,2.417827e-05,2.626146e-05,-6.141175e-04,-6.009868e-04,-5.878384e-04,-5.748784e-04,-5.622951e-04,-5.504221e-04,-5.396261e-04,-5.301799e-04,-5.223039e-04,-5.158265e-04,-5.106284e-04,-5.066518e-04,-5.035371e-04,-5.007484e-04,-4.982389e-04,-4.962026e-04,-4.943973e-04,-4.925719e-04
4.998608e-05,-1.104908e-05,1.533972e-05,1.020192e-05,-2.719934e-07,8.403926e-05,4.871750e-05,1.088385e-05,1.599533e-05,2.433600e-05,-2.791882e-07,-4.607437e-05,-1.691344e-04,-1.756388e-04,-1.823290e-04,-1.850972e-04,-1.855019e-04,-1.861783e-04,-1.833206e-04,-1.792277e-04,-1.745914e-04,-1.687349e-04,-1.678007e-04,-1.688947e-04,-1.635071e-04,-1.535006e-04,-1.414066e-04,-1.277341e-04,-1.134060e-04,-9.902222e-05,-4.182315e-04,-4.113741e-04,-4.045168e-04,-3.976570e-04,-3.907962e-04,-3.839338e-04,-3.772079e-04,-3.709385e-04,-3.651291e-04,-3.594142e-04,-3.536797e-04,-3.481331e-04,-3.426872e-04,-3.372376e-04,-3.318033e-04,-3.263784e-04,-3.209502e-04,-3.155228e-04,7.100397e-06,5.257312e-06,3.406913e-06,1.887267e-06,1.037244e-06,1.064241e-06,1.906336e-06,3.405414e-06,5.487974e-06,8.245825e-06,1.153125e-05,1.495255e-05,1.832284e-05,2.146835e-05,2.439077e-05,2.717108e-05,2.987916e-05,3.258306e-05,-1.010544e-03,-1.011647e-03,-1.012777e-03,-1.013584e-03,-1.013924e-03,-1.013547e-03,-1.011718e-03,-1.008062e-03,-1.002299e-03,-9.944410e-04,-9.848620e-04,-9.735442e-04,-9.606092e-04,-9.468020e-04,-9.324726e-04,-9.177394e-04,-9.028250e-04,-8.879211e-04,-2.477463e-05,-2.067387e-05,-1.657228e-05,-1.245689e-05,-8.293881e-06,-3.944336e-06,5.517784e-07,5.140860e-06,9.520807e-06,1.335077e-05,1.628433e-05,1.822926e-05,1.942030e-05,1.992401e-05,1.984192e-05,1.942971e-05,1.896472e-05,1.850583e-05
7.605623e-05,-1.897611e-06,-1.077118e-06,5.656887e-05,-3.143417e-06,4.871750e-05,9.289123e-05,-2.455244e-06,1.856056e-06,5.623705e-05,-2.457129e-06,-4.807106e-05,-3.659392e-06,-2.875070e-06,-2.030835e-06,-1.367101e-06,-7.771765e-07,-6.055524e-08,4.511535e-07,2.130129e-06,4.989868e-06,6.472199e-06,5.162827e-06,1.117202e-06,-7.291753e-07,1.583300e-06,5.323158e-06,1.227280e-05,1.980707e-05,2.732285e-05,-5.879136e-04,-5.856060e-04,-5.832989e-04,-5.809896e-04,-5.786892e-04,-5.763541e-04,-5.737301e-04,-5.707960e-04,-5.674086e-04,-5.633069e-04,-5.586118e-04,-5.534947e-04,-5.478655e-04,-5.418016e-04,-5.355010e-04,-5.293062e-04,-5.231272e-04,-5.169439e-04,2.780112e-05,2.796127e-05,2.812455e-05,2.828561e-05,2.841805e-05,2.847613e-05,2.860476e-05,2.875535e-05,2.885738e-05,2.893070e-05,2.891808e-05,2.862676e-05,2.798729e-05,2.698252e-05,2.561188e-05,2.401765e-05,2.238120e-05,2.074186e-05,-3.716938e-04,-3.855435e-04,-3.994062e-04,-4.131204e-04,-4.265059e-04,-4.392225e-04,-4.509307e-04,-4.612993e-04,-4.700555e-04,-4.773179e-04,-4.831262e-04,-4.875936e-04,-4.911597e-04,-4.943522e-04,-4.972085e-04,-4.995210e-04,-5.015813e-04,-5.036627e-04,-2.391615e-05,-1.847250e-05,-1.303283e-05,-7.547379e-06,-1.912261e-06,4.053262e-06,1.000575e-05,1.549190e-05,1.991811e-05,2.287585e-05,2.388377e-05,2.261245e-05,1.929011e-05,1.416113e-05,7.756359e-06,7.664726e-07,-6.290906e-06,-1.334085e-05
-3.555875e-06,4.548098e-05,2.647811e-05,-1.177565e-05,5.398130e-05,1.088385e-05,-2.455244e-06,8.168299e-05,-7.455212e-06,7.119383e-06,5.274406e-05,1.495949e-05,-1.380640e-04,-1.438964e-04,-1.498112e-04,-1.516381e-04,-1.532410e-04,-1.560850e-04,-1.567368e-04,-1.553197e-04,-1.532065e-04,-1.476190e-04,-1.444292e-04,-1.413327e-04,-1.353517e-04,-1.297747e-04,-1.233955e-04,-1.175087e-04,-1.128150e-04,-1.081784e-04,3.722447e-05,3.730237e-05,3.737994e-05,3.746115e-05,3.753811e-05,3.763131e-05,3.765691e-05,3.735395e-05,3.662691e-05,3.562551e-05,3.450181e-05,3.301062e-05,3.106815e-05,2.876429e-05,2.614480e-05,2.342580e-05,2.070397e-05,1.798314e-05,-4.152445e-04,-4.142128e-04,-4.131922e-04,-4.117765e-04,-4.097401e-04,-4.070410e-04,-4.038154e-04,-4.003443e-04,-3.968123e-04,-3.932930e-04,-3.898029e-04,-3.862120e-04,-3.823971e-04,-3.784651e-04,-3.743702e-04,-3.701076e-04,-3.657284e-04,-3.613431e-04,-8.881920e-06,-5.262952e-06,-1.645442e-06,2.028049e-06,5.850293e-06,9.972480e-06,1.437816e-05,1.903464e-05,2.363000e-05,2.776971e-05,3.103558e-05,3.327573e-05,3.470938e-05,3.535225e-05,3.531253e-05,3.486140e-05,3.432788e-05,3.380120e-05,1.349734e-04,1.374835e-04,1.400084e-04,1.423401e-04,1.445478e-04,1.464389e-04,1.473448e-04,1.469324e-04,1.449861e-04,1.415023e-04,1.367320e-04,1.305022e-04,1.228659e-04,1.143434e-04,1.050755e-04,9.518134e-05,8.504187e-05,7.492435e-05
-1.010998e-07,-2.652426e-05,-4.865540e-05,-1.073172e-05,-5.066285e-05,1.599533e-05,1.856056e-06,-7.455212e-06,8.690740e-05,1.436507e-05,-5.003656e-05,1.714411e-05,-1.892025e-04,-1.940931e-04,-1.994999e-04,-2.025019e-04,-2.018990e-04,-2.014722e-04,-1.968605e-04,-1.936708e-04,-1.911178e-04,-1.870609e-04,-1.861828e-04,-1.856895e-04,-1.792833e-04,-1.700612e-04,-1.603475e-04,-1.507785e-04,-1.399551e-04,-1.290300e-04,-2.751524e-05,-2.421746e-05,-2.091951e-05,-1.762202e-05,-1.431516e-05,-1.103562e-05,-8.091248e-06,-5.684941e-06,-3.737254e-06,-1.975521e-06,-9.979144e-08,1.895963e-06,3.950776e-06,6.036108e-06,8.219321e-06,1.054383e-05,1.288430e-05,1.521965e-05,3.981654e-04,3.934854e-04,3.887868e-04,3.841699e-04,3.800384e-04,3.767073e-04,3.738746e-04,3.714332e-04,3.694722e-04,3.681965e-04,3.675627e-04,3.671506e-04,3.666884e-04,3.661684e-04,3.655391e-04,3.647789e-04,3.638785e-04,3.629728e-04,5.423374e-05,5.048199e-05,4.673355e-05,4.293958e-05,3.901579e-05,3.480386e-05,3.037007e-05,2.583403e-05,2.147795e-05,1.756723e-05,1.442706e-05,1.221211e-05,1.076796e-05,1.010949e-05,1.010965e-05,1.048177e-05,1.092815e-05,1.136967e-05,1.167028e-03,1.151226e-03,1.135437e-03,1.119475e-03,1.103289e-03,1.087076e-03,1.070821e-03,1.054858e-03,1.039331e-03,1.023983e-03,1.009039e-03,9.945198e-04,9.801047e-04,9.657726e-04,9.516574e-04,9.379316e-04,9.243651e-04,9.107814e-04
5.769860e-05,-1.056459e-05,1.131171e-05,5.045846e-05,-3.238896e-06,2.433600e-05,5.623705e-05,7.119383e-06,1.436507e-05,8.831045e-05,-2.535559e-06,-6.782127e-06,-1.411645e-04,-1.452445e-04,-1.495327e-04,-1.511855e-04,-1.511057e-04,-1.514133e-04,-1.491139e-04,-1.457212e-04,-1.415116e-04,-1.363871e-04,-1.358651e-04,-1.377340e-04,-1.341824e-04,-1.262111e-04,-1.165758e-04,-1.046864e-04,-9.221141e-05,-7.973087e-05,-4.292909e-04,-4.278165e-04,-4.263425e-04,-4.248657e-04,-4.233928e-04,-4.219005e-04,-4.203668e-04,-4.189764e-04,-4.176232e-04,-4.159155e-04,-4.137395e-04,-4.113309e-04,-4.086773e-04,-4.058012e-04,-4.028075e-04,-3.998679e-04,-3.969356e-04,-3.940016e-04,1.649895e-05,1.607895e-05,1.564928e-05,1.542199e-05,1.565026e-05,1.646675e-05,1.781009e-05,1.949691e-05,2.144288e-05,2.372641e-05,2.627182e-05,2.878575e-05,3.111819e-05,3.318885e-05,3.498695e-05,3.661254e-05,3.818596e-05,3.975714e-05,3.395604e-04,3.224550e-04,3.053546e-04,2.882004e-04,2.710927e-04,2.542372e-04,2.374004e-04,2.205924e-04,2.038466e-04,1.870007e-04,1.702761e-04,1.534195e-04,1.359177e-04,1.177818e-04,9.946320e-05,8.146788e-05,6.366473e-05,4.584359e-05,-1.684786e-05,-1.255359e-05,-8.259419e-06,-3.943204e-06,4.442594e-07,5.057764e-06,9.849602e-06,1.475017e-05,1.942504e-05,2.348640e-05,2.653242e-05,2.844985e-05,2.950308e-05,2.975680e-05,2.932960e-05,2.853170e-05,2.767957e-05,2.683378e-05
-1.988651e-06,5.327823e-05,5.099368e-05,-2.731375e-06,7.460783e-05,-2.791882e-07,-2.457129e-06,5.274406e-05,-5.003656e-05,-2.535559e-06,9.147499e-05,9.311598e-07,5.766491e-06,3.527101e-06,1.549073e-06,1.556592e-06,-4.195595e-07,-3.283489e-06,-6.874296e-06,-7.744331e-06,-7.497958e-06,-5.227931e-06,-2.940564e-06,-5.678750e-07,6.081027e-07,-2.409618e-07,-7.611098e-07,-1.535653e-06,-3.933407e-06,-6.426564e-06,4.233408e-05,4.026221e-05,3.818994e-05,3.612114e-05,3.404262e-05,3.199612e-05,3.012095e-05,2.834656e-05,2.655680e-05,2.471347e-05,2.276403e-05,2.050141e-05,1.788469e-05,1.498792e-05,1.179610e-05,8.447706e-06,5.089138e-06,1.734157e-06,-5.792708e-04,-5.756353e-04,-5.719964e-04,-5.680710e-04,-5.639144e-04,-5.596841e-04,-5.553187e-04,-5.509902e-04,-5.469215e-04,-5.433293e-04,-5.402155e-04,-5.372061e-04,-5.340180e-04,-5.307161e-04,-5.272329e-04,-5.235477e-04,-5.196947e-04,-5.158343e-04,-4.602351e-05,-4.193760e-05,-3.786777e-05,-3.360588e-05,-2.876450e-05,-2.308635e-05,-1.681261e-05,-1.026624e-05,-3.924717e-06,1.710308e-06,6.056628e-06,8.697534e-06,9.793086e-06,9.266259e-06,7.280239e-06,4.422428e-06,1.367365e-06,-1.670534e-06,-6.052149e-04,-5.922133e-04,-5.791946e-04,-5.663586e-04,-5.538851e-04,-5.420993e-04,-5.313612e-04,-5.219383e-04,-5.140507e-04,-5.075339e-04,-5.022757e-04,-4.982211e-04,-4.950155e-04,-4.921350e-04,-4.895344e-04,-4.873999e-04,-4.854913e-04,-4.835628e-04
-4.955678e-05,-9.825805e-06,1.566274e-05,-2.663268e-05,1.526378e-06,-4.607437e-05,-4.807106e-05,1.495949e-05,1.714411e-05,-6.782127e-06,9.311598e-07,8.357000e-05,-1.825680e-04,-1.887904e-04,-1.953816e-04,-1.982593e-04,-1.989528e-04,-2.005380e-04,-1.983866e-04,-1.968128e-04,-1.960955e-04,-1.918471e-04,-1.889722e-04,-1.846541e-04,-1.765738e-04,-1.694986e-04,-1.625585e-04,-1.579765e-04,-1.536761e-04,-1.493422e-04,3.854147e-04,3.849462e-04,3.844779e-04,3.840097e-04,3.835513e-04,3.830594e-04,3.821379e-04,3.805047e-04,3.780645e-04,3.748948e-04,3.713304e-04,3.673511e-04,3.628348e-04,3.578651e-04,3.526357e-04,3.475013e-04,3.423838e-04,3.372613e-04,-2.163088e-05,-2.274539e-05,-2.387736e-05,-2.474446e-05,-2.497651e-05,-2.434406e-05,-2.319671e-05,-2.172569e-05,-1.993515e-05,-1.774382e-05,-1.515483e-05,-1.221751e-05,-8.974856e-06,-5.471158e-06,-1.710774e-06,2.202996e-06,6.126057e-06,1.005158e-05,1.007851e-03,1.008344e-03,1.008862e-03,1.009091e-03,1.008929e-03,1.008175e-03,1.006345e-03,1.003396e-03,9.991485e-04,9.934284e-04,9.864726e-04,9.783932e-04,9.694426e-04,9.602451e-04,9.508362e-04,9.410875e-04,9.311533e-04,9.212313e-04,6.239909e-05,5.894142e-05,5.549204e-05,5.197052e-05,4.821503e-05,4.405581e-05,3.959063e-05,3.496599e-05,3.046925e-05,2.640827e-05,2.315326e-05,2.083960e-05,1.924155e-05,1.832287e-05,1.799341e-05,1.798547e-05,1.803160e-05,1.807267e-05
-1.721525e-06,1.160600e-04,-1.667720e-04,1.208083e-04,-1.644899e-06,-1.691344e-04,-3.659392e-06,-1.380640e-04,-1.892025e-04,-1.411645e-04,5.766491e-06,-1.825680e-04,4.875284e-03,3.732988e-03,2.800534e-03,2.163953e-03,1.854127e-03,1.795982e-03,1.812415e-03,1.856348e-03,1.902354e-03,1.899701e-03,1.898924e-03,1.880803e-03,1.801610e-03,1.710173e-03,1.628984e-03,1.572040e-03,1.521656e-03,1.470082e-03,6.917182e-04,6.132306e-04,5.347444e-04,4.562101e-04,3.774481e-04,2.985826e-04,2.221484e-04,1.507176e-04,8.655630e-05,2.949496e-05,-2.083766e-05,-6.311751e-05,-9.855001e-05,-1.298337e-04,-1.591242e-04,-1.891235e-04,-2.193634e-04,-2.495542e-04,-1.364174e-03,-1.156237e-03,-9.477227e-04,-7.477515e-04,-5.703526e-04,-4.205875e-04,-2.964503e-04,-1.972204e-04,-1.209871e-04,-6.681761e-05,-3.210719e-05,-1.170395e-05,-7.046203e-07,5.410230e-06,8.570590e-06,9.924649e-06,1.089057e-05,1.191967e-05,-2.566015e-04,-2.487642e-04,-2.409419e-04,-2.333400e-04,-2.261066e-04,-2.192790e-04,-2.130022e-04,-2.075881e-04,-2.031211e-04,-1.992310e-04,-1.957653e-04,-1.927086e-04,-1.900442e-04,-1.877313e-04,-1.856221e-04,-1.835172e-04,-1.814197e-04,-1.793258e-04,-2.613675e-04,-2.730339e-04,-2.848115e-04,-2.957579e-04,-3.040212e-04,-3.092747e-04,-3.117629e-04,-3.117975e-04,-3.095343e-04,-3.050413e-04,-2.986654e-04,-2.908792e-04,-2.820225e-04,-2.725088e-04,-2.625921e-04,-2.523589e-04,-2.420112e-04,-2.316746e-04
-9.112132e-07,1.208842e-04,-1.741676e-04,1.265553e-04,-2.475654e-06,-1.756388e-04,-2.875070e-06,-1.438964e-04,-1.940931e-04,-1.452445e-04,3.527101e-06,-1.887904e-04,3.732988e-03,3.249514e-03,2.719890e-03,2.313716e-03,2.080822e-03,2.011762e-03,1.984127e-03,1.986117e-03,2.000680e-03,1.978735e-03,1.971834e-03,1.954624e-03,1.874961e-03,1.777683e-03,1.681883e-03,1.603079e-03,1.527780e-03,1.451500e-03,5.707260e-04,4.997520e-04,4.287791e-04,3.577647e-04,2.865609e-04,2.152951e-04,1.470732e-04,8.527453e-05,3.167037e-05,-1.490902e-05,-5.578850e-05,-8.977930e-05,-1.177325e-04,-1.419371e-04,-1.642084e-04,-1.870955e-04,-2.101846e-04,-2.332288e-04,-8.633969e-04,-7.168342e-04,-5.697847e-04,-4.301096e-04,-3.097061e-04,-2.129709e-04,-1.371851e-04,-8.057081e-05,-4.143407e-05,-1.926264e-05,-1.183288e-05,-1.481200e-05,-2.446260e-05,-3.733020e-05,-5.215990e-05,-6.816990e-05,-8.430008e-05,-1.003840e-04,-2.420053e-04,-2.349023e-04,-2.278125e-04,-2.209118e-04,-2.143329e-04,-2.080976e-04,-2.024486e-04,-1.978278e-04,-1.942511e-04,-1.912066e-04,-1.884021e-04,-1.857872e-04,-1.834118e-04,-1.813072e-04,-1.793752e-04,-1.774549e-04,-1.755563e-04,-1.736620e-04,-2.505775e-04,-2.598143e-04,-2.691489e-04,-2.777712e-04,-2.840717e-04,-2.877621e-04,-2.891764e-04,-2.887657e-04,-2.866375e-04,-2.828058e-04,-2.775634e-04,-2.712778e-04,-2.641589e-04,-2.565135e-04,-2.485320e-04,-2.402807e-04,-2.319416e-04,-2.236128e-04
-3.053413e-08,1.260082e-04,-1.816270e-04,1.325217e-04,-3.068696e-06,-1.823290e-04,-2.030835e-06,-1.498112e-04,-1.994999e-04,-1.495327e-04,1.549073e-06,-1.953816e-04,2.800534e-03,2.719890e-03,2.660085e-03,2.464938e-03,2.313044e-03,2.231078e-03,2.159261e-03,2.119021e-03,2.102116e-03,2.060840e-03,2.047845e-03,2.031579e-03,1.951363e-03,1.848051e-03,1.737310e-03,1.636220e-03,1.535528e-03,1.434068e-03,4.478204e-04,3.844722e-04,3.211248e-04,2.577426e-04,1.942095e-04,1.306561e-04,7.076108e-05,1.871417e-05,-2.421662e-05,-6.020892e-05,-9.154928e-05,-1.171810e-04,-1.375933e-04,-1.546606e-04,-1.698545e-04,-1.855711e-04,-2.014504e-04,-2.172894e-04,-3.576257e-04,-2.732218e-04,-1.884253e-04,-1.098307e-04,-4.717308e-05,-4.170957e-06,2.261513e-05,3.602957e-05,3.754819e-05,2.725880e-05,7.001418e-06,-1.971778e-05,-5.033979e-05,-8.248808e-05,-1.155918e-04,-1.492404e-04,-1.827366e-04,-2.162036e-04,-2.296815e-04,-2.232238e-04,-2.167778e-04,-2.104915e-04,-2.044831e-04,-1.987589e-04,-1.936600e-04,-1.897600e-04,-1.870056e-04,-1.847428e-04,-1.825397e-04,-1.803108e-04,-1.781727e-04,-1.762300e-04,-1.744335e-04,-1.726591e-04,-1.709212e-04,-1.691885e-04,-2.443329e-04,-2.509458e-04,-2.576431e-04,-2.637506e-04,-2.679067e-04,-2.698657e-04,-2.700538e-04,-2.690644e-04,-2.669573e-04,-2.636904e-04,-2.595022e-04,-2.546525e-04,-2.492171e-04,-2.433922e-04,-2.373033e-04,-2.309951e-04,-2.246276e-04,-2.182694e-04
7.073988e-07,1.293128e-04,-1.839776e-04,1.354315e-04,-1.977257e-06,-1.850972e-04,-1.367101e-06,-1.516381e-04,-2.025019e-04,-1.511855e-04,1.556592e-06,-1.982593e-04,2.163953e-03,2.313716e-03,2.464938e-03,2.564861e-03,2.483033e-03,2.400473e-03,2.288138e-03,2.208337e-03,2.160730e-03,2.100976e-03,2.081762e-03,2.066157e-03,1.986579e-03,1.879758e-03,1.758380e-03,1.640560e-03,1.520576e-03,1.400007e-03,3.456160e-04,2.884275e-04,2.312396e-04,1.740216e-04,1.166897e-04,5.937804e-05,6.317621e-06,-3.752725e-05,-7.129638e-05,-9.807376e-05,-1.210087e-04,-1.392361e-04,-1.529779e-04,-1.637540e-04,-1.727360e-04,-1.821613e-04,-1.917156e-04,-2.012336e-04,4.609404e-05,7.941997e-05,1.130555e-04,1.413731e-04,1.565155e-04,1.552962e-04,1.418096e-04,1.198675e-04,9.075092e-05,5.418365e-05,1.166683e-05,-3.400034e-05,-8.125674e-05,-1.286408e-04,-1.761472e-04,-2.236714e-04,-2.708205e-04,-3.179546e-04,-2.247008e-04,-2.183251e-04,-2.119602e-04,-2.057384e-04,-1.997682e-04,-1.940416e-04,-1.889930e-04,-1.853220e-04,-1.829278e-04,-1.810394e-04,-1.791119e-04,-1.770265e-04,-1.749390e-04,-1.730106e-04,-1.712288e-04,-1.694912e-04,-1.678044e-04,-1.661232e-04,-2.572969e-04,-2.610139e-04,-2.648030e-04,-2.681038e-04,-2.697898e-04,-2.696556e-04,-2.682196e-04,-2.662090e-04,-2.636457e-04,-2.604334e-04,-2.567593e-04,-2.527879e-04,-2.484699e-04,-2.438962e-04,-2.391342e-04,-2.342110e-04,-2.292577e-04,-2.243125e-04
1.289990e-06,1.292873e-04,-1.854143e-04,1.364773e-04,-3.122853e-06,-1.855019e-04,-7.771765e-07,-1.532410e-04,-2.018990e-04,-1.511057e-04,-4.195595e-07,-1.989528e-04,1.854127e-03,2.080822e-03,2.313044e-03,2.483033e-03,2.586876e-03,2.516496e-03,2.389125e-03,2.275649e-03,2.197956e-03,2.117620e-03,2.089972e-03,2.073119e-03,1.994379e-03,1.887302e-03,1.762625e-03,1.638638e-03,1.511274e-03,1.383419e-03,2.738826e-04,2.203605e-04,1.668390e-04,1.132906e-04,5.966145e-05,6.085577e-06,-4.269096e-05,-8.097443e-05,-1.080592e-04,-1.277578e-04,-1.439097e-04,-1.558676e-04,-1.637783e-04,-1.689679e-04,-1.724320e-04,-1.763032e-04,-1.802855e-04,-1.842339e-04,2.571377e-04,2.623948e-04,2.678939e-04,2.687976e-04,2.587892e-04,2.348161e-04,2.012420e-04,1.624418e-04,1.194037e-04,7.144221e-05,1.970657e-05,-3.341520e-05,-8.694408e-05,-1.399226e-04,-1.926296e-04,-2.451051e-04,-2.971018e-04,-3.490907e-04,-2.214296e-04,-2.152084e-04,-2.089973e-04,-2.029157e-04,-1.970654e-04,-1.914266e-04,-1.865080e-04,-1.831132e-04,-1.811129e-04,-1.796319e-04,-1.780261e-04,-1.761465e-04,-1.741700e-04,-1.722899e-04,-1.705203e-04,-1.687849e-04,-1.671027e-04,-1.654265e-04,-2.504635e-04,-2.526464e-04,-2.548914e-04,-2.567282e-04,-2.572268e-04,-2.561623e-04,-2.540794e-04,-2.517728e-04,-2.492118e-04,-2.462475e-04,-2.430258e-04,-2.396642e-04,-2.360513e-04,-2.322324e-04,-2.282474e-04,-2.241150e-04,-2.199607e-04,-2.158142e-04
1.934796e-06,1.287820e-04,-1.878531e-04,1.378217e-04,-5.298329e-06,-1.861783e-04,-6.055524e-08,-1.560850e-04,-2.014722e-04,-1.514133e-04,-3.283489e-06,-2.005380e-04,1.795982e-03,2.011762e-03,2.231078e-03,2.400473e-03,2.516496e-03,2.609066e-03,2.493385e-03,2.368776e-03,2.258093e-03,2.149282e-03,2.106185e-03,2.084074e-03,2.006086e-03,1.903713e-03,1.785057e-03,1.666286e-03,1.543362e-03,1.420010e-03,1.080069e-04,6.833476e-05,2.866304e-05,-1.103205e-05,-5.078538e-05,-9.044918e-05,-1.251065e-04,-1.488205e-04,-1.610637e-04,-1.662970e-04,-1.689757e-04,-1.684687e-04,-1.647235e-04,-1.587810e-04,-1.513853e-04,-1.444346e-04,-1.375804e-04,-1.306947e-04,3.068130e-04,3.025009e-04,2.983779e-04,2.902408e-04,2.730016e-04,2.437086e-04,2.066150e-04,1.661348e-04,1.228778e-04,7.570990e-05,2.546439e-05,-2.553333e-05,-7.652765e-05,-1.267120e-04,-1.764525e-04,-2.258463e-04,-2.746976e-04,-3.235452e-04,-2.230980e-04,-2.173203e-04,-2.115521e-04,-2.059015e-04,-2.004653e-04,-1.952193e-04,-1.906977e-04,-1.877358e-04,-1.861688e-04,-1.850167e-04,-1.835438e-04,-1.816022e-04,-1.794095e-04,-1.772021e-04,-1.750309e-04,-1.728684e-04,-1.707590e-04,-1.686560e-04,-2.396017e-04,-2.409891e-04,-2.424311e-04,-2.435252e-04,-2.434932e-04,-2.420916e-04,-2.398401e-04,-2.375287e-04,-2.350663e-04,-2.322469e-04,-2.291884e-04,-2.260101e-04,-2.225835e-04,-2.189531e-04,-2.151545e-04,-2.112046e-04,-2.072339e-04,-2.032715e-04
2.332309e-06,1.249539e-04,-1.872246e-04,1.362659e-04,-8.357158e-06,-1.833206e-04,4.511535e-07,-1.567368e-04,-1.968605e-04,-1.491139e-04,-6.874296e-06,-1.983866e-04,1.812415e-03,1.984127e-03,2.159261e-03,2.288138e-03,2.389125e-03,2.493385e-03,2.541735e-03,2.424133e-03,2.296514e-03,2.155365e-03,2.090441e-03,2.057404e-03,1.978612e-03,1.882804e-03,1.774743e-03,1.666965e-03,1.554664e-03,1.441982e-03,-8.061661e-05,-1.027222e-04,-1.248278e-04,-1.469528e-04,-1.691275e-04,-1.911707e-04,-2.082653e-04,-2.146649e-04,-2.099771e-04,-1.992338e-04,-1.874191e-04,-1.737677e-04,-1.579164e-04,-1.405702e-04,-1.221650e-04,-1.042701e-04,-8.645821e-05,-6.861777e-05,2.896592e-04,2.856642e-04,2.818234e-04,2.743848e-04,2.590760e-04,2.330585e-04,2.002784e-04,1.648140e-04,1.269644e-04,8.523869e-05,4.025758e-05,-5.484235e-06,-5.124411e-05,-9.617903e-05,-1.406435e-04,-1.847388e-04,-2.282672e-04,-2.717941e-04,-2.228349e-04,-2.177192e-04,-2.126123e-04,-2.076151e-04,-2.028238e-04,-1.982233e-04,-1.943363e-04,-1.919627e-04,-1.909070e-04,-1.900893e-04,-1.886898e-04,-1.865833e-04,-1.840415e-04,-1.813437e-04,-1.785845e-04,-1.757998e-04,-1.730656e-04,-1.703380e-04,-2.194162e-04,-2.207345e-04,-2.221024e-04,-2.231598e-04,-2.232276e-04,-2.220487e-04,-2.200883e-04,-2.180698e-04,-2.158528e-04,-2.131856e-04,-2.101735e-04,-2.069712e-04,-2.034673e-04,-1.997356e-04,-1.958182e-04,-1.917352e-04,-1.876271e-04,-1.835278e-04
3.797907e-06,1.222830e-04,-1.846134e-04,1.351135e-04,-9.119018e-06,-1.792277e-04,2.130129e-06,-1.553197e-04,-1.936708e-04,-1.457212e-04,-7.744331e-06,-1.968128e-04,1.856348e-03,1.986117e-03,2.119021e-03,2.208337e-03,2.275649e-03,2.368776e-03,2.424133e-03,2.459350e-03,2.331671e-03,2.175067e-03,2.083970e-03,2.033301e-03,1.946287e-03,1.849984e-03,1.746356e-03,1.645031e-03,1.539653e-03,1.433871e-03,-1.597362e-04,-1.737237e-04,-1.877117e-04,-2.017164e-04,-2.157709e-04,-2.296671e-04,-2.390287e-04,-2.386952e-04,-2.281755e-04,-2.126897e-04,-1.974241e-04,-1.812513e-04,-1.634768e-04,-1.446426e-04,-1.250080e-04,-1.059511e-04,-8.697919e-05,-6.797912e-05,2.383713e-04,2.410546e-04,2.438789e-04,2.432922e-04,2.353576e-04,2.172210e-04,1.921530e-04,1.634574e-04,1.312787e-04,9.400491e-05,5.224865e-05,8.943960e-06,-3.491553e-05,-7.826753e-05,-1.213667e-04,-1.642320e-04,-2.065754e-04,-2.489145e-04,-2.330479e-04,-2.287618e-04,-2.244844e-04,-2.203081e-04,-2.163230e-04,-2.125151e-04,-2.093401e-04,-2.075049e-04,-2.068258e-04,-2.061860e-04,-2.047370e-04,-2.024113e-04,-1.995379e-04,-1.964291e-04,-1.932040e-04,-1.899245e-04,-1.866864e-04,-1.834553e-04,-2.175982e-04,-2.192097e-04,-2.208686e-04,-2.222322e-04,-2.226644e-04,-2.218972e-04,-2.203025e-04,-2.184931e-04,-2.163222e-04,-2.135270e-04,-2.102295e-04,-2.066513e-04,-2.027168e-04,-1.985337e-04,-1.941532e-04,-1.895979e-04,-1.850120e-04,-1.804350e-04
6.341895e-06,1.201515e-04,-1.817584e-04,1.348908e-04,-9.176418e-06,-1.745914e-04,4.989868e-06,-1.532065e-04,-1.911178e-04,-1.415116e-04,-7.497958e-06,-1.960955e-04,1.902354e-03,2.000680e-03,2.102116e-03,2.160730e-03,2.197956e-03,2.258093e-03,2.296514e-03,2.331671e-03,2.354663e-03,2.200090e-03,2.097751e-03,2.024622e-03,1.921288e-03,1.813439e-03,1.702717e-03,1.597883e-03,1.490579e-03,1.382758e-03,-9.662476e-05,-1.152196e-04,-1.338153e-04,-1.524263e-04,-1.710901e-04,-1.895851e-04,-2.042484e-04,-2.108347e-04,-2.089926e-04,-2.035005e-04,-1.990700e-04,-1.938644e-04,-1.868420e-04,-1.786207e-04,-1.695529e-04,-1.611017e-04,-1.527577e-04,-1.443826e-04,1.779234e-04,1.889684e-04,2.001521e-04,2.079964e-04,2.086337e-04,1.992739e-04,1.824654e-04,1.606144e-04,1.336475e-04,9.981741e-05,5.968023e-05,1.666217e-05,-2.787605e-05,-7.259663e-05,-1.175619e-04,-1.626134e-04,-2.072786e-04,-2.519311e-04,-2.470656e-04,-2.440125e-04,-2.409685e-04,-2.380162e-04,-2.352382e-04,-2.326171e-04,-2.304960e-04,-2.294393e-04,-2.292340e-04,-2.288093e-04,-2.273792e-04,-2.249760e-04,-2.219986e-04,-2.187800e-04,-2.154300e-04,-2.119903e-04,-2.085717e-04,-2.051610e-04,-2.171216e-04,-2.193734e-04,-2.216719e-04,-2.236795e-04,-2.247731e-04,-2.246966e-04,-2.237277e-04,-2.223627e-04,-2.204489e-04,-2.177119e-04,-2.142822e-04,-2.104516e-04,-2.061903e-04,-2.016447e-04,-1.968794e-04,-1.919171e-04,-1.869082e-04,-1.819089e-04
7.516715e-06,1.176914e-04,-1.757132e-04,1.321109e-04,-7.445271e-06,-1.687349e-04,6.472199e-06,-1.476190e-04,-1.870609e-04,-1.363871e-04,-5.227931e-06,-1.918471e-04,1.899701e-03,1.978735e-03,2.060840e-03,2.100976e-03,2.117620e-03,2.149282e-03,2.155365e-03,2.175067e-03,2.200090e-03,2.197699e-03,2.099072e-03,2.017972e-03,1.893228e-03,1.763543e-03,1.631201e-03,1.508001e-03,1.384211e-03,1.259776e-03,2.417287e-05,-5.294106e-06,-3.476195e-05,-6.424431e-05,-9.378189e-05,-1.231522e-04,-1.493446e-04,-1.689214e-04,-1.816995e-04,-1.916681e-04,-2.027380e-04,-2.124050e-04,-2.192732e-04,-2.241569e-04,-2.278158e-04,-2.320620e-04,-2.364462e-04,-2.407947e-04,1.241199e-04,1.390240e-04,1.540664e-04,1.658374e-04,1.704849e-04,1.653506e-04,1.524520e-04,1.335217e-04,1.083801e-04,7.529968e-05,3.478810e-05,-9.495188e-06,-5.608251e-05,-1.035892e-04,-1.518529e-04,-2.005358e-04,-2.489953e-04,-2.974324e-04,-2.489116e-04,-2.466031e-04,-2.443042e-04,-2.420876e-04,-2.400250e-04,-2.380933e-04,-2.365414e-04,-2.358176e-04,-2.356916e-04,-2.352144e-04,-2.337213e-04,-2.313326e-04,-2.285032e-04,-2.255612e-04,-2.225551e-04,-2.194539e-04,-2.163570e-04,-2.132683e-04,-2.211842e-04,-2.237693e-04,-2.263999e-04,-2.287464e-04,-2.301970e-04,-2.305258e-04,-2.299537e-04,-2.288980e-04,-2.272181e-04,-2.246481e-04,-2.213146e-04,-2.175376e-04,-2.132974e-04,-2.087436e-04,-2.039524e-04,-1.989459e-04,-1.938771e-04,-1.888184e-04
6.202663e-06,1.175099e-04,-1.729060e-04,1.297944e-04,-5.735671e-06,-1.678007e-04,5.162827e-06,-1.444292e-04,-1.861828e-04,-1.358651e-04,-2.940564e-06,-1.889722e-04,1.898924e-03,1.971834e-03,2.047845e-03,2.081762e-03,2.089972e-03,2.106185e-03,2.090441e-03,2.083970e-03,2.097751e-03,2.099072e-03,2.151304e-03,2.072836e-03,1.935392e-03,1.771297e-03,1.598405e-03,1.434745e-03,1.271956e-03,1.108386e-03,1.427472e-04,9.989832e-05,5.704856e-05,1.418418e-05,-2.873669e-05,-7.149514e-05,-1.113750e-04,-1.453087e-04,-1.730095e-04,-1.974620e-04,-2.216462e-04,-2.426517e-04,-2.588142e-04,-2.712761e-04,-2.816585e-04,-2.924961e-04,-3.035021e-04,-3.144667e-04,1.037957e-04,1.155088e-04,1.273625e-04,1.359372e-04,1.373180e-04,1.289126e-04,1.125534e-04,8.971294e-05,6.037375e-05,2.309937e-05,-2.145589e-05,-6.976445e-05,-1.206279e-04,-1.728863e-04,-2.261391e-04,-2.799714e-04,-3.336908e-04,-3.873811e-04,-2.399803e-04,-2.373872e-04,-2.348039e-04,-2.323006e-04,-2.299410e-04,-2.277010e-04,-2.257939e-04,-2.246222e-04,-2.239834e-04,-2.230814e-04,-2.213870e-04,-2.190634e-04,-2.166002e-04,-2.142948e-04,-2.120716e-04,-2.097815e-04,-2.074898e-04,-2.052065e-04,-2.261193e-04,-2.288287e-04,-2.315835e-04,-2.340562e-04,-2.356343e-04,-2.361176e-04,-2.357128e-04,-2.348101e-04,-2.332991e-04,-2.309489e-04,-2.278942e-04,-2.244296e-04,-2.204991e-04,-2.162258e-04,-2.117035e-04,-2.069479e-04,-2.021176e-04,-1.972978e-04
2.632254e-06,1.177627e-04,-1.704442e-04,1.260804e-04,-3.869264e-06,-1.688947e-04,1.117202e-06,-1.413327e-04,-1.856895e-04,-1.377340e-04,-5.678750e-07,-1.846541e-04,1.880803e-03,1.954624e-03,2.031579e-03,2.066157e-03,2.073119e-03,2.084074e-03,2.057404e-03,2.033301e-03,2.024622e-03,2.017972e-03,2.072836e-03,2.141452e-03,2.004577e-03,1.826508e-03,1.617146e-03,1.412823e-03,1.208034e-03,1.002631e-03,2.007332e-04,1.525645e-04,1.043951e-04,5.621072e-05,7.969487e-06,-4.011498e-05,-8.536855e-05,-1.247826e-04,-1.578425e-04,-1.866816e-04,-2.134455e-04,-2.350309e-04,-2.494568e-04,-2.580515e-04,-2.635627e-04,-2.692919e-04,-2.751847e-04,-2.810355e-04,1.009354e-04,1.082242e-04,1.156566e-04,1.197863e-04,1.166376e-04,1.035832e-04,8.238345e-05,5.443173e-05,1.987424e-05,-2.246753e-05,-7.180703e-05,-1.247994e-04,-1.802078e-04,-2.367533e-04,-2.937337e-04,-3.509504e-04,-4.079683e-04,-4.649640e-04,-2.184261e-04,-2.147299e-04,-2.110433e-04,-2.074395e-04,-2.039772e-04,-2.006390e-04,-1.976516e-04,-1.954268e-04,-1.938210e-04,-1.921785e-04,-1.901028e-04,-1.877927e-04,-1.857569e-04,-1.842401e-04,-1.830011e-04,-1.817733e-04,-1.805626e-04,-1.793591e-04,-2.304865e-04,-2.332558e-04,-2.360704e-04,-2.386051e-04,-2.402465e-04,-2.408101e-04,-2.405035e-04,-2.397088e-04,-2.383314e-04,-2.361632e-04,-2.333369e-04,-2.301181e-04,-2.264536e-04,-2.224729e-04,-2.183059e-04,-2.139456e-04,-2.095267e-04,-2.051171e-04
1.224412e-06,1.133354e-04,-1.635620e-04,1.201332e-04,-3.216564e-06,-1.635071e-04,-7.291753e-07,-1.353517e-04,-1.792833e-04,-1.341824e-04,6.081027e-07,-1.765738e-04,1.801610e-03,1.874961e-03,1.951363e-03,1.986579e-03,1.994379e-03,2.006086e-03,1.978612e-03,1.946287e-03,1.921288e-03,1.893228e-03,1.935392e-03,2.004577e-03,2.029173e-03,1.879149e-03,1.685320e-03,1.473426e-03,1.256734e-03,1.039561e-03,1.125508e-04,7.695112e-05,4.135074e-05,5.735665e-06,-2.993456e-05,-6.545371e-05,-9.800454e-05,-1.244274e-04,-1.437871e-04,-1.573274e-04,-1.663211e-04,-1.677085e-04,-1.597096e-04,-1.438341e-04,-1.239322e-04,-1.038278e-04,-8.379998e-05,-6.374174e-05,1.069516e-04,1.112732e-04,1.157356e-04,1.169860e-04,1.111555e-04,9.560844e-05,7.214363e-05,4.224307e-05,6.323038e-06,-3.640986e-05,-8.497369e-05,-1.361446e-04,-1.882485e-04,-2.394530e-04,-2.889029e-04,-3.372233e-04,-3.848603e-04,-4.325114e-04,-2.064037e-04,-2.020048e-04,-1.976155e-04,-1.933032e-04,-1.891125e-04,-1.850262e-04,-1.813092e-04,-1.784094e-04,-1.762663e-04,-1.743765e-04,-1.724817e-04,-1.707994e-04,-1.697926e-04,-1.696488e-04,-1.699693e-04,-1.704120e-04,-1.709130e-04,-1.714200e-04,-2.301331e-04,-2.326234e-04,-2.351580e-04,-2.374154e-04,-2.387906e-04,-2.390940e-04,-2.385465e-04,-2.375405e-04,-2.360204e-04,-2.338280e-04,-2.311164e-04,-2.281416e-04,-2.249167e-04,-2.216433e-04,-2.184783e-04,-2.153212e-04,-2.121848e-04,-2.090526e-04
3.335702e-06,1.062425e-04,-1.554070e-04,1.150591e-04,-4.079063e-06,-1.535006e-04,1.583300e-06,-1.297747e-04,-1.700612e-04,-1.262111e-04,-2.409618e-07,-1.694986e-04,1.710173e-03,1.777683e-03,1.848051e-03,1.879758e-03,1.887302e-03,1.903713e-03,1.882804e-03,1.849984e-03,1.813439e-03,1.763543e-03,1.771297e-03,1.826508e-03,1.879149e-03,1.941462e-03,1.834020e-03,1.695395e-03,1.535315e-03,1.377043e-03,-1.327496e-04,-1.380789e-04,-1.434090e-04,-1.487525e-04,-1.541482e-04,-1.593930e-04,-1.612835e-04,-1.562472e-04,-1.426466e-04,-1.206226e-04,-9.040024e-05,-4.889076e-05,4.982382e-06,6.883388e-05,1.377673e-04,2.075748e-04,2.774880e-04,3.474059e-04,1.064999e-04,1.124055e-04,1.184423e-04,1.214650e-04,1.178759e-04,1.051476e-04,8.543611e-05,6.066593e-05,3.186380e-05,-1.021232e-06,-3.652245e-05,-7.138784e-05,-1.031861e-04,-1.295306e-04,-1.499977e-04,-1.667269e-04,-1.818168e-04,-1.969921e-04,-2.201225e-04,-2.157689e-04,-2.114253e-04,-2.071436e-04,-2.029528e-04,-1.988247e-04,-1.950794e-04,-1.922267e-04,-1.903102e-04,-1.889940e-04,-1.881640e-04,-1.880525e-04,-1.890360e-04,-1.911803e-04,-1.939547e-04,-1.969777e-04,-2.001164e-04,-2.032606e-04,-2.308426e-04,-2.324497e-04,-2.340995e-04,-2.354760e-04,-2.359919e-04,-2.354383e-04,-2.340829e-04,-2.323733e-04,-2.303494e-04,-2.279589e-04,-2.254260e-04,-2.230141e-04,-2.208543e-04,-2.192388e-04,-2.182909e-04,-2.177331e-04,-2.173436e-04,-2.169490e-04
6.334686e-06,9.855722e-05,-1.455887e-04,1.096795e-04,-4.402184e-06,-1.414066e-04,5.323158e-06,-1.233955e-04,-1.603475e-04,-1.165758e-04,-7.611098e-07,-1.625585e-04,1.628984e-03,1.681883e-03,1.737310e-03,1.758380e-03,1.762625e-03,1.785057e-03,1.774743e-03,1.746356e-03,1.702717e-03,1.631201e-03,1.598405e-03,1.617146e-03,1.685320e-03,1.834020e-03,2.015033e-03,2.044491e-03,2.056566e-03,2.066856e-03,-4.247326e-04,-3.937668e-04,-3.628020e-04,-3.318481e-04,-3.009414e-04,-2.698794e-04,-2.349771e-04,-1.921501e-04,-1.389544e-04,-7.440528e-05,2.315651e-06,9.436479e-05,2.021001e-04,3.220526e-04,4.485513e-04,5.769559e-04,7.057052e-04,8.344271e-04,6.529965e-05,7.836475e-05,9.154118e-05,1.020528e-04,1.067755e-04,1.035842e-04,9.542615e-05,8.509843e-05,7.466855e-05,6.526531e-05,5.923553e-05,6.000846e-05,7.088142e-05,9.459130e-05,1.300184e-04,1.728128e-04,2.185638e-04,2.641297e-04,-2.454864e-04,-2.416484e-04,-2.378207e-04,-2.340322e-04,-2.302958e-04,-2.265695e-04,-2.232383e-04,-2.208921e-04,-2.196975e-04,-2.194939e-04,-2.203123e-04,-2.223994e-04,-2.260417e-04,-2.311475e-04,-2.371017e-04,-2.434851e-04,-2.500569e-04,-2.566341e-04,-2.446723e-04,-2.446522e-04,-2.446717e-04,-2.444319e-04,-2.433825e-04,-2.413229e-04,-2.386198e-04,-2.358336e-04,-2.331604e-04,-2.307066e-04,-2.288174e-04,-2.277822e-04,-2.278655e-04,-2.294108e-04,-2.323827e-04,-2.362604e-04,-2.405051e-04,-2.447319e-04
1.193670e-05,9.089460e-05,-1.361932e-04,1.065198e-04,-4.927603e-06,-1.277341e-04,1.227280e-05,-1.175087e-04,-1.507785e-04,-1.046864e-04,-1.535653e-06,-1.579765e-04,1.572040e-03,1.603079e-03,1.636220e-03,1.640560e-03,1.638638e-03,1.666286e-03,1.666965e-03,1.645031e-03,1.597883e-03,1.508001e-03,1.434745e-03,1.412823e-03,1.473426e-03,1.695395e-03,2.044491e-03,2.455760e-03,2.756293e-03,3.075065e-03,-6.817799e-04,-6.204197e-04,-5.590607e-04,-4.977092e-04,-4.363987e-04,-3.749248e-04,-3.091894e-04,-2.346783e-04,-1.482484e-04,-4.803767e-05,6.754575e-05,2.015617e-04,3.536910e-04,5.195313e-04,6.931995e-04,8.700891e-04,1.047643e-03,1.225126e-03,-6.842557e-06,1.602380e-05,3.897352e-05,5.971671e-05,7.574291e-05,8.564497e-05,9.350392e-05,1.032917e-04,1.184198e-04,1.414905e-04,1.760397e-04,2.259196e-04,2.954054e-04,3.876242e-04,4.992000e-04,6.228361e-04,7.511382e-04,8.791229e-04,-2.827882e-04,-2.805056e-04,-2.782340e-04,-2.759721e-04,-2.737182e-04,-2.714117e-04,-2.694853e-04,-2.685949e-04,-2.690126e-04,-2.707260e-04,-2.738794e-04,-2.787187e-04,-2.854566e-04,-2.938582e-04,-3.033033e-04,-3.134014e-04,-3.237783e-04,-3.341603e-04,-2.605828e-04,-2.582947e-04,-2.560421e-04,-2.535507e-04,-2.503161e-04,-2.461715e-04,-2.416202e-04,-2.373747e-04,-2.338357e-04,-2.313164e-04,-2.303372e-04,-2.312603e-04,-2.344931e-04,-2.404213e-04,-2.487742e-04,-2.587076e-04,-2.692644e-04,-2.797866e-04
