4.091005e-05,-9.869264e-07,4.567041e-07,2.502982e-05,-9.275833e-07,2.185513e-05,3.318731e-05,-1.130529e-06,-1.324658e-08,2.470121e-05,-6.744765e-07,-2.139765e-05,-1.107163e-06,-8.702146e-07,-6.050232e-07,-5.232029e-07,-6.177851e-07,-3.184356e-07,9.135363e-07,1.132833e-06,-2.401290e-07,-8.887173e-07,-1.006762e-06,-1.647699e-06,-1.039002e-06,2.152700e-06,4.854017e-06,7.246753e-06,9.551061e-06,1.158280e-05,-2.581573e-04,-2.571672e-04,-2.561756e-04,-2.551896e-04,-2.541829e-04,-2.529842e-04,-2.515591e-04,-2.496509e-04,-2.474393e-04,-2.448504e-04,-2.421211e-04,-2.394935e-04,-2.369057e-04,-2.342293e-04,-2.314639e-04,-2.287254e-04,-2.260639e-04,-2.233848e-04,5.312151e-06,5.803326e-06,6.296760e-06,6.781759e-06,7.192138e-06,7.595638e-06,7.860750e-06,8.006126e-06,7.986997e-06,7.761315e-06,7.552033e-06,7.422994e-06,7.571383e-06,8.029206e-06,8.597319e-06,9.198524e-06,9.893539e-06,1.059642e-05,-1.671268e-04,-1.765683e-04,-1.860157e-04,-1.952392e-04,-2.037096e-04,-2.108310e-04,-2.160574e-04,-2.193294e-04,-2.210055e-04,-2.215918e-04,-2.213689e-04,-2.202387e-04,-2.184427e-04,-2.164848e-04,-2.144507e-04,-2.120655e-04,-2.093554e-04,-2.066611e-04,-3.358448e-05,-3.026636e-05,-2.695637e-05,-2.352529e-05,-1.962362e-05,-1.503906e-05,-1.011414e-05,-5.812492e-06,-2.911876e-06,-1.331313e-06,-7.568579e-07,-6.112196e-07,-2.459690e-07,2.819158e-07,3.377589e-07,-1.940474e-07,-9.003881e-07,-1.586498e-06
-9.869264e-07,3.614822e-05,3.203449e-06,3.208382e-06,2.392179e-05,-5.870085e-06,-1.366218e-07,2.086069e-05,-1.117536e-05,-4.292118e-06,2.398907e-05,-5.103096e-06,6.271521e-05,6.382613e-05,6.513230e-05,6.441200e-05,6.434711e-05,6.380006e-05,6.524383e-05,6.453430e-05,6.375277e-05,5.847087e-05,5.390876e-05,5.004904e-05,4.814835e-05,4.778350e-05,4.980366e-05,5.414752e-05,5.856531e-05,6.264797e-05,1.011097e-05,9.646945e-06,9.183510e-06,8.717046e-06,8.258102e-06,8.181661e-06,8.552976e-06,8.873356e-06,8.740837e-06,8.196825e-06,7.380287e-06,6.365103e-06,5.218599e-06,3.918019e-06,2.408765e-06,6.854957e-07,-1.125016e-06,-2.919122e-06,-1.861433e-04,-1.838532e-04,-1.815316e-04,-1.794039e-04,-1.777823e-04,-1.761949e-04,-1.745820e-04,-1.729320e-04,-1.711886e-04,-1.695880e-04,-1.684942e-04,-1.677348e-04,-1.672675e-04,-1.670613e-04,-1.669548e-04,-1.668505e-04,-1.666698e-04,-1.664711e-04,-1.405159e-05,-1.079245e-05,-7.538559e-06,-4.200107e-06,-5.081946e-07,3.449947e-06,7.262843e-06,1.049322e-05,1.264325e-05,1.339434e-05,1.271164e-05,1.085460e-05,8.301784e-06,5.231399e-06,1.505945e-06,-2.728054e-06,-7.065182e-06,-1.138395e-05,5.917559e-05,6.441004e-05,6.965706e-05,7.432867e-05,7.793012e-05,7.989977e-05,7.992039e-05,7.779408e-05,7.399947e-05,6.873647e-05,6.268373e-05,5.621518e-05,4.994245e-05,4.449512e-05,3.996650e-05,3.588246e-05,3.180801e-05,2.771994e-05
4.567041e-07,3.203449e-06,3.994336e-05,-5.948369e-06,2.274887e-05,7.633043e-06,-3.536268e-07,1.143289e-05,-2.208225e-05,5.822026e-06,2.268421e-05,7.379719e-06,-8.588456e-05,-8.858050e-05,-9.031894e-05,-8.975393e-05,-9.096674e-05,-8.997760e-05,-9.057599e-05,-8.925089e-05,-8.778672e-05,-8.247838e-05,-7.868289e-05,-7.690370e-05,-7.532678e-05,-7.405056e-05,-7.227157e-05,-6.941770e-05,-6.717442e-05,-6.490569e-05,-8.796983e-06,-6.943863e-06,-5.088569e-06,-3.238581e-06,-1.364914e-06,2.003282e-07,1.109161e-06,1.991360e-06,3.103303e-06,3.999597e-06,4.525425e-06,4.605629e-06,4.350259e-06,3.870135e-06,3.095508e-06,2.157038e-06,1.225231e-06,2.915366e-07,-1.783564e-04,-1.782061e-04,-1.780479e-04,-1.772577e-04,-1.757507e-04,-1.739087e-04,-1.720801e-04,-1.703408e-04,-1.688023e-04,-1.671062e-04,-1.651152e-04,-1.628377e-04,-1.603226e-04,-1.577813e-04,-1.552270e-04,-1.525639e-04,-1.498600e-04,-1.471533e-04,-1.769981e-05,-1.496161e-05,-1.222887e-05,-9.386210e-06,-6.166018e-06,-2.523704e-06,1.196019e-06,4.378075e-06,6.428384e-06,7.123688e-06,6.458589e-06,4.689393e-06,2.254314e-06,-6.706237e-07,-4.202980e-06,-8.193562e-06,-1.228253e-05,-1.635539e-05,-5.389926e-04,-5.291121e-04,-5.192013e-04,-5.094260e-04,-5.002396e-04,-4.914910e-04,-4.834246e-04,-4.758383e-04,-4.685563e-04,-4.612827e-04,-4.544153e-04,-4.481284e-04,-4.422577e-04,-4.364083e-04,-4.304840e-04,-4.247012e-04,-4.191016e-04,-4.134851e-04
2.502982e-05,3.208382e-06,-5.948369e-06,3.788738e-05,-1.093232e-06,3.681155e-06,2.551869e-05,-4.991772e-06,-4.996025e-06,2.211075e-05,-1.066102e-06,-1.166968e-05,6.295929e-05,6.476860e-05,6.626886e-05,6.578133e-05,6.625220e-05,6.587546e-05,6.765454e-05,6.685014e-05,6.463691e-05,5.943413e-05,5.575635e-05,5.307479e-05,5.232575e-05,5.432007e-05,5.659154e-05,5.898657e-05,6.173261e-05,6.412926e-05,-1.855031e-04,-1.862910e-04,-1.870786e-04,-1.878694e-04,-1.886519e-04,-1.889869e-04,-1.886614e-04,-1.879421e-04,-1.872280e-04,-1.862419e-04,-1.850331e-04,-1.837203e-04,-1.822901e-04,-1.807079e-04,-1.789721e-04,-1.772402e-04,-1.756045e-04,-1.739480e-04,3.963044e-06,5.709702e-06,7.467947e-06,8.866662e-06,9.685510e-06,1.033645e-05,1.089403e-05,1.140452e-05,1.189988e-05,1.208574e-05,1.191746e-05,1.151630e-05,1.107435e-05,1.072210e-05,1.037926e-05,9.991195e-06,9.674909e-06,9.370097e-06,1.257878e-04,1.152721e-04,1.047441e-04,9.422459e-05,8.407530e-05,7.466051e-05,6.652884e-05,5.940398e-05,5.319049e-05,4.789822e-05,4.411197e-05,4.227426e-05,4.228086e-05,4.349610e-05,4.538682e-05,4.778935e-05,5.046275e-05,5.311132e-05,-1.570370e-05,-1.241927e-05,-9.146222e-06,-5.732929e-06,-1.859463e-06,2.363384e-06,6.505977e-06,1.003247e-05,1.234203e-05,1.316467e-05,1.246872e-05,1.052821e-05,7.822644e-06,4.518919e-06,4.873957e-07,-4.096654e-06,-8.794318e-06,-1.347432e-05
-9.275833e-07,2.392179e-05,2.274887e-05,-1.093232e-06,4.081991e-05,-3.726636e-07,-5.506890e-07,2.399231e-05,-2.238256e-05,-2.941603e-07,3.313812e-05,4.396027e-07,4.580868e-07,-4.906450e-07,-6.867452e-07,-1.079796e-06,-1.942829e-06,-1.785300e-06,-8.868226e-07,-6.308631e-07,-4.547716e-07,-1.751611e-06,-3.358070e-06,-5.490424e-06,-5.949691e-06,-5.159391e-06,-2.130330e-06,3.422017e-06,8.726014e-06,1.378836e-05,5.137691e-06,5.866364e-06,6.596830e-06,7.321680e-06,8.066912e-06,8.950671e-06,9.822923e-06,1.065111e-05,1.126305e-05,1.141499e-05,1.112815e-05,1.042801e-05,9.441514e-06,8.213713e-06,6.654861e-06,4.837395e-06,2.956966e-06,1.088125e-06,-2.588668e-04,-2.569730e-04,-2.550481e-04,-2.528868e-04,-2.506902e-04,-2.483005e-04,-2.458797e-04,-2.434745e-04,-2.411139e-04,-2.387733e-04,-2.366738e-04,-2.346759e-04,-2.327731e-04,-2.310661e-04,-2.294472e-04,-2.277754e-04,-2.260265e-04,-2.242621e-04,-2.345834e-05,-1.814495e-05,-1.281455e-05,-7.632235e-06,-2.377689e-06,3.170502e-06,8.574822e-06,1.310748e-05,1.605248e-05,1.681144e-05,1.527202e-05,1.209976e-05,8.390912e-06,4.681962e-06,8.394601e-07,-3.144963e-06,-7.088485e-06,-1.102374e-05,-2.707089e-04,-2.616048e-04,-2.524961e-04,-2.436506e-04,-2.355834e-04,-2.289261e-04,-2.241912e-04,-2.214180e-04,-2.201530e-04,-2.198463e-04,-2.200950e-04,-2.210010e-04,-2.224084e-04,-2.238459e-04,-2.252353e-04,-2.268806e-04,-2.288064e-04,-2.307165e-04
2.185513e-05,-5.870085e-06,7.633043e-06,3.681155e-06,-3.726636e-07,3.945220e-05,2.236622e-05,5.297402e-06,7.800384e-06,1.055811e-05,-2.245431e-07,-2.093093e-05,-8.756449e-05,-8.946127e-05,-9.089649e-05,-9.002786e-05,-9.065859e-05,-8.947605e-05,-8.980515e-05,-8.855124e-05,-8.833811e-05,-8.273351e-05,-7.790858e-05,-7.496480e-05,-7.262083e-05,-6.976937e-05,-6.817585e-05,-6.733732e-05,-6.694936e-05,-6.656028e-05,-1.863116e-04,-1.836697e-04,-1.810259e-04,-1.783875e-04,-1.757251e-04,-1.733188e-04,-1.713777e-04,-1.690551e-04,-1.660800e-04,-1.626828e-04,-1.591976e-04,-1.558891e-04,-1.527262e-04,-1.495550e-04,-1.463924e-04,-1.432342e-04,-1.400790e-04,-1.369219e-04,7.402996e-06,5.912605e-06,4.409853e-06,3.371556e-06,2.967784e-06,2.753433e-06,2.399618e-06,1.856158e-06,9.850607e-07,8.418555e-08,-4.138594e-07,-5.562649e-07,-2.595945e-07,3.664135e-07,1.118678e-06,1.957713e-06,2.843764e-06,3.728224e-06,-4.686229e-04,-4.724502e-04,-4.762704e-04,-4.797257e-04,-4.824783e-04,-4.835589e-04,-4.824435e-04,-4.790742e-04,-4.739185e-04,-4.670339e-04,-4.590582e-04,-4.500910e-04,-4.404182e-04,-4.305304e-04,-4.206358e-04,-4.106298e-04,-4.004775e-04,-3.903240e-04,-1.691193e-05,-1.377222e-05,-1.063138e-05,-7.468325e-06,-4.045609e-06,-3.185076e-07,3.367702e-06,6.543756e-06,8.708597e-06,9.540727e-06,8.965716e-06,7.236033e-06,4.782080e-06,1.779285e-06,-1.873241e-06,-6.015010e-06,-1.027330e-05,-1.451584e-05
3.318731e-05,-1.366218e-07,-3.536268e-07,2.551869e-05,-5.506890e-07,2.236622e-05,4.232609e-05,1.138464e-07,8.118662e-07,2.530540e-05,-2.823165e-07,-2.176644e-05,-2.338740e-06,-1.996847e-06,-1.614986e-06,-1.455475e-06,-1.430695e-06,-9.794802e-07,2.804401e-07,3.080006e-07,-1.513591e-06,-2.415382e-06,-2.296677e-06,-2.432866e-06,-1.470002e-06,2.006427e-06,5.081536e-06,7.869751e-06,1.060761e-05,1.303283e-05,-2.617306e-04,-2.610121e-04,-2.602921e-04,-2.595781e-04,-2.588419e-04,-2.578855e-04,-2.566623e-04,-2.548610e-04,-2.526443e-04,-2.499426e-04,-2.470115e-04,-2.441255e-04,-2.412769e-04,-2.383364e-04,-2.353085e-04,-2.323038e-04,-2.293867e-04,-2.264502e-04,3.337098e-06,3.852545e-06,4.370273e-06,4.881174e-06,5.304534e-06,5.710394e-06,5.953949e-06,6.033266e-06,5.881510e-06,5.420543e-06,4.858396e-06,4.282726e-06,3.914084e-06,3.804842e-06,3.787020e-06,3.798361e-06,3.909681e-06,4.031143e-06,-1.702372e-04,-1.798509e-04,-1.894706e-04,-1.988614e-04,-2.074824e-04,-2.147273e-04,-2.200441e-04,-2.233768e-04,-2.250974e-04,-2.257239e-04,-2.255427e-04,-2.244519e-04,-2.226949e-04,-2.207862e-04,-2.188178e-04,-2.165053e-04,-2.138629e-04,-2.112359e-04,-1.668616e-05,-1.076523e-05,-4.852632e-06,1.178372e-06,7.756809e-06,1.453940e-05,2.076586e-05,2.597465e-05,2.937556e-05,3.006342e-05,2.759030e-05,2.212494e-05,1.433570e-05,4.770157e-06,-6.266575e-06,-1.819019e-05,-3.027273e-05,-4.232717e-05
-1.130529e-06,2.086069e-05,1.143289e-05,-4.991772e-06,2.399231e-05,5.297402e-06,1.138464e-07,3.654922e-05,-2.725604e-06,4.045176e-06,2.396932e-05,5.938813e-06,-6.424066e-05,-6.646466e-05,-6.786465e-05,-6.768810e-05,-6.882830e-05,-6.810041e-05,-6.807865e-05,-6.689712e-05,-6.579947e-05,-6.226244e-05,-5.984791e-05,-5.912239e-05,-5.798854e-05,-5.675399e-05,-5.451377e-05,-5.091208e-05,-4.765304e-05,-4.442220e-05,1.034536e-06,2.016127e-06,2.999827e-06,3.977784e-06,4.979807e-06,5.843447e-06,6.353256e-06,6.977163e-06,7.830714e-06,8.461648e-06,8.725762e-06,8.572697e-06,8.147608e-06,7.535886e-06,6.663238e-06,5.642005e-06,4.612097e-06,3.583477e-06,-1.808741e-04,-1.809403e-04,-1.809987e-04,-1.805567e-04,-1.796152e-04,-1.784638e-04,-1.774002e-04,-1.764798e-04,-1.757868e-04,-1.750704e-04,-1.743128e-04,-1.734728e-04,-1.725726e-04,-1.717752e-04,-1.710336e-04,-1.702298e-04,-1.693956e-04,-1.685566e-04,-1.382839e-05,-1.076468e-05,-7.706573e-06,-4.546620e-06,-1.025432e-06,2.867547e-06,6.758346e-06,1.004309e-05,1.213019e-05,1.277824e-05,1.198057e-05,1.000190e-05,7.308713e-06,4.087455e-06,2.018010e-07,-4.193151e-06,-8.697084e-06,-1.318254e-05,6.747602e-05,7.109672e-05,7.469369e-05,7.815314e-05,8.122894e-05,8.297455e-05,8.290455e-05,8.083084e-05,7.716755e-05,7.241466e-05,6.735200e-05,6.179102e-05,5.551684e-05,4.864522e-05,4.118600e-05,3.309138e-05,2.463212e-05,1.619154e-05
-1.324658e-08,-1.117536e-05,-2.208225e-05,-4.996025e-06,-2.238256e-05,7.800384e-06,8.118662e-07,-2.725604e-06,3.961020e-05,5.776633e-06,-2.245129e-05,7.462871e-06,-8.897237e-05,-9.000587e-05,-9.119592e-05,-9.004568e-05,-9.001158e-05,-8.932216e-05,-9.096917e-05,-8.988918e-05,-8.857355e-05,-8.139903e-05,-7.529306e-05,-7.074612e-05,-6.865817e-05,-6.881122e-05,-7.137252e-05,-7.631071e-05,-8.134381e-05,-8.603558e-05,-6.142203e-06,-6.017947e-06,-5.893821e-06,-5.768227e-06,-5.643907e-06,-5.960600e-06,-6.773909e-06,-7.396600e-06,-7.385523e-06,-6.926724e-06,-6.238091e-06,-5.432853e-06,-4.526769e-06,-3.477912e-06,-2.237571e-06,-7.758031e-07,7.745589e-07,2.307986e-06,1.827979e-04,1.796186e-04,1.763976e-04,1.734393e-04,1.710722e-04,1.686430e-04,1.660231e-04,1.632368e-04,1.602362e-04,1.573206e-04,1.548871e-04,1.527488e-04,1.508551e-04,1.491405e-04,1.475117e-04,1.458892e-04,1.441892e-04,1.424716e-04,1.614547e-05,1.308083e-05,1.002113e-05,6.878630e-06,3.381803e-06,-3.760617e-07,-3.998876e-06,-7.102167e-06,-9.228961e-06,-1.006042e-05,-9.556384e-06,-7.960721e-06,-5.722504e-06,-3.008637e-06,2.981290e-07,4.064748e-06,7.924714e-06,1.176839e-05,5.360192e-04,5.271875e-04,5.183574e-04,5.093239e-04,5.003608e-04,4.916905e-04,4.836877e-04,4.761542e-04,4.689717e-04,4.615764e-04,4.542407e-04,4.473779e-04,4.411677e-04,4.354511e-04,4.301721e-04,4.254051e-04,4.209385e-04,4.164440e-04
2.470121e-05,-4.292118e-06,5.822026e-06,2.211075e-05,-2.941603e-07,1.055811e-05,2.530540e-05,4.045176e-06,5.776633e-06,3.906700e-05,-8.565919e-08,-2.286052e-06,-6.659319e-05,-6.781549e-05,-6.873631e-05,-6.805538e-05,-6.848852e-05,-6.755883e-05,-6.741267e-05,-6.649277e-05,-6.670656e-05,-6.259376e-05,-5.857188e-05,-5.610371e-05,-5.391958e-05,-5.098622e-05,-4.926938e-05,-4.853081e-05,-4.809887e-05,-4.776154e-05,-1.880183e-04,-1.878001e-04,-1.875799e-04,-1.873658e-04,-1.871260e-04,-1.869825e-04,-1.870311e-04,-1.865483e-04,-1.854124e-04,-1.838372e-04,-1.821563e-04,-1.806409e-04,-1.792426e-04,-1.777982e-04,-1.763102e-04,-1.747925e-04,-1.733053e-04,-1.718101e-04,2.747049e-06,2.021495e-06,1.283284e-06,8.692999e-07,8.805911e-07,9.872706e-07,9.158448e-07,6.602485e-07,1.252481e-07,-5.191001e-07,-9.511989e-07,-1.175472e-06,-1.064960e-06,-6.847718e-07,-1.964019e-07,3.594421e-07,9.774602e-07,1.596855e-06,1.484022e-04,1.401715e-04,1.319280e-04,1.237050e-04,1.159225e-04,1.085199e-04,1.016940e-04,9.547491e-05,8.964981e-05,8.336591e-05,7.652100e-05,6.918912e-05,6.130714e-05,5.282538e-05,4.411044e-05,3.567402e-05,2.754124e-05,1.939109e-05,-1.964132e-05,-1.604472e-05,-1.244863e-05,-8.818737e-06,-4.904334e-06,-6.949975e-07,3.419173e-06,6.920731e-06,9.251778e-06,1.006830e-05,9.294649e-06,7.206434e-06,4.286147e-06,7.265322e-07,-3.597784e-06,-8.505446e-06,-1.354917e-05,-1.857421e-05
-6.744765e-07,2.398907e-05,2.268421e-05,-1.066102e-06,3.313812e-05,-2.245431e-07,-2.823165e-07,2.396932e-05,-2.245129e-05,-8.565919e-08,4.084770e-05,8.074610e-08,2.219902e-06,8.182587e-07,1.997217e-07,-4.860238e-07,-1.506087e-06,-1.307540e-06,-1.740731e-07,2.021447e-07,2.341655e-07,-1.362309e-06,-3.195167e-06,-5.415073e-06,-5.706306e-06,-4.374755e-06,-7.727608e-07,5.349980e-06,1.124908e-05,1.693624e-05,3.384106e-06,4.097785e-06,4.813276e-06,5.523212e-06,6.253647e-06,7.152457e-06,8.084965e-06,9.015036e-06,9.765326e-06,1.006548e-05,9.920265e-06,9.356562e-06,8.503884e-06,7.410529e-06,5.989775e-06,4.318443e-06,2.590072e-06,8.727418e-07,-2.589478e-04,-2.570867e-04,-2.551935e-04,-2.530383e-04,-2.508203e-04,-2.483789e-04,-2.458827e-04,-2.434033e-04,-2.409904e-04,-2.386196e-04,-2.365193e-04,-2.345327e-04,-2.326384e-04,-2.309209e-04,-2.293027e-04,-2.276396e-04,-2.259086e-04,-2.241645e-04,-2.313468e-05,-1.946115e-05,-1.582049e-05,-1.178030e-05,-6.823650e-06,-1.279709e-06,4.197866e-06,8.899167e-06,1.202553e-05,1.338260e-05,1.299973e-05,1.093616e-05,7.402437e-06,2.369913e-06,-4.367667e-06,-1.238012e-05,-2.074217e-05,-2.906343e-05,-2.706520e-04,-2.615279e-04,-2.523994e-04,-2.435313e-04,-2.354348e-04,-2.287433e-04,-2.239748e-04,-2.211757e-04,-2.199002e-04,-2.196040e-04,-2.198870e-04,-2.208495e-04,-2.223313e-04,-2.238588e-04,-2.253540e-04,-2.271172e-04,-2.291650e-04,-2.311967e-04
-2.139765e-05,-5.103096e-06,7.379719e-06,-1.166968e-05,4.396027e-07,-2.093093e-05,-2.176644e-05,5.938813e-06,7.462871e-06,-2.286052e-06,8.074610e-08,3.781612e-05,-8.613149e-05,-8.810308e-05,-8.972432e-05,-8.898323e-05,-8.959676e-05,-8.910335e-05,-9.095089e-05,-8.974188e-05,-8.724012e-05,-8.057315e-05,-7.580183e-05,-7.263953e-05,-7.129795e-05,-7.275165e-05,-7.479717e-05,-7.729727e-05,-7.999198e-05,-8.230458e-05,1.686228e-04,1.681776e-04,1.677326e-04,1.672893e-04,1.668438e-04,1.659093e-04,1.642964e-04,1.624643e-04,1.608456e-04,1.590445e-04,1.570244e-04,1.548706e-04,1.526538e-04,1.503647e-04,1.479931e-04,1.456860e-04,1.434816e-04,1.412555e-04,-5.098901e-09,-1.552520e-06,-3.120724e-06,-4.251972e-06,-4.704296e-06,-5.070858e-06,-5.502159e-06,-6.009197e-06,-6.620565e-06,-6.964709e-06,-6.927802e-06,-6.659445e-06,-6.342228e-06,-6.141899e-06,-5.982721e-06,-5.807641e-06,-5.726454e-06,-5.659389e-06,4.581360e-04,4.607138e-04,4.632840e-04,4.655152e-04,4.670395e-04,4.672254e-04,4.657522e-04,4.621493e-04,4.567583e-04,4.500974e-04,4.431178e-04,4.360747e-04,4.292240e-04,4.228397e-04,4.167848e-04,4.107110e-04,4.044741e-04,3.982333e-04,1.980370e-05,1.691496e-05,1.403895e-05,1.101516e-05,7.550011e-06,3.778368e-06,9.482349e-08,-3.030683e-06,-5.082288e-06,-5.864407e-06,-5.374098e-06,-3.841582e-06,-1.675208e-06,9.792832e-07,4.227535e-06,7.931176e-06,1.173017e-05,1.551436e-05
-1.107163e-06,6.271521e-05,-8.588456e-05,6.295929e-05,4.580868e-07,-8.756449e-05,-2.338740e-06,-6.424066e-05,-8.897237e-05,-6.659319e-05,2.219902e-06,-8.613149e-05,2.712076e-03,1.759682e-03,1.104776e-03,8.588690e-04,8.784625e-04,9.304335e-04,1.003604e-03,1.020251e-03,1.009355e-03,9.365821e-04,8.660810e-04,8.095054e-04,7.699314e-04,7.562228e-04,7.674431e-04,7.967179e-04,8.363281e-04,8.734157e-04,2.572437e-04,2.290282e-04,2.008221e-04,1.724994e-04,1.439232e-04,1.174800e-04,9.629969e-05,7.598720e-05,5.337726e-05,3.179627e-05,1.285360e-05,-2.904676e-06,-1.645250e-05,-2.884736e-05,-4.030619e-05,-5.196419e-05,-6.427072e-05,-7.645988e-05,-6.941813e-04,-5.506236e-04,-4.058722e-04,-2.779758e-04,-1.751271e-04,-9.265712e-05,-2.768092e-05,2.270842e-05,6.149605e-05,8.736732e-05,1.001527e-04,1.029590e-04,9.818166e-05,8.918355e-05,7.778250e-05,6.455517e-05,5.100618e-05,3.757637e-05,-1.349644e-05,-1.104658e-05,-8.599564e-06,-6.371969e-06,-4.352756e-06,-2.846348e-06,-2.164151e-06,-1.566319e-06,-4.449872e-07,8.908358e-07,2.453036e-06,4.310833e-06,6.553438e-06,9.005365e-06,1.149314e-05,1.386608e-05,1.622279e-05,1.858014e-05,-1.104063e-05,-1.957491e-05,-2.831779e-05,-3.503959e-05,-3.895816e-05,-4.098567e-05,-4.161134e-05,-4.137641e-05,-4.073274e-05,-3.932783e-05,-3.707709e-05,-3.413121e-05,-3.054309e-05,-2.645528e-05,-2.188164e-05,-1.697422e-05,-1.188983e-05,-6.815849e-06
-8.702146e-07,6.382613e-05,-8.858050e-05,6.476860e-05,-4.906450e-07,-8.946127e-05,-1.996847e-06,-6.646466e-05,-9.000587e-05,-6.781549e-05,8.182587e-07,-8.810308e-05,1.759682e-03,1.493384e-03,1.153395e-03,9.944332e-04,9.761736e-04,9.842669e-04,1.026533e-03,1.030613e-03,1.021429e-03,9.519856e-04,8.884061e-04,8.400830e-04,8.066943e-04,7.931824e-04,7.975885e-04,8.152786e-04,8.404985e-04,8.633296e-04,2.054867e-04,1.799051e-04,1.543205e-04,1.286852e-04,1.027300e-04,8.053984e-05,6.526664e-05,5.091935e-05,3.367719e-05,1.680440e-05,2.062452e-06,-9.818168e-06,-1.967677e-05,-2.854723e-05,-3.655609e-05,-4.482602e-05,-5.371181e-05,-6.248214e-05,-3.915999e-04,-3.001855e-04,-2.078626e-04,-1.288729e-04,-6.962989e-05,-2.367831e-05,1.236559e-05,4.051869e-05,6.318229e-05,7.811144e-05,8.391830e-05,8.279451e-05,7.629863e-05,6.697642e-05,5.607735e-05,4.387429e-05,3.160108e-05,1.943458e-05,-9.754976e-06,-7.671016e-06,-5.586861e-06,-3.696151e-06,-1.954516e-06,-9.190408e-07,-8.890160e-07,-8.795099e-07,-1.679717e-07,9.522189e-07,2.480327e-06,4.470452e-06,6.994946e-06,9.863606e-06,1.287780e-05,1.585177e-05,1.882756e-05,2.180292e-05,-7.997969e-06,-1.394094e-05,-2.005479e-05,-2.454828e-05,-2.674717e-05,-2.772768e-05,-2.795165e-05,-2.777310e-05,-2.754505e-05,-2.682607e-05,-2.541486e-05,-2.336877e-05,-2.066575e-05,-1.740010e-05,-1.357942e-05,-9.378311e-06,-4.985799e-06,-6.049671e-07
-6.050232e-07,6.513230e-05,-9.031894e-05,6.626886e-05,-6.867452e-07,-9.089649e-05,-1.614986e-06,-6.786465e-05,-9.119592e-05,-6.873631e-05,1.997217e-07,-8.972432e-05,1.104776e-03,1.153395e-03,1.223708e-03,1.122283e-03,1.071183e-03,1.032748e-03,1.044309e-03,1.035697e-03,1.028713e-03,9.631540e-04,9.068486e-04,8.670475e-04,8.401302e-04,8.269432e-04,8.243470e-04,8.300090e-04,8.402185e-04,8.481869e-04,1.469365e-04,1.249069e-04,1.028619e-04,8.083189e-05,5.841769e-05,4.136812e-05,3.275432e-05,2.497972e-05,1.356824e-05,1.714320e-06,-8.642229e-06,-1.654842e-05,-2.267229e-05,-2.800395e-05,-3.256894e-05,-3.746289e-05,-4.293654e-05,-4.829708e-05,-8.206982e-05,-4.432036e-05,-5.955001e-06,2.250696e-05,3.654333e-05,4.449789e-05,5.028730e-05,5.505724e-05,6.064861e-05,6.390355e-05,6.220378e-05,5.678684e-05,4.833961e-05,3.854434e-05,2.804560e-05,1.679785e-05,5.745340e-06,-5.213833e-06,-7.800386e-06,-5.939816e-06,-4.076404e-06,-2.384183e-06,-7.824512e-07,-8.064946e-08,-5.657948e-07,-1.021205e-06,-6.264042e-07,3.353951e-07,1.846939e-06,3.950348e-06,6.711102e-06,9.928559e-06,1.337560e-05,1.683831e-05,2.031634e-05,2.379357e-05,-1.317285e-05,-1.611380e-05,-1.918659e-05,-2.103977e-05,-2.113962e-05,-2.075463e-05,-2.033408e-05,-2.004250e-05,-2.012339e-05,-2.003248e-05,-1.944117e-05,-1.831127e-05,-1.653933e-05,-1.415757e-05,-1.116207e-05,-7.752718e-06,-4.146800e-06,-5.532095e-07
-5.232029e-07,6.441200e-05,-8.975393e-05,6.578133e-05,-1.079796e-06,-9.002786e-05,-1.455475e-06,-6.768810e-05,-9.004568e-05,-6.805538e-05,-4.860238e-07,-8.898323e-05,8.588690e-04,9.944332e-04,1.122283e-03,1.216303e-03,1.127614e-03,1.059049e-03,1.040181e-03,1.020127e-03,1.012261e-03,9.500023e-04,9.001669e-04,8.669341e-04,8.441864e-04,8.309231e-04,8.244888e-04,8.241153e-04,8.268780e-04,8.275043e-04,1.448823e-04,1.191680e-04,9.342664e-05,6.775798e-05,4.164564e-05,2.252890e-05,1.414893e-05,7.851207e-06,-1.317512e-06,-1.047058e-05,-1.787611e-05,-2.274335e-05,-2.580833e-05,-2.810365e-05,-2.966186e-05,-3.158824e-05,-3.406804e-05,-3.643782e-05,6.194688e-05,7.170933e-05,8.183828e-05,8.457086e-05,7.612410e-05,6.583497e-05,5.788568e-05,5.267385e-05,5.150960e-05,5.070438e-05,4.695754e-05,4.101265e-05,3.310163e-05,2.446839e-05,1.551558e-05,6.072828e-06,-3.060297e-06,-1.210741e-05,-8.827534e-06,-6.744693e-06,-4.657337e-06,-2.727542e-06,-8.314943e-07,-8.556390e-09,-6.194558e-07,-1.286576e-06,-1.115379e-06,-3.484849e-07,1.016839e-06,3.038465e-06,5.785402e-06,9.058911e-06,1.262425e-05,1.625245e-05,1.990757e-05,2.356116e-05,-1.550008e-05,-1.668499e-05,-1.796563e-05,-1.834083e-05,-1.730146e-05,-1.620742e-05,-1.549355e-05,-1.518853e-05,-1.545436e-05,-1.569335e-05,-1.551065e-05,-1.482058e-05,-1.348113e-05,-1.149796e-05,-8.870063e-06,-5.809219e-06,-2.547189e-06,7.020181e-07
-6.177851e-07,6.434711e-05,-9.096674e-05,6.625220e-05,-1.942829e-06,-9.065859e-05,-1.430695e-06,-6.882830e-05,-9.001158e-05,-6.848852e-05,-1.506087e-06,-8.959676e-05,8.784625e-04,9.761736e-04,1.071183e-03,1.127614e-03,1.216589e-03,1.124679e-03,1.078274e-03,1.032579e-03,1.011379e-03,9.423629e-04,8.934660e-04,8.649910e-04,8.491420e-04,8.431150e-04,8.447170e-04,8.513170e-04,8.599234e-04,8.664470e-04,4.868433e-05,3.413956e-05,1.956489e-05,5.082541e-06,-9.807924e-06,-1.734380e-05,-1.377965e-05,-9.418987e-06,-9.571384e-06,-1.097849e-05,-1.181449e-05,-1.118875e-05,-9.596621e-06,-7.864990e-06,-5.764096e-06,-4.131853e-06,-3.041073e-06,-1.840573e-06,5.963804e-05,6.111100e-05,6.278061e-05,5.890245e-05,4.646962e-05,3.482881e-05,2.794106e-05,2.563869e-05,2.872373e-05,3.305220e-05,3.495507e-05,3.509250e-05,3.357486e-05,3.156732e-05,2.956199e-05,2.727202e-05,2.539274e-05,2.359435e-05,-6.596611e-06,-4.892311e-06,-3.182332e-06,-1.623337e-06,-1.049854e-07,2.668356e-07,-8.748039e-07,-1.931805e-06,-1.961899e-06,-1.255196e-06,1.848984e-07,2.410032e-06,5.462133e-06,9.127564e-06,1.315721e-05,1.728596e-05,2.144638e-05,2.560482e-05,-1.076438e-05,-1.109168e-05,-1.149085e-05,-1.120939e-05,-9.795057e-06,-8.582708e-06,-7.945125e-06,-7.829877e-06,-8.342021e-06,-8.844033e-06,-8.912226e-06,-8.450654e-06,-7.307167e-06,-5.490487e-06,-3.018869e-06,-9.763871e-08,3.032149e-06,6.148603e-06
-3.184356e-07,6.380006e-05,-8.997760e-05,6.587546e-05,-1.785300e-06,-8.947605e-05,-9.794802e-07,-6.810041e-05,-8.932216e-05,-6.755883e-05,-1.307540e-06,-8.910335e-05,9.304335e-04,9.842669e-04,1.032748e-03,1.059049e-03,1.124679e-03,1.200753e-03,1.119331e-03,1.050671e-03,1.002873e-03,9.210889e-04,8.673871e-04,8.404598e-04,8.310696e-04,8.341440e-04,8.464069e-04,8.625003e-04,8.798606e-04,8.951997e-04,-3.769440e-05,-3.892657e-05,-4.018202e-05,-4.136843e-05,-4.283789e-05,-3.775252e-05,-2.221120e-05,-8.072327e-06,-1.249344e-06,2.274071e-06,4.680424e-06,7.199113e-06,9.728488e-06,1.173983e-05,1.378280e-05,1.533197e-05,1.635416e-05,1.748460e-05,2.545308e-05,2.843658e-05,3.156323e-05,2.981340e-05,2.056433e-05,1.209162e-05,8.186101e-06,9.028362e-06,1.566175e-05,2.379375e-05,2.979616e-05,3.433879e-05,3.746631e-05,4.029349e-05,4.336989e-05,4.629999e-05,4.970090e-05,5.317785e-05,-8.373694e-06,-7.268547e-06,-6.158436e-06,-5.188233e-06,-4.278833e-06,-4.415797e-06,-6.012460e-06,-7.301379e-06,-7.297344e-06,-6.418865e-06,-4.725298e-06,-2.194291e-06,1.186559e-06,5.187357e-06,9.545212e-06,1.398419e-05,1.844994e-05,2.291453e-05,-1.386636e-05,-1.390381e-05,-1.400534e-05,-1.350558e-05,-1.199456e-05,-1.065120e-05,-9.829740e-06,-9.547359e-06,-9.956897e-06,-1.041349e-05,-1.050757e-05,-1.014459e-05,-9.155950e-06,-7.535907e-06,-5.305129e-06,-2.648565e-06,2.063412e-07,3.048911e-06
9.135363e-07,6.524383e-05,-9.057599e-05,6.765454e-05,-8.868226e-07,-8.980515e-05,2.804401e-07,-6.807865e-05,-9.096917e-05,-6.741267e-05,-1.740731e-07,-9.095089e-05,1.003604e-03,1.026533e-03,1.044309e-03,1.040181e-03,1.078274e-03,1.119331e-03,1.215445e-03,1.121314e-03,1.043566e-03,9.314567e-04,8.598045e-04,8.251573e-04,8.165049e-04,8.262796e-04,8.491872e-04,8.772405e-04,9.084140e-04,9.374448e-04,-3.957086e-06,-1.618839e-06,7.050265e-07,3.062920e-06,5.271218e-06,1.245677e-05,2.760238e-05,3.839174e-05,3.902123e-05,3.516770e-05,2.979782e-05,2.446985e-05,1.915098e-05,1.336379e-05,7.755191e-06,1.832953e-06,-4.645572e-06,-1.101287e-05,-2.761770e-05,-1.699067e-05,-6.206907e-06,-2.572092e-07,-1.190273e-06,-1.817605e-06,1.258916e-06,8.499064e-06,2.116695e-05,3.415158e-05,4.381919e-05,5.106725e-05,5.607859e-05,6.016728e-05,6.408407e-05,6.752752e-05,7.129034e-05,7.513727e-05,-1.127532e-05,-1.112169e-05,-1.096446e-05,-1.093322e-05,-1.096871e-05,-1.181529e-05,-1.377596e-05,-1.505712e-05,-1.473829e-05,-1.350987e-05,-1.154411e-05,-8.834008e-06,-5.353568e-06,-1.339559e-06,2.939923e-06,7.236814e-06,1.155823e-05,1.587901e-05,-1.828927e-05,-1.817715e-05,-1.813165e-05,-1.749063e-05,-1.594068e-05,-1.453155e-05,-1.360908e-05,-1.327751e-05,-1.375266e-05,-1.429490e-05,-1.449302e-05,-1.426763e-05,-1.343279e-05,-1.197532e-05,-9.929302e-06,-7.475157e-06,-4.824696e-06,-2.185957e-06
1.132833e-06,6.453430e-05,-8.925089e-05,6.685014e-05,-6.308631e-07,-8.855124e-05,3.080006e-07,-6.689712e-05,-8.988918e-05,-6.649277e-05,2.021447e-07,-8.974188e-05,1.020251e-03,1.030613e-03,1.035697e-03,1.020127e-03,1.032579e-03,1.050671e-03,1.121314e-03,1.192939e-03,1.083902e-03,9.550135e-04,8.607226e-04,8.116578e-04,7.921342e-04,7.966241e-04,8.191720e-04,8.512905e-04,8.894852e-04,9.253814e-04,5.415954e-05,5.199211e-05,4.981458e-05,4.765438e-05,4.540192e-05,4.714716e-05,5.495025e-05,5.774772e-05,4.973679e-05,3.788203e-05,2.586891e-05,1.510818e-05,5.106934e-06,-4.818825e-06,-1.424562e-05,-2.387408e-05,-3.409600e-05,-4.420422e-05,-5.654564e-05,-4.047809e-05,-2.423695e-05,-1.280794e-05,-7.783437e-06,-2.502797e-06,6.209356e-06,1.892824e-05,3.715847e-05,5.417829e-05,6.551090e-05,7.239011e-05,7.543802e-05,7.641781e-05,7.638013e-05,7.532102e-05,7.432200e-05,7.342052e-05,-1.026092e-05,-1.041439e-05,-1.056497e-05,-1.083442e-05,-1.117640e-05,-1.218506e-05,-1.403257e-05,-1.510339e-05,-1.446248e-05,-1.298522e-05,-1.094462e-05,-8.319955e-06,-5.033343e-06,-1.298940e-06,2.638201e-06,6.562370e-06,1.050961e-05,1.445563e-05,-1.764676e-05,-1.768320e-05,-1.778778e-05,-1.730134e-05,-1.599347e-05,-1.484468e-05,-1.418790e-05,-1.416099e-05,-1.502441e-05,-1.583402e-05,-1.606604e-05,-1.568906e-05,-1.457485e-05,-1.276207e-05,-1.031579e-05,-7.438405e-06,-4.352065e-06,-1.278582e-06
-2.401290e-07,6.375277e-05,-8.778672e-05,6.463691e-05,-4.547716e-07,-8.833811e-05,-1.513591e-06,-6.579947e-05,-8.857355e-05,-6.670656e-05,2.341655e-07,-8.724012e-05,1.009355e-03,1.021429e-03,1.028713e-03,1.012261e-03,1.011379e-03,1.002873e-03,1.043566e-03,1.083902e-03,1.170933e-03,1.044612e-03,9.408299e-04,8.567824e-04,7.962490e-04,7.644708e-04,7.575769e-04,7.710573e-04,7.957859e-04,8.178650e-04,1.190484e-04,1.022838e-04,8.551004e-05,6.874925e-05,5.189929e-05,3.862931e-05,3.029374e-05,1.799416e-05,-3.006320e-06,-2.488942e-05,-4.334096e-05,-5.724950e-05,-6.814042e-05,-7.732498e-05,-8.529603e-05,-9.353133e-05,-1.024457e-04,-1.112380e-04,-7.353340e-05,-4.479924e-05,-1.587745e-05,8.111957e-06,2.530644e-05,4.147516e-05,5.893457e-05,7.746405e-05,9.784797e-05,1.120206e-04,1.145966e-04,1.078256e-04,9.387411e-05,7.579836e-05,5.503120e-05,3.225866e-05,9.107344e-06,-1.391758e-05,-1.963618e-06,-1.406428e-06,-8.465565e-07,-4.131288e-07,-7.294517e-08,-3.667861e-07,-1.366733e-06,-1.709926e-06,-5.399703e-07,1.188510e-06,3.134863e-06,5.324065e-06,7.945583e-06,1.086241e-05,1.392546e-05,1.698548e-05,2.006898e-05,2.314935e-05,-1.231742e-05,-1.354330e-05,-1.483663e-05,-1.555178e-05,-1.550115e-05,-1.559143e-05,-1.607595e-05,-1.700015e-05,-1.851639e-05,-1.948037e-05,-1.922443e-05,-1.785214e-05,-1.544380e-05,-1.218788e-05,-8.158212e-06,-3.620237e-06,1.158976e-06,5.921758e-06
-8.887173e-07,5.847087e-05,-8.247838e-05,5.943413e-05,-1.751611e-06,-8.273351e-05,-2.415382e-06,-6.226244e-05,-8.139903e-05,-6.259376e-05,-1.362309e-06,-8.057315e-05,9.365821e-04,9.519856e-04,9.631540e-04,9.500023e-04,9.423629e-04,9.210889e-04,9.314567e-04,9.550135e-04,1.044612e-03,1.123242e-03,1.014675e-03,9.071397e-04,7.922556e-04,7.058858e-04,6.449945e-04,6.163697e-04,6.047843e-04,5.902943e-04,1.868220e-04,1.529924e-04,1.191546e-04,8.532694e-05,5.141384e-05,2.053308e-05,-6.703186e-06,-3.768113e-05,-7.581106e-05,-1.129444e-04,-1.429198e-04,-1.635028e-04,-1.771303e-04,-1.861050e-04,-1.925268e-04,-1.991987e-04,-2.066127e-04,-2.139027e-04,-6.793576e-05,-3.206663e-05,3.986924e-06,3.530894e-05,5.995862e-05,8.270832e-05,1.049204e-04,1.255384e-04,1.443987e-04,1.530726e-04,1.442991e-04,1.208315e-04,8.681922e-05,4.656058e-05,1.622132e-06,-4.644039e-05,-9.541843e-05,-1.442411e-04,2.691879e-06,3.415199e-06,4.141681e-06,4.735984e-06,5.211007e-06,5.116028e-06,4.517964e-06,4.651560e-06,6.279615e-06,8.468682e-06,1.063355e-05,1.257414e-05,1.454554e-05,1.651939e-05,1.854191e-05,2.060907e-05,2.271729e-05,2.481885e-05,4.209237e-06,1.714979e-06,-8.413454e-07,-2.863205e-06,-4.196071e-06,-5.622933e-06,-7.294765e-06,-9.172859e-06,-1.130449e-05,-1.252543e-05,-1.190660e-05,-9.628068e-06,-6.034083e-06,-1.482653e-06,3.963304e-06,9.982324e-06,1.628290e-05,2.256323e-05
-1.006762e-06,5.390876e-05,-7.868289e-05,5.575635e-05,-3.358070e-06,-7.790858e-05,-2.296677e-06,-5.984791e-05,-7.529306e-05,-5.857188e-05,-3.195167e-06,-7.580183e-05,8.660810e-04,8.884061e-04,9.068486e-04,9.001669e-04,8.934660e-04,8.673871e-04,8.598045e-04,8.607226e-04,9.408299e-04,1.014675e-03,1.121693e-03,1.017262e-03,8.768986e-04,7.266618e-04,5.836758e-04,4.742086e-04,3.824316e-04,2.878247e-04,2.626191e-04,2.100140e-04,1.574014e-04,1.047967e-04,5.210998e-05,2.110303e-06,-4.477950e-05,-9.488767e-05,-1.501668e-04,-2.024508e-04,-2.440107e-04,-2.709268e-04,-2.854226e-04,-2.912132e-04,-2.925932e-04,-2.941937e-04,-2.965058e-04,-2.987029e-04,-3.094349e-05,-3.847057e-06,2.343139e-05,4.606230e-05,6.201643e-05,7.541834e-05,8.722771e-05,9.623009e-05,1.019019e-04,9.690190e-05,7.344991e-05,3.431301e-05,-1.528767e-05,-7.094012e-05,-1.318412e-04,-1.959892e-04,-2.611564e-04,-3.261646e-04,3.132961e-06,3.898458e-06,4.667192e-06,5.302623e-06,5.819231e-06,5.846203e-06,5.534774e-06,6.068545e-06,8.093813e-06,1.073541e-05,1.319892e-05,1.499958e-05,1.631563e-05,1.725017e-05,1.810246e-05,1.907126e-05,2.010372e-05,2.112761e-05,2.016209e-05,1.698756e-05,1.375447e-05,1.104029e-05,9.018407e-06,7.014399e-06,4.935153e-06,2.844143e-06,7.305193e-07,-4.079149e-07,4.269987e-07,3.038677e-06,6.939118e-06,1.171398e-05,1.738631e-05,2.360772e-05,3.011787e-05,3.660732e-05
-1.647699e-06,5.004904e-05,-7.690370e-05,5.307479e-05,-5.490424e-06,-7.496480e-05,-2.432866e-06,-5.912239e-05,-7.074612e-05,-5.610371e-05,-5.415073e-06,-7.263953e-05,8.095054e-04,8.400830e-04,8.670475e-04,8.669341e-04,8.649910e-04,8.404598e-04,8.251573e-04,8.116578e-04,8.567824e-04,9.071397e-04,1.017262e-03,1.129881e-03,9.989043e-04,8.237347e-04,6.067339e-04,4.095838e-04,2.199000e-04,2.830157e-05,2.871702e-04,2.279767e-04,1.687755e-04,1.095823e-04,5.030191e-05,-6.321045e-06,-5.956436e-05,-1.150574e-04,-1.737244e-04,-2.280109e-04,-2.706095e-04,-2.974130e-04,-3.083313e-04,-3.078142e-04,-3.018296e-04,-2.961763e-04,-2.910444e-04,-2.858219e-04,2.373728e-05,3.632669e-05,4.909533e-05,5.715525e-05,5.814469e-05,5.563831e-05,5.039351e-05,4.121408e-05,2.742157e-05,3.219737e-06,-3.787910e-05,-9.195392e-05,-1.528705e-04,-2.163641e-04,-2.827882e-04,-3.506724e-04,-4.188287e-04,-4.868723e-04,4.113563e-06,4.956753e-06,5.803294e-06,6.510315e-06,7.080363e-06,7.153667e-06,6.880371e-06,7.428031e-06,9.372513e-06,1.197534e-05,1.452171e-05,1.648485e-05,1.769766e-05,1.831106e-05,1.882833e-05,1.956347e-05,2.037017e-05,2.116998e-05,3.611359e-05,3.218940e-05,2.820840e-05,2.476226e-05,2.210138e-05,1.966063e-05,1.740919e-05,1.545189e-05,1.381084e-05,1.327260e-05,1.467104e-05,1.767676e-05,2.165984e-05,2.615569e-05,3.130661e-05,3.682897e-05,4.257732e-05,4.831053e-05
-1.039002e-06,4.814835e-05,-7.532678e-05,5.232575e-05,-5.949691e-06,-7.262083e-05,-1.470002e-06,-5.798854e-05,-6.865817e-05,-5.391958e-05,-5.706306e-06,-7.129795e-05,7.699314e-04,8.066943e-04,8.401302e-04,8.441864e-04,8.491420e-04,8.310696e-04,8.165049e-04,7.921342e-04,7.962490e-04,7.922556e-04,8.768986e-04,9.989043e-04,1.110846e-03,9.626328e-04,7.420852e-04,4.973546e-04,2.393817e-04,-1.943589e-05,2.107211e-04,1.639326e-04,1.171352e-04,7.034964e-05,2.345942e-05,-2.036791e-05,-5.960984e-05,-9.913938e-05,-1.392002e-04,-1.732843e-04,-1.955427e-04,-2.028491e-04,-1.946267e-04,-1.754166e-04,-1.515819e-04,-1.285364e-04,-1.056324e-04,-8.267857e-05,6.159678e-05,6.291310e-05,6.440252e-05,6.110836e-05,5.013753e-05,3.472307e-05,1.567166e-05,-8.001277e-06,-3.689573e-05,-7.511837e-05,-1.270475e-04,-1.875347e-04,-2.497050e-04,-3.087334e-04,-3.647056e-04,-4.178989e-04,-4.695142e-04,-5.211237e-04,-1.456858e-07,8.517263e-07,1.851122e-06,2.725752e-06,3.510176e-06,3.804707e-06,3.671002e-06,4.189916e-06,5.833495e-06,8.002190e-06,1.017947e-05,1.197911e-05,1.315755e-05,1.387015e-05,1.468926e-05,1.586769e-05,1.711418e-05,1.836017e-05,3.650405e-05,3.256623e-05,2.857165e-05,2.514064e-05,2.263712e-05,2.055006e-05,1.885078e-05,1.764518e-05,1.696211e-05,1.739047e-05,1.951542e-05,2.287927e-05,2.676280e-05,3.060837e-05,3.449421e-05,3.831321e-05,4.217013e-05,4.602747e-05
2.152700e-06,4.778350e-05,-7.405056e-05,5.432007e-05,-5.159391e-06,-6.976937e-05,2.006427e-06,-5.675399e-05,-6.881122e-05,-5.098622e-05,-4.374755e-06,-7.275165e-05,7.562228e-04,7.931824e-04,8.269432e-04,8.309231e-04,8.431150e-04,8.341440e-04,8.262796e-04,7.966241e-04,7.644708e-04,7.058858e-04,7.266618e-04,8.237347e-04,9.626328e-04,1.079336e-03,9.419732e-04,7.553903e-04,5.186834e-04,2.851324e-04,5.580743e-05,3.403877e-05,1.225958e-05,-9.501012e-06,-3.138850e-05,-4.950977e-05,-6.124755e-05,-7.062744e-05,-7.749859e-05,-7.624329e-05,-6.252020e-05,-3.411604e-05,9.077452e-06,6.206078e-05,1.185180e-04,1.741763e-04,2.302008e-04,2.862186e-04,6.862182e-05,6.574694e-05,6.303415e-05,5.559008e-05,4.020457e-05,2.036024e-05,-2.521442e-06,-2.869729e-05,-5.811380e-05,-9.319114e-05,-1.359160e-04,-1.809787e-04,-2.220902e-04,-2.544084e-04,-2.757190e-04,-2.887130e-04,-2.977644e-04,-3.069505e-04,-1.931507e-05,-1.864879e-05,-1.798358e-05,-1.739194e-05,-1.674367e-05,-1.648166e-05,-1.665804e-05,-1.631943e-05,-1.512509e-05,-1.361111e-05,-1.211803e-05,-1.086600e-05,-1.001618e-05,-9.364379e-06,-8.340343e-06,-6.840195e-06,-5.263974e-06,-3.680027e-06,1.995821e-05,1.719346e-05,1.437001e-05,1.214868e-05,1.101862e-05,1.043638e-05,1.026602e-05,1.051501e-05,1.111079e-05,1.244238e-05,1.480434e-05,1.776233e-05,2.073798e-05,2.318669e-05,2.483547e-05,2.581352e-05,2.657762e-05,2.736362e-05
4.854017e-06,4.980366e-05,-7.227157e-05,5.659154e-05,-2.130330e-06,-6.817585e-05,5.081536e-06,-5.451377e-05,-7.137252e-05,-4.926938e-05,-7.727608e-07,-7.479717e-05,7.674431e-04,7.975885e-04,8.243470e-04,8.244888e-04,8.447170e-04,8.464069e-04,8.491872e-04,8.191720e-04,7.575769e-04,6.449945e-04,5.836758e-04,6.067339e-04,7.420852e-04,9.419732e-04,1.175214e-03,1.168202e-03,1.108853e-03,1.048184e-03,-1.022200e-04,-9.649029e-05,-9.077297e-05,-8.502842e-05,-7.943002e-05,-6.923898e-05,-5.053364e-05,-2.645710e-05,3.424057e-06,4.411949e-05,9.870632e-05,1.690168e-04,2.552958e-04,3.526280e-04,4.551199e-04,5.592922e-04,6.644791e-04,7.695749e-04,3.888347e-05,3.440029e-05,3.006467e-05,2.125942e-05,5.027006e-06,-1.397773e-05,-3.276162e-05,-4.985940e-05,-6.353945e-05,-7.393236e-05,-7.993395e-05,-7.658136e-05,-5.890053e-05,-2.291255e-05,3.359500e-05,1.044367e-04,1.816102e-04,2.584759e-04,-3.856862e-05,-3.772279e-05,-3.688164e-05,-3.605029e-05,-3.497188e-05,-3.413848e-05,-3.376998e-05,-3.308712e-05,-3.190413e-05,-3.075497e-05,-2.984869e-05,-2.929572e-05,-2.922550e-05,-2.944991e-05,-2.946574e-05,-2.925363e-05,-2.898840e-05,-2.870307e-05,-1.696378e-05,-1.691531e-05,-1.692838e-05,-1.632084e-05,-1.453602e-05,-1.224605e-05,-9.778898e-06,-7.292726e-06,-5.024666e-06,-2.825322e-06,-7.934488e-07,6.724606e-07,1.182308e-06,3.044272e-07,-2.312588e-06,-6.205431e-06,-1.055651e-05,-1.486304e-05
7.246753e-06,5.414752e-05,-6.941770e-05,5.898657e-05,3.422017e-06,-6.733732e-05,7.869751e-06,-5.091208e-05,-7.631071e-05,-4.853081e-05,5.349980e-06,-7.729727e-05,7.967179e-04,8.152786e-04,8.300090e-04,8.241153e-04,8.513170e-04,8.625003e-04,8.772405e-04,8.512905e-04,7.710573e-04,6.163697e-04,4.742086e-04,4.095838e-04,4.973546e-04,7.553903e-04,1.168202e-03,1.615288e-03,1.872011e-03,2.157151e-03,-2.161235e-04,-1.894220e-04,-1.627340e-04,-1.360117e-04,-1.094427e-04,-7.759542e-05,-3.541563e-05,1.452380e-05,7.260578e-05,1.433008e-04,2.285501e-04,3.300448e-04,4.487517e-04,5.810437e-04,7.226536e-04,8.713498e-04,1.021898e-03,1.172233e-03,-2.401624e-05,-2.947347e-05,-3.479564e-05,-4.417598e-05,-5.978754e-05,-7.518397e-05,-8.525772e-05,-8.624894e-05,-7.415329e-05,-4.656543e-05,8.940633e-07,7.291368e-05,1.731226e-04,3.046063e-04,4.681121e-04,6.525925e-04,8.458215e-04,1.038527e-03,-5.945896e-05,-5.822795e-05,-5.700521e-05,-5.572164e-05,-5.398088e-05,-5.230690e-05,-5.111194e-05,-4.981872e-05,-4.841330e-05,-4.746336e-05,-4.706936e-05,-4.724545e-05,-4.813056e-05,-4.968204e-05,-5.160466e-05,-5.398254e-05,-5.637086e-05,-5.872119e-05,-7.646535e-05,-7.229521e-05,-6.819003e-05,-6.346928e-05,-5.759120e-05,-5.143728e-05,-4.558933e-05,-4.041167e-05,-3.632776e-05,-3.341343e-05,-3.217776e-05,-3.303286e-05,-3.621093e-05,-4.201194e-05,-5.067268e-05,-6.124651e-05,-7.252416e-05,-8.373184e-05
9.551061e-06,5.856531e-05,-6.717442e-05,6.173261e-05,8.726014e-06,-6.694936e-05,1.060761e-05,-4.765304e-05,-8.134381e-05,-4.809887e-05,1.124908e-05,-7.999198e-05,8.363281e-04,8.404985e-04,8.402185e-04,8.268780e-04,8.599234e-04,8.798606e-04,9.084140e-04,8.894852e-04,7.957859e-04,6.047843e-04,3.824316e-04,2.199000e-04,2.393817e-04,5.186834e-04,1.108853e-03,1.872011e-03,2.799867e-03,3.660897e-03,-3.063867e-04,-2.614809e-04,-2.165895e-04,-1.716576e-04,-1.268787e-04,-7.626880e-05,-1.382695e-05,5.803315e-05,1.390940e-04,2.328473e-04,3.396244e-04,4.605333e-04,5.969868e-04,7.471706e-04,9.090254e-04,1.082295e-03,1.258267e-03,1.433916e-03,-9.388301e-05,-9.974414e-05,-1.054827e-04,-1.147976e-04,-1.287686e-04,-1.388687e-04,-1.376662e-04,-1.189092e-04,-7.610784e-05,-4.251823e-06,1.044230e-04,2.544262e-04,4.480597e-04,6.877066e-04,9.725945e-04,1.286383e-03,1.612043e-03,1.936942e-03,-7.635325e-05,-7.504740e-05,-7.375291e-05,-7.233366e-05,-7.027425e-05,-6.812762e-05,-6.648704e-05,-6.494659e-05,-6.360163e-05,-6.299786e-05,-6.305823e-05,-6.363844e-05,-6.485028e-05,-6.684498e-05,-6.957902e-05,-7.331873e-05,-7.713037e-05,-8.088567e-05,-1.334513e-04,-1.249122e-04,-1.164425e-04,-1.073597e-04,-9.715264e-05,-8.692176e-05,-7.749364e-05,-6.943495e-05,-6.336249e-05,-5.957448e-05,-5.900159e-05,-6.209260e-05,-6.894733e-05,-7.977705e-05,-9.471594e-05,-1.123060e-04,-1.309056e-04,-1.494069e-04
