4.776224e-05,-1.151725e-06,5.335453e-07,2.922291e-05,-1.083257e-06,2.551622e-05,3.874668e-05,-1.319199e-06,-1.429803e-08,2.884022e-05,-7.863955e-07,-2.498113e-05,-1.291737e-06,-1.016293e-06,-7.079060e-07,-6.131498e-07,-7.240650e-07,-3.742377e-07,1.064734e-06,1.321713e-06,-2.809710e-07,-1.039314e-06,-1.178635e-06,-1.927146e-06,-1.215838e-06,2.511754e-06,5.666665e-06,8.461438e-06,1.115322e-05,1.352674e-05,-3.014069e-04,-3.002509e-04,-2.990933e-04,-2.979423e-04,-2.967669e-04,-2.953675e-04,-2.937038e-04,-2.914763e-04,-2.888946e-04,-2.858723e-04,-2.826861e-04,-2.796183e-04,-2.765969e-04,-2.734720e-04,-2.702429e-04,-2.670453e-04,-2.639375e-04,-2.608092e-04,6.198885e-06,6.772062e-06,7.347876e-06,7.913875e-06,8.392849e-06,8.863955e-06,9.173638e-06,9.343636e-06,9.321637e-06,9.058609e-06,8.814865e-06,8.664880e-06,8.838848e-06,9.374101e-06,1.003807e-05,1.074063e-05,1.155270e-05,1.237395e-05,-1.951139e-04,-2.061369e-04,-2.171667e-04,-2.279353e-04,-2.378245e-04,-2.461389e-04,-2.522410e-04,-2.560615e-04,-2.580190e-04,-2.587040e-04,-2.584443e-04,-2.571254e-04,-2.550292e-04,-2.527440e-04,-2.503698e-04,-2.475859e-04,-2.444225e-04,-2.412777e-04,-3.920114e-05,-3.532674e-05,-3.146184e-05,-2.745559e-05,-2.289995e-05,-1.754707e-05,-1.179689e-05,-6.774479e-06,-3.387882e-06,-1.542566e-06,-8.719891e-07,-7.021660e-07,-2.760323e-07,3.399104e-07,4.046711e-07,-2.167082e-07,-1.041871e-06,-1.843413e-06
-1.151725e-06,4.220087e-05,3.739514e-06,3.745858e-06,2.792696e-05,-6.851681e-06,-1.590560e-07,2.435470e-05,-1.304427e-05,-5.009935e-06,2.800544e-05,-5.957107e-06,7.321612e-05,7.451339e-05,7.603854e-05,7.519762e-05,7.512180e-05,7.448319e-05,7.616863e-05,7.533995e-05,7.442695e-05,6.826019e-05,6.293425e-05,5.842777e-05,5.620819e-05,5.578206e-05,5.814061e-05,6.321176e-05,6.836900e-05,7.313496e-05,1.180047e-05,1.125909e-05,1.071839e-05,1.017416e-05,9.638704e-06,9.549818e-06,9.983613e-06,1.035783e-05,1.020320e-05,9.568043e-06,8.614537e-06,7.428867e-06,6.089670e-06,4.570451e-06,2.807528e-06,7.947264e-07,-1.319934e-06,-3.415439e-06,-2.173133e-04,-2.146393e-04,-2.119285e-04,-2.094441e-04,-2.075508e-04,-2.056973e-04,-2.038141e-04,-2.018875e-04,-1.998522e-04,-1.979837e-04,-1.967072e-04,-1.958211e-04,-1.952760e-04,-1.950358e-04,-1.949118e-04,-1.947903e-04,-1.945797e-04,-1.943481e-04,-1.640770e-05,-1.260253e-05,-8.803472e-06,-4.905713e-06,-5.953375e-07,4.025789e-06,8.477248e-06,1.224853e-05,1.475850e-05,1.563526e-05,1.483811e-05,1.266995e-05,9.689483e-06,6.104747e-06,1.755223e-06,-3.188016e-06,-8.251653e-06,-1.329386e-05,6.911514e-05,7.522535e-05,8.135023e-05,8.680335e-05,9.100712e-05,9.330582e-05,9.332914e-05,9.084603e-05,8.641533e-05,8.027040e-05,7.320361e-05,6.565148e-05,5.832805e-05,5.196834e-05,4.668128e-05,4.191330e-05,3.715653e-05,3.238387e-05
5.335453e-07,3.739514e-06,4.663346e-05,-6.944075e-06,2.655925e-05,8.913097e-06,-4.113346e-07,1.335011e-05,-2.578019e-05,6.798122e-06,2.648365e-05,8.616008e-06,-1.002715e-04,-1.034192e-04,-1.054490e-04,-1.047897e-04,-1.062059e-04,-1.050508e-04,-1.057490e-04,-1.042015e-04,-1.024920e-04,-9.629464e-05,-9.186332e-05,-8.978654e-05,-8.794620e-05,-8.645663e-05,-8.437985e-05,-8.104826e-05,-7.842974e-05,-7.578152e-05,-1.027902e-05,-8.115273e-06,-5.948986e-06,-3.788893e-06,-1.601150e-06,2.265194e-07,1.287768e-06,2.317830e-06,3.616037e-06,4.662366e-06,5.276023e-06,5.369206e-06,5.070411e-06,4.509087e-06,3.603846e-06,2.507294e-06,1.418514e-06,3.275316e-07,-2.082413e-04,-2.080653e-04,-2.078800e-04,-2.069569e-04,-2.051970e-04,-2.030459e-04,-2.009105e-04,-1.988794e-04,-1.970831e-04,-1.951028e-04,-1.927784e-04,-1.901196e-04,-1.871835e-04,-1.842167e-04,-1.812348e-04,-1.781257e-04,-1.749690e-04,-1.718090e-04,-2.067217e-05,-1.747505e-05,-1.428432e-05,-1.096525e-05,-7.205394e-06,-2.952710e-06,1.390307e-06,5.105494e-06,7.499272e-06,8.310987e-06,7.534327e-06,5.468531e-06,2.625237e-06,-7.900395e-07,-4.914543e-06,-9.574054e-06,-1.434843e-05,-1.910400e-05,-6.292699e-04,-6.177337e-04,-6.061621e-04,-5.947488e-04,-5.840229e-04,-5.738083e-04,-5.643901e-04,-5.555327e-04,-5.470307e-04,-5.385385e-04,-5.305208e-04,-5.231810e-04,-5.163269e-04,-5.094979e-04,-5.025814e-04,-4.958302e-04,-4.892928e-04,-4.827357e-04
2.922291e-05,3.745858e-06,-6.944075e-06,4.423449e-05,-1.276010e-06,4.298786e-06,2.979410e-05,-5.827392e-06,-5.832285e-06,2.581571e-05,-1.244341e-06,-1.362404e-05,7.350472e-05,7.561644e-05,7.736732e-05,7.679781e-05,7.734735e-05,7.690779e-05,7.898508e-05,7.804618e-05,7.546190e-05,6.938660e-05,6.509160e-05,6.196077e-05,6.108696e-05,6.341661e-05,6.606974e-05,6.886727e-05,7.207480e-05,7.487438e-05,-2.165843e-04,-2.175043e-04,-2.184238e-04,-2.193470e-04,-2.202606e-04,-2.206518e-04,-2.202717e-04,-2.194322e-04,-2.185988e-04,-2.174479e-04,-2.160368e-04,-2.145042e-04,-2.128343e-04,-2.109869e-04,-2.089600e-04,-2.069376e-04,-2.050277e-04,-2.030934e-04,4.626195e-06,6.665190e-06,8.717713e-06,1.035051e-05,1.130639e-05,1.206637e-05,1.271749e-05,1.331372e-05,1.389234e-05,1.410969e-05,1.391369e-05,1.344586e-05,1.293047e-05,1.251982e-05,1.212012e-05,1.166758e-05,1.129884e-05,1.094350e-05,1.468638e-04,1.345862e-04,1.222943e-04,1.100124e-04,9.816251e-05,8.717011e-05,7.767561e-05,6.935645e-05,6.210134e-05,5.592184e-05,5.150077e-05,4.935479e-05,4.936218e-05,5.078073e-05,5.298795e-05,5.579273e-05,5.891378e-05,6.200584e-05,-1.833432e-05,-1.449932e-05,-1.067760e-05,-6.692155e-06,-2.169460e-06,2.761130e-06,7.597991e-06,1.171549e-05,1.441216e-05,1.537273e-05,1.456021e-05,1.229454e-05,9.135566e-06,5.278163e-06,5.709768e-07,-4.781342e-06,-1.026632e-05,-1.573067e-05
-1.083257e-06,2.792696e-05,2.655925e-05,-1.276010e-06,4.765629e-05,-4.339738e-07,-6.425755e-07,2.801216e-05,-2.612971e-05,-3.421625e-07,3.868772e-05,5.151164e-07,5.320345e-07,-5.754887e-07,-8.043805e-07,-1.263414e-06,-2.271159e-06,-2.086957e-06,-1.037870e-06,-7.390706e-07,-5.339041e-07,-2.048298e-06,-3.923634e-06,-6.413709e-06,-6.950812e-06,-6.028594e-06,-2.492285e-06,3.989696e-06,1.018141e-05,1.609098e-05,5.997292e-06,6.848391e-06,7.701584e-06,8.548220e-06,9.418655e-06,1.045082e-05,1.146945e-05,1.243647e-05,1.315087e-05,1.332804e-05,1.299270e-05,1.217448e-05,1.102167e-05,9.586929e-06,7.765569e-06,5.642245e-06,3.445405e-06,1.262097e-06,-3.022302e-04,-3.000186e-04,-2.977707e-04,-2.952468e-04,-2.926817e-04,-2.898913e-04,-2.870644e-04,-2.842560e-04,-2.814998e-04,-2.787672e-04,-2.763163e-04,-2.739842e-04,-2.717633e-04,-2.697707e-04,-2.678810e-04,-2.659295e-04,-2.638878e-04,-2.618282e-04,-2.737214e-05,-2.116838e-05,-1.494476e-05,-8.894060e-06,-2.759087e-06,3.718601e-06,1.002812e-05,1.531973e-05,1.875757e-05,1.964308e-05,1.784511e-05,1.414070e-05,9.809754e-06,5.478647e-06,9.915922e-07,-3.661167e-06,-8.266173e-06,-1.286153e-05,-3.160449e-04,-3.054160e-04,-2.947817e-04,-2.844547e-04,-2.750363e-04,-2.672640e-04,-2.617361e-04,-2.584984e-04,-2.570215e-04,-2.566634e-04,-2.569535e-04,-2.580110e-04,-2.596538e-04,-2.613317e-04,-2.629534e-04,-2.648738e-04,-2.671218e-04,-2.693515e-04
2.551622e-05,-6.851681e-06,8.913097e-06,4.298786e-06,-4.339738e-07,4.606038e-05,2.611323e-05,6.186020e-06,9.106367e-06,1.232860e-05,-2.589124e-07,-2.443661e-05,-1.022305e-04,-1.044462e-04,-1.061229e-04,-1.051095e-04,-1.058464e-04,-1.044653e-04,-1.048487e-04,-1.033837e-04,-1.031344e-04,-9.659167e-05,-9.095962e-05,-8.752301e-05,-8.478614e-05,-8.145639e-05,-7.959532e-05,-7.861550e-05,-7.816158e-05,-7.770640e-05,-2.175289e-04,-2.144445e-04,-2.113579e-04,-2.082776e-04,-2.051693e-04,-2.023599e-04,-2.000938e-04,-1.973822e-04,-1.939089e-04,-1.899429e-04,-1.858740e-04,-1.820113e-04,-1.783185e-04,-1.746159e-04,-1.709233e-04,-1.672358e-04,-1.635519e-04,-1.598658e-04,8.623984e-06,6.883897e-06,5.129378e-06,3.917156e-06,3.445818e-06,3.195745e-06,2.782938e-06,2.148790e-06,1.132177e-06,8.089250e-08,-5.000050e-07,-6.656504e-07,-3.186415e-07,4.128692e-07,1.291749e-06,2.271906e-06,3.306951e-06,4.340141e-06,-5.471130e-04,-5.515808e-04,-5.560405e-04,-5.600740e-04,-5.632873e-04,-5.645484e-04,-5.632457e-04,-5.593117e-04,-5.532923e-04,-5.452545e-04,-5.359432e-04,-5.254746e-04,-5.141821e-04,-5.026388e-04,-4.910875e-04,-4.794063e-04,-4.675542e-04,-4.557009e-04,-1.976049e-05,-1.609390e-05,-1.242599e-05,-8.732178e-06,-4.735261e-06,-3.830776e-07,3.921198e-06,7.629680e-06,1.015739e-05,1.112901e-05,1.045765e-05,8.438070e-06,5.572786e-06,2.066667e-06,-2.198075e-06,-7.034074e-06,-1.200614e-05,-1.695981e-05
3.874668e-05,-1.590560e-07,-4.113346e-07,2.979410e-05,-6.425755e-07,2.611323e-05,4.941666e-05,1.333805e-07,9.479055e-07,2.954599e-05,-3.278639e-07,-2.541206e-05,-2.728840e-06,-2.330929e-06,-1.886375e-06,-1.700958e-06,-1.672556e-06,-1.145407e-06,3.262522e-07,3.593969e-07,-1.767105e-06,-2.821231e-06,-2.684277e-06,-2.843498e-06,-1.718677e-06,2.341404e-06,5.932836e-06,9.189508e-06,1.238763e-05,1.522069e-05,-3.055828e-04,-3.047439e-04,-3.039033e-04,-3.030698e-04,-3.022103e-04,-3.010937e-04,-2.996657e-04,-2.975629e-04,-2.949752e-04,-2.918214e-04,-2.883995e-04,-2.850302e-04,-2.817042e-04,-2.782709e-04,-2.747354e-04,-2.712270e-04,-2.678209e-04,-2.643921e-04,3.887415e-06,4.488983e-06,5.093213e-06,5.689510e-06,6.183698e-06,6.657631e-06,6.942230e-06,7.035195e-06,6.858448e-06,6.320821e-06,5.665198e-06,4.993857e-06,4.564274e-06,4.437557e-06,4.417528e-06,4.431501e-06,4.562190e-06,4.704722e-06,-1.987483e-04,-2.099724e-04,-2.212034e-04,-2.321673e-04,-2.422324e-04,-2.506911e-04,-2.568986e-04,-2.607900e-04,-2.627993e-04,-2.635313e-04,-2.633204e-04,-2.620474e-04,-2.599969e-04,-2.577691e-04,-2.554719e-04,-2.527728e-04,-2.496886e-04,-2.466225e-04,-1.949781e-05,-1.258429e-05,-5.680506e-06,1.361507e-06,9.042635e-06,1.696208e-05,2.423215e-05,3.031401e-05,3.428505e-05,3.508847e-05,3.220125e-05,2.582036e-05,1.672616e-05,5.557998e-06,-7.327891e-06,-2.124930e-05,-3.535628e-05,-4.943044e-05
-1.319199e-06,2.435470e-05,1.335011e-05,-5.827392e-06,2.801216e-05,6.186020e-06,1.333805e-07,4.267183e-05,-3.182407e-06,4.723415e-06,2.798517e-05,6.933797e-06,-7.500026e-05,-7.759704e-05,-7.923182e-05,-7.902610e-05,-8.035758e-05,-7.950747e-05,-7.948157e-05,-7.810174e-05,-7.682021e-05,-7.269113e-05,-6.987228e-05,-6.902588e-05,-6.770302e-05,-6.626221e-05,-6.364691e-05,-5.944215e-05,-5.563770e-05,-5.186622e-05,1.201109e-06,2.347442e-06,3.496238e-06,4.638330e-06,5.808524e-06,6.817181e-06,7.412685e-06,8.141279e-06,9.137849e-06,9.874355e-06,1.018239e-05,1.000312e-05,9.506011e-06,8.790847e-06,7.770943e-06,6.577524e-06,5.373965e-06,4.171913e-06,-2.111895e-04,-2.112662e-04,-2.113338e-04,-2.108171e-04,-2.097173e-04,-2.083725e-04,-2.071301e-04,-2.060551e-04,-2.052457e-04,-2.044091e-04,-2.035245e-04,-2.025440e-04,-2.014931e-04,-2.005623e-04,-1.996966e-04,-1.987582e-04,-1.977841e-04,-1.968046e-04,-1.615223e-05,-1.257485e-05,-9.003996e-06,-5.314237e-06,-1.202711e-06,3.342888e-06,7.885876e-06,1.172115e-05,1.415801e-05,1.491462e-05,1.398318e-05,1.167274e-05,8.528009e-06,4.766652e-06,2.295184e-07,-4.902276e-06,-1.016131e-05,-1.539877e-05,7.874699e-05,8.297457e-05,8.717444e-05,9.121380e-05,9.480523e-05,9.684364e-05,9.676226e-05,9.434155e-05,9.006504e-05,8.451655e-05,7.860654e-05,7.211483e-05,6.479051e-05,5.676871e-05,4.806089e-05,3.861121e-05,2.873582e-05,1.888224e-05
-1.429803e-08,-1.304427e-05,-2.578019e-05,-5.832285e-06,-2.612971e-05,9.106367e-06,9.479055e-07,-3.182407e-06,4.624376e-05,6.744107e-06,-2.620992e-05,8.711727e-06,-1.038744e-04,-1.050815e-04,-1.064712e-04,-1.051284e-04,-1.050887e-04,-1.042838e-04,-1.062064e-04,-1.049450e-04,-1.034082e-04,-9.503164e-05,-8.790307e-05,-8.259426e-05,-8.015612e-05,-8.033465e-05,-8.332503e-05,-8.909022e-05,-9.496600e-05,-1.004433e-04,-7.176089e-06,-7.031338e-06,-6.886740e-06,-6.740425e-06,-6.595597e-06,-6.965640e-06,-7.915406e-06,-8.642494e-06,-8.629552e-06,-8.093802e-06,-7.289572e-06,-6.349008e-06,-5.290531e-06,-4.065243e-06,-2.616329e-06,-9.088807e-07,9.020023e-07,2.693113e-06,2.134056e-04,2.096934e-04,2.059325e-04,2.024784e-04,1.997146e-04,1.968782e-04,1.938193e-04,1.905661e-04,1.870628e-04,1.836590e-04,1.808182e-04,1.783221e-04,1.761116e-04,1.741102e-04,1.722088e-04,1.703147e-04,1.683302e-04,1.663251e-04,1.884587e-05,1.526752e-05,1.169494e-05,8.025718e-06,3.942897e-06,-4.445617e-07,-4.674192e-06,-8.297142e-06,-1.078000e-05,-1.175060e-05,-1.116205e-05,-9.299056e-06,-6.685888e-06,-3.517406e-06,3.432686e-07,4.740812e-06,9.247341e-06,1.373486e-05,6.258035e-04,6.154924e-04,6.051833e-04,5.946366e-04,5.841720e-04,5.740492e-04,5.647057e-04,5.559097e-04,5.475236e-04,5.388890e-04,5.303239e-04,5.223108e-04,5.150595e-04,5.083845e-04,5.022204e-04,4.966541e-04,4.914384e-04,4.861902e-04
2.884022e-05,-5.009935e-06,6.798122e-06,2.581571e-05,-3.421625e-07,1.232860e-05,2.954599e-05,4.723415e-06,6.744107e-06,4.561196e-05,-9.876956e-08,-2.670148e-06,-7.774470e-05,-7.917288e-05,-8.024909e-05,-7.945486e-05,-7.996111e-05,-7.887541e-05,-7.870402e-05,-7.762884e-05,-7.787797e-05,-7.307730e-05,-6.838315e-05,-6.550192e-05,-6.295161e-05,-5.952597e-05,-5.752067e-05,-5.665732e-05,-5.615177e-05,-5.575673e-05,-2.195301e-04,-2.192753e-04,-2.190183e-04,-2.187684e-04,-2.184885e-04,-2.183210e-04,-2.183778e-04,-2.178143e-04,-2.164885e-04,-2.146498e-04,-2.126876e-04,-2.109184e-04,-2.092858e-04,-2.075993e-04,-2.058618e-04,-2.040897e-04,-2.023531e-04,-2.006072e-04,3.194627e-06,2.347503e-06,1.485602e-06,1.002272e-06,1.015535e-06,1.140313e-06,1.057268e-06,7.592748e-07,1.350987e-07,-6.166775e-07,-1.120583e-06,-1.381821e-06,-1.252165e-06,-8.076563e-07,-2.368864e-07,4.126235e-07,1.134717e-06,1.858419e-06,1.732415e-04,1.636317e-04,1.540069e-04,1.444061e-04,1.353197e-04,1.266768e-04,1.187071e-04,1.114458e-04,1.046446e-04,9.730771e-05,8.931580e-05,8.075531e-05,7.155251e-05,6.164939e-05,5.147394e-05,4.162365e-05,3.212788e-05,2.261184e-05,-2.294123e-05,-1.874127e-05,-1.454189e-05,-1.030307e-05,-5.732099e-06,-8.168420e-07,3.987186e-06,8.075822e-06,1.079769e-05,1.175114e-05,1.084786e-05,8.409623e-06,4.999797e-06,8.434571e-07,-4.205776e-06,-9.936155e-06,-1.582541e-05,-2.169285e-05
-7.863955e-07,2.800544e-05,2.648365e-05,-1.244341e-06,3.868772e-05,-2.589124e-07,-3.278639e-07,2.798517e-05,-2.620992e-05,-9.876956e-08,4.768844e-05,9.387963e-08,2.590093e-06,9.536872e-07,2.314888e-07,-5.693855e-07,-1.760624e-06,-1.528698e-06,-2.052677e-07,2.340924e-07,2.711457e-07,-1.593096e-06,-3.732795e-06,-6.325121e-06,-6.666065e-06,-5.111869e-06,-9.065845e-07,6.241429e-06,1.312802e-05,1.976714e-05,3.938460e-06,4.772187e-06,5.608031e-06,6.437389e-06,7.290684e-06,8.340568e-06,9.429696e-06,1.051581e-05,1.139189e-05,1.174228e-05,1.157247e-05,1.091375e-05,9.917359e-06,8.639779e-06,6.979845e-06,5.027322e-06,3.008197e-06,1.001963e-06,-3.023238e-04,-3.001503e-04,-2.979394e-04,-2.954226e-04,-2.928326e-04,-2.899817e-04,-2.870669e-04,-2.841718e-04,-2.813546e-04,-2.785867e-04,-2.761349e-04,-2.738161e-04,-2.716050e-04,-2.696003e-04,-2.677114e-04,-2.657700e-04,-2.637492e-04,-2.617132e-04,-2.704080e-05,-2.275134e-05,-1.850026e-05,-1.378272e-05,-7.995232e-06,-1.522103e-06,4.873465e-06,1.036263e-05,1.401300e-05,1.559773e-05,1.515103e-05,1.274205e-05,8.616606e-06,2.741212e-06,-5.124916e-06,-1.447949e-05,-2.424220e-05,-3.395730e-05,-3.159789e-04,-3.053264e-04,-2.946689e-04,-2.843153e-04,-2.748626e-04,-2.670501e-04,-2.614827e-04,-2.582147e-04,-2.567254e-04,-2.563793e-04,-2.567096e-04,-2.578331e-04,-2.595629e-04,-2.613460e-04,-2.630916e-04,-2.651499e-04,-2.675405e-04,-2.699123e-04
-2.498113e-05,-5.957107e-06,8.616008e-06,-1.362404e-05,5.151164e-07,-2.443661e-05,-2.541206e-05,6.933797e-06,8.711727e-06,-2.670148e-06,9.387963e-08,4.414966e-05,-1.005588e-04,-1.028601e-04,-1.047524e-04,-1.038868e-04,-1.046029e-04,-1.040269e-04,-1.061841e-04,-1.047727e-04,-1.018517e-04,-9.406732e-05,-8.849594e-05,-8.480393e-05,-8.323819e-05,-8.493633e-05,-8.732529e-05,-9.024499e-05,-9.339205e-05,-9.609298e-05,1.968675e-04,1.963477e-04,1.958281e-04,1.953104e-04,1.947902e-04,1.936992e-04,1.918160e-04,1.896771e-04,1.877874e-04,1.856848e-04,1.833263e-04,1.808117e-04,1.782233e-04,1.755505e-04,1.727813e-04,1.700874e-04,1.675133e-04,1.649140e-04,-1.524979e-08,-1.821564e-06,-3.652143e-06,-4.972573e-06,-5.500389e-06,-5.928157e-06,-6.431600e-06,-7.023543e-06,-7.737349e-06,-8.139261e-06,-8.096403e-06,-7.783398e-06,-7.413398e-06,-7.179891e-06,-6.994411e-06,-6.790335e-06,-6.695871e-06,-6.617893e-06,5.348706e-04,5.378798e-04,5.408801e-04,5.434846e-04,5.452639e-04,5.454807e-04,5.437606e-04,5.395541e-04,5.332602e-04,5.254835e-04,5.173349e-04,5.091122e-04,5.011141e-04,4.936606e-04,4.865916e-04,4.795006e-04,4.722191e-04,4.649331e-04,2.311060e-05,1.973815e-05,1.638056e-05,1.285044e-05,8.805016e-06,4.401725e-06,1.012408e-07,-3.547790e-06,-5.943086e-06,-6.856273e-06,-6.283889e-06,-4.494698e-06,-1.965449e-06,1.133713e-06,4.926123e-06,9.250217e-06,1.368563e-05,1.810376e-05
-1.291737e-06,7.321612e-05,-1.002715e-04,7.350472e-05,5.320345e-07,-1.022305e-04,-2.728840e-06,-7.500026e-05,-1.038744e-04,-7.774470e-05,2.590093e-06,-1.005588e-04,3.166448e-03,2.054476e-03,1.289839e-03,1.002730e-03,1.025607e-03,1.086286e-03,1.171712e-03,1.191144e-03,1.178418e-03,1.093454e-03,1.011142e-03,9.450895e-04,8.988879e-04,8.828862e-04,8.959897e-04,9.301720e-04,9.764209e-04,1.019724e-03,3.003199e-04,2.673830e-04,2.344571e-04,2.013949e-04,1.680363e-04,1.371673e-04,1.124418e-04,8.872882e-05,6.233298e-05,3.713808e-05,1.502307e-05,-3.374486e-06,-1.919143e-05,-3.366238e-05,-4.704052e-05,-6.065122e-05,-7.501910e-05,-8.924994e-05,-8.104183e-04,-6.428104e-04,-4.738086e-04,-3.244860e-04,-2.044077e-04,-1.081228e-04,-3.226258e-05,2.656685e-05,7.185082e-05,1.020545e-04,1.169803e-04,1.202556e-04,1.146770e-04,1.041708e-04,9.085924e-05,7.541554e-05,5.959634e-05,4.391628e-05,-1.574543e-05,-1.288607e-05,-1.003002e-05,-7.430219e-06,-5.073885e-06,-3.316439e-06,-2.521371e-06,-1.824622e-06,-5.162989e-07,1.043004e-06,2.867238e-06,5.037126e-06,7.656631e-06,1.052076e-05,1.342694e-05,1.619913e-05,1.895238e-05,2.170636e-05,-1.284969e-05,-2.281572e-05,-3.302530e-05,-4.087511e-05,-4.545186e-05,-4.782039e-05,-4.855177e-05,-4.827792e-05,-4.752652e-05,-4.588620e-05,-4.325833e-05,-3.981882e-05,-3.562948e-05,-3.085680e-05,-2.551692e-05,-1.978735e-05,-1.385112e-05,-7.927045e-06
-1.016293e-06,7.451339e-05,-1.034192e-04,7.561644e-05,-5.754887e-07,-1.044462e-04,-2.330929e-06,-7.759704e-05,-1.050815e-04,-7.917288e-05,9.536872e-07,-1.028601e-04,2.054476e-03,1.743560e-03,1.346607e-03,1.161011e-03,1.139693e-03,1.149142e-03,1.198486e-03,1.203244e-03,1.192518e-03,1.111440e-03,1.037210e-03,9.807925e-04,9.418126e-04,9.260404e-04,9.311879e-04,9.518446e-04,9.812922e-04,1.007951e-03,2.399072e-04,2.100443e-04,1.801778e-04,1.502520e-04,1.199526e-04,9.404823e-05,7.621892e-05,5.947008e-05,3.934098e-05,1.964286e-05,2.432210e-06,-1.143810e-05,-2.294773e-05,-3.330378e-05,-4.265390e-05,-5.230885e-05,-6.268281e-05,-7.292197e-05,-4.571421e-04,-3.504137e-04,-2.426244e-04,-1.504025e-04,-8.123573e-05,-2.758747e-05,1.449311e-05,4.736087e-05,7.381946e-05,9.124788e-05,9.802604e-05,9.671278e-05,8.912770e-05,7.824306e-05,6.551754e-05,5.126964e-05,3.693986e-05,2.273465e-05,-1.136987e-05,-8.937403e-06,-6.504700e-06,-4.297919e-06,-2.265404e-06,-1.057594e-06,-1.023849e-06,-1.013956e-06,-1.840955e-07,1.123409e-06,2.907791e-06,5.232126e-06,8.180706e-06,1.153137e-05,1.505216e-05,1.852609e-05,2.200213e-05,2.547766e-05,-9.298352e-06,-1.623902e-05,-2.337920e-05,-2.862747e-05,-3.119656e-05,-3.234284e-05,-3.260538e-05,-3.239751e-05,-3.213146e-05,-3.129201e-05,-2.964428e-05,-2.725523e-05,-2.409913e-05,-2.028617e-05,-1.582519e-05,-1.092001e-05,-5.791323e-06,-6.762717e-07
-7.079060e-07,7.603854e-05,-1.054490e-04,7.736732e-05,-8.043805e-07,-1.061229e-04,-1.886375e-06,-7.923182e-05,-1.064712e-04,-8.024909e-05,2.314888e-07,-1.047524e-04,1.289839e-03,1.346607e-03,1.428703e-03,1.310286e-03,1.250625e-03,1.205749e-03,1.219242e-03,1.209183e-03,1.201024e-03,1.124482e-03,1.058745e-03,1.012277e-03,9.808529e-04,9.654599e-04,9.624318e-04,9.690451e-04,9.809674e-04,9.902732e-04,1.715629e-04,1.458460e-04,1.201110e-04,9.439339e-05,6.822710e-05,4.832379e-05,3.826898e-05,2.919355e-05,1.587167e-05,2.033045e-06,-1.005763e-05,-1.928771e-05,-2.643693e-05,-3.266128e-05,-3.799052e-05,-4.370384e-05,-5.009397e-05,-5.635204e-05,-9.575247e-05,-5.168015e-05,-6.888726e-06,2.633997e-05,4.272602e-05,5.201117e-05,5.876841e-05,6.433542e-05,7.086154e-05,7.465992e-05,7.267384e-05,6.634816e-05,5.648481e-05,4.504779e-05,3.278959e-05,1.965696e-05,6.752280e-06,-6.043428e-06,-9.080548e-06,-6.908577e-06,-4.733283e-06,-2.757937e-06,-8.884931e-07,-7.005974e-08,-6.376832e-07,-1.170561e-06,-7.105194e-07,4.120159e-07,2.177010e-06,4.633554e-06,7.857932e-06,1.161581e-05,1.564197e-05,1.968652e-05,2.374893e-05,2.781041e-05,-1.534074e-05,-1.877654e-05,-2.236627e-05,-2.453200e-05,-2.465054e-05,-2.420272e-05,-2.371294e-05,-2.337325e-05,-2.346798e-05,-2.336186e-05,-2.267136e-05,-2.135188e-05,-1.928270e-05,-1.650153e-05,-1.300375e-05,-9.022701e-06,-4.812111e-06,-6.159193e-07
-6.131498e-07,7.519762e-05,-1.047897e-04,7.679781e-05,-1.263414e-06,-1.051095e-04,-1.700958e-06,-7.902610e-05,-1.051284e-04,-7.945486e-05,-5.693855e-07,-1.038868e-04,1.002730e-03,1.161011e-03,1.310286e-03,1.420062e-03,1.316515e-03,1.236460e-03,1.214425e-03,1.191006e-03,1.181819e-03,1.109129e-03,1.050946e-03,1.012147e-03,9.855912e-04,9.701088e-04,9.625995e-04,9.621659e-04,9.653936e-04,9.661273e-04,1.691771e-04,1.391569e-04,1.091050e-04,7.913792e-05,4.865278e-05,2.633500e-05,1.655246e-05,9.200786e-06,-1.502994e-06,-1.218855e-05,-2.083398e-05,-2.651606e-05,-3.009395e-05,-3.277327e-05,-3.459196e-05,-3.684052e-05,-3.973520e-05,-4.250142e-05,7.239267e-05,8.378907e-05,9.561338e-05,9.880205e-05,8.893824e-05,7.692327e-05,6.764018e-05,6.155322e-05,6.019204e-05,5.925018e-05,5.487417e-05,4.793216e-05,3.869487e-05,2.861456e-05,1.816126e-05,7.135960e-06,-3.527825e-06,-1.409119e-05,-1.027416e-05,-7.842490e-06,-5.405544e-06,-3.152637e-06,-9.394144e-07,2.055279e-08,-6.938497e-07,-1.473916e-06,-1.274984e-06,-3.800668e-07,1.214151e-06,3.575158e-06,6.783369e-06,1.060668e-05,1.477097e-05,1.900875e-05,2.327795e-05,2.754535e-05,-1.805712e-05,-1.944281e-05,-2.094025e-05,-2.138053e-05,-2.016913e-05,-1.889362e-05,-1.806152e-05,-1.770624e-05,-1.801698e-05,-1.829605e-05,-1.808258e-05,-1.727655e-05,-1.571221e-05,-1.339628e-05,-1.032752e-05,-6.753180e-06,-2.943899e-06,8.504063e-07
-7.240650e-07,7.512180e-05,-1.062059e-04,7.734735e-05,-2.271159e-06,-1.058464e-04,-1.672556e-06,-8.035758e-05,-1.050887e-04,-7.996111e-05,-1.760624e-06,-1.046029e-04,1.025607e-03,1.139693e-03,1.250625e-03,1.316515e-03,1.420398e-03,1.313088e-03,1.258902e-03,1.205546e-03,1.180789e-03,1.100211e-03,1.043124e-03,1.009880e-03,9.913781e-04,9.843443e-04,9.862176e-04,9.939258e-04,1.003976e-03,1.011595e-03,5.687005e-05,3.988990e-05,2.287485e-05,5.967562e-06,-1.141625e-05,-2.021343e-05,-1.605113e-05,-1.095902e-05,-1.113611e-05,-1.277811e-05,-1.375343e-05,-1.302230e-05,-1.116287e-05,-9.140575e-06,-6.687130e-06,-4.780854e-06,-3.506732e-06,-2.104511e-06,6.969574e-05,7.141406e-05,7.336196e-05,6.883258e-05,5.431517e-05,4.072238e-05,3.267902e-05,2.998930e-05,3.358963e-05,3.864181e-05,4.086226e-05,4.102177e-05,3.924912e-05,3.690465e-05,3.456286e-05,3.188877e-05,2.969417e-05,2.759401e-05,-7.666554e-06,-5.676762e-06,-3.680336e-06,-1.860273e-06,-8.797017e-08,3.453264e-07,-9.887387e-07,-2.224030e-06,-2.260143e-06,-1.435523e-06,2.459888e-07,2.844624e-06,6.409186e-06,1.069018e-05,1.539671e-05,2.021905e-05,2.507835e-05,2.993534e-05,-1.252669e-05,-1.291121e-05,-1.337965e-05,-1.305338e-05,-1.140434e-05,-9.990846e-06,-9.247939e-06,-9.114324e-06,-9.712697e-06,-1.029887e-05,-1.037831e-05,-9.839000e-06,-8.503381e-06,-6.381732e-06,-3.495336e-06,-8.388339e-08,3.571123e-06,7.210557e-06
-3.742377e-07,7.448319e-05,-1.050508e-04,7.690779e-05,-2.086957e-06,-1.044653e-04,-1.145407e-06,-7.950747e-05,-1.042838e-04,-7.887541e-05,-1.528698e-06,-1.040269e-04,1.086286e-03,1.149142e-03,1.205749e-03,1.236460e-03,1.313088e-03,1.401908e-03,1.306838e-03,1.226669e-03,1.170858e-03,1.075372e-03,1.012675e-03,9.812376e-04,9.702768e-04,9.738693e-04,9.881896e-04,1.006982e-03,1.027253e-03,1.045165e-03,-4.398098e-05,-4.541838e-05,-4.688296e-05,-4.826695e-05,-4.998141e-05,-4.404300e-05,-2.589705e-05,-9.388671e-06,-1.421886e-06,2.692557e-06,5.502671e-06,8.443770e-06,1.139735e-05,1.374610e-05,1.613179e-05,1.794096e-05,1.913488e-05,2.045519e-05,2.977909e-05,3.326123e-05,3.691051e-05,3.486628e-05,2.406634e-05,1.417278e-05,9.611630e-06,1.059371e-05,1.833715e-05,2.783031e-05,3.483731e-05,4.014021e-05,4.379108e-05,4.709142e-05,5.068282e-05,5.410342e-05,5.807371e-05,6.213277e-05,-9.743286e-06,-8.453101e-06,-7.157114e-06,-6.024562e-06,-4.963305e-06,-5.124084e-06,-6.989433e-06,-8.495511e-06,-8.491784e-06,-7.466619e-06,-5.489173e-06,-2.533406e-06,1.415029e-06,6.087653e-06,1.117747e-05,1.636212e-05,2.157801e-05,2.679255e-05,-1.615063e-05,-1.619665e-05,-1.631748e-05,-1.573625e-05,-1.397423e-05,-1.240770e-05,-1.145002e-05,-1.112120e-05,-1.159972e-05,-1.213283e-05,-1.224248e-05,-1.181829e-05,-1.066348e-05,-8.771452e-06,-6.166306e-06,-3.063936e-06,2.700549e-07,3.589638e-06
1.064734e-06,7.616863e-05,-1.057490e-04,7.898508e-05,-1.037870e-06,-1.048487e-04,3.262522e-07,-7.948157e-05,-1.062064e-04,-7.870402e-05,-2.052677e-07,-1.061841e-04,1.171712e-03,1.198486e-03,1.219242e-03,1.214425e-03,1.258902e-03,1.306838e-03,1.419053e-03,1.309144e-03,1.218365e-03,1.087473e-03,1.003818e-03,9.633674e-04,9.532677e-04,9.646831e-04,9.914317e-04,1.024188e-03,1.060587e-03,1.094484e-03,-4.594488e-06,-1.863259e-06,8.511776e-07,3.605328e-06,6.184814e-06,1.457526e-05,3.225912e-05,4.485669e-05,4.559217e-05,4.109358e-05,3.482446e-05,2.860409e-05,2.239435e-05,1.563782e-05,9.089823e-06,2.175653e-06,-5.387985e-06,-1.282176e-05,-3.218480e-05,-1.977838e-05,-7.188960e-06,-2.435074e-07,-1.333948e-06,-2.067446e-06,1.523475e-06,9.975568e-06,2.476470e-05,3.992361e-05,5.120995e-05,5.967157e-05,6.552190e-05,7.029512e-05,7.486773e-05,7.888769e-05,8.328051e-05,8.777154e-05,-1.313568e-05,-1.295657e-05,-1.277324e-05,-1.273710e-05,-1.277917e-05,-1.376855e-05,-1.605894e-05,-1.755599e-05,-1.718473e-05,-1.575098e-05,-1.345572e-05,-1.029083e-05,-6.226090e-06,-1.538008e-06,3.460335e-06,8.479141e-06,1.352657e-05,1.857325e-05,-2.131432e-05,-2.118565e-05,-2.113475e-05,-2.038852e-05,-1.858098e-05,-1.693758e-05,-1.586189e-05,-1.547557e-05,-1.603065e-05,-1.666372e-05,-1.689484e-05,-1.663132e-05,-1.565614e-05,-1.395399e-05,-1.156466e-05,-8.698745e-06,-5.603579e-06,-2.522102e-06
1.321713e-06,7.533995e-05,-1.042015e-04,7.804618e-05,-7.390706e-07,-1.033837e-04,3.593969e-07,-7.810174e-05,-1.049450e-04,-7.762884e-05,2.340924e-07,-1.047727e-04,1.191144e-03,1.203244e-03,1.209183e-03,1.191006e-03,1.205546e-03,1.226669e-03,1.309144e-03,1.392766e-03,1.265455e-03,1.114973e-03,1.004886e-03,9.476017e-04,9.248092e-04,9.300544e-04,9.563831e-04,9.938858e-04,1.038483e-03,1.080396e-03,6.325176e-05,6.072254e-05,5.818152e-05,5.566072e-05,5.303220e-05,5.507093e-05,6.418210e-05,6.744884e-05,5.809630e-05,4.425594e-05,3.023057e-05,1.766722e-05,5.990589e-06,-5.597921e-06,-1.660386e-05,-2.784523e-05,-3.977948e-05,-5.158097e-05,-6.596053e-05,-4.720196e-05,-2.824070e-05,-1.489778e-05,-9.032316e-06,-2.867797e-06,7.303163e-06,2.215210e-05,4.343565e-05,6.330589e-05,7.653619e-05,8.456715e-05,8.812504e-05,8.926843e-05,8.922396e-05,8.798694e-05,8.682006e-05,8.576706e-05,-1.195618e-05,-1.213585e-05,-1.231214e-05,-1.262730e-05,-1.302739e-05,-1.420615e-05,-1.636453e-05,-1.761604e-05,-1.686874e-05,-1.514447e-05,-1.276185e-05,-9.696750e-06,-5.858394e-06,-1.496894e-06,3.101589e-06,7.685055e-06,1.229545e-05,1.690442e-05,-2.056423e-05,-2.060888e-05,-2.073309e-05,-2.016722e-05,-1.864218e-05,-1.730259e-05,-1.653699e-05,-1.650627e-05,-1.751462e-05,-1.845985e-05,-1.873056e-05,-1.829012e-05,-1.698884e-05,-1.487199e-05,-1.201549e-05,-8.655589e-06,-5.051696e-06,-1.462816e-06
-2.809710e-07,7.442695e-05,-1.024920e-04,7.546190e-05,-5.339041e-07,-1.031344e-04,-1.767105e-06,-7.682021e-05,-1.034082e-04,-7.787797e-05,2.711457e-07,-1.018517e-04,1.178418e-03,1.192518e-03,1.201024e-03,1.181819e-03,1.180789e-03,1.170858e-03,1.218365e-03,1.265455e-03,1.367066e-03,1.219580e-03,1.098411e-03,1.000283e-03,9.296093e-04,8.925099e-04,8.844643e-04,9.002066e-04,9.290817e-04,9.548634e-04,1.390085e-04,1.194366e-04,9.985400e-05,8.028655e-05,6.061495e-05,4.512289e-05,3.539160e-05,2.103203e-05,-3.486202e-06,-2.903488e-05,-5.057719e-05,-6.681553e-05,-7.953069e-05,-9.025363e-05,-9.955975e-05,-1.091744e-04,-1.195818e-04,-1.298468e-04,-8.579213e-05,-5.224458e-05,-1.847797e-05,9.529938e-06,2.960457e-05,4.848156e-05,6.886545e-05,9.049859e-05,1.142967e-04,1.308427e-04,1.338491e-04,1.259427e-04,1.096528e-04,8.854788e-05,6.430066e-05,3.771209e-05,1.068128e-05,-1.620197e-05,-2.271532e-06,-1.621577e-06,-9.684866e-07,-4.630848e-07,-6.678970e-08,-4.110140e-07,-1.579843e-06,-1.981808e-06,-6.167990e-07,1.400832e-06,3.673453e-06,6.230144e-06,9.291951e-06,1.269884e-05,1.627670e-05,1.985114e-05,2.345300e-05,2.705120e-05,-1.433830e-05,-1.577176e-05,-1.728396e-05,-1.812107e-05,-1.806399e-05,-1.817112e-05,-1.873807e-05,-1.981786e-05,-2.158841e-05,-2.271389e-05,-2.241491e-05,-2.081240e-05,-1.800018e-05,-1.419840e-05,-9.493242e-06,-4.194559e-06,1.385819e-06,6.947008e-06
-1.039314e-06,6.826019e-05,-9.629464e-05,6.938660e-05,-2.048298e-06,-9.659167e-05,-2.821231e-06,-7.269113e-05,-9.503164e-05,-7.307730e-05,-1.593096e-06,-9.406732e-05,1.093454e-03,1.111440e-03,1.124482e-03,1.109129e-03,1.100211e-03,1.075372e-03,1.087473e-03,1.114973e-03,1.219580e-03,1.311387e-03,1.184630e-03,1.059078e-03,9.249479e-04,8.241106e-04,7.530210e-04,7.196041e-04,7.060814e-04,6.891677e-04,2.181434e-04,1.786474e-04,1.391418e-04,9.964807e-05,6.005452e-05,2.400111e-05,-7.797530e-06,-4.396485e-05,-8.848238e-05,-1.318364e-04,-1.668331e-04,-1.908639e-04,-2.067738e-04,-2.172516e-04,-2.247486e-04,-2.325377e-04,-2.411932e-04,-2.497040e-04,-7.925695e-05,-3.737890e-05,4.714452e-06,4.128359e-05,7.006261e-05,9.662326e-05,1.225562e-04,1.466279e-04,1.686472e-04,1.787733e-04,1.685288e-04,1.411284e-04,1.014167e-04,5.441226e-05,1.944008e-06,-5.417170e-05,-1.113563e-04,-1.683596e-04,3.166799e-06,4.011004e-06,4.858905e-06,5.552421e-06,6.106425e-06,5.994636e-06,5.295242e-06,5.450125e-06,7.350116e-06,9.905594e-06,1.243339e-05,1.469981e-05,1.700252e-05,1.930836e-05,2.167126e-05,2.408640e-05,2.654946e-05,2.900474e-05,4.958688e-06,2.044245e-06,-9.426609e-07,-3.305521e-06,-4.863853e-06,-6.531645e-06,-8.484977e-06,-1.067860e-05,-1.316774e-05,-1.459326e-05,-1.387056e-05,-1.120990e-05,-7.013261e-06,-1.698751e-06,4.660189e-06,1.168828e-05,1.904514e-05,2.637837e-05
-1.178635e-06,6.293425e-05,-9.186332e-05,6.509160e-05,-3.923634e-06,-9.095962e-05,-2.684277e-06,-6.987228e-05,-8.790307e-05,-6.838315e-05,-3.732795e-06,-8.849594e-05,1.011142e-03,1.037210e-03,1.058745e-03,1.050946e-03,1.043124e-03,1.012675e-03,1.003818e-03,1.004886e-03,1.098411e-03,1.184630e-03,1.309581e-03,1.187654e-03,1.023776e-03,8.483716e-04,6.814327e-04,5.536288e-04,4.464788e-04,3.360249e-04,3.066501e-04,2.452328e-04,1.838066e-04,1.223897e-04,6.087698e-05,2.501251e-06,-5.224386e-05,-1.107466e-04,-1.752867e-04,-2.363296e-04,-2.848517e-04,-3.162764e-04,-3.331997e-04,-3.399594e-04,-3.415695e-04,-3.434370e-04,-3.461354e-04,-3.486996e-04,-3.606999e-05,-4.434593e-06,2.741332e-05,5.383507e-05,7.246151e-05,8.810807e-05,1.018952e-04,1.124051e-04,1.190262e-04,1.131875e-04,8.580529e-05,4.011030e-05,-1.780151e-05,-8.277889e-05,-1.538841e-04,-2.287804e-04,-3.048664e-04,-3.807670e-04,3.686734e-06,4.580640e-06,5.478328e-06,6.220315e-06,6.823309e-06,6.854304e-06,6.489910e-06,7.112276e-06,9.476211e-06,1.256015e-05,1.543666e-05,1.753967e-05,1.907714e-05,2.016941e-05,2.116589e-05,2.229848e-05,2.350537e-05,2.470226e-05,2.358212e-05,1.987341e-05,1.609632e-05,1.292510e-05,1.056223e-05,8.220480e-06,5.791334e-06,3.348985e-06,8.807615e-07,-4.484844e-07,5.265172e-07,3.576230e-06,8.130794e-06,1.370634e-05,2.032979e-05,2.759443e-05,3.519624e-05,4.277387e-05
-1.927146e-06,5.842777e-05,-8.978654e-05,6.196077e-05,-6.413709e-06,-8.752301e-05,-2.843498e-06,-6.902588e-05,-8.259426e-05,-6.550192e-05,-6.325121e-06,-8.480393e-05,9.450895e-04,9.807925e-04,1.012277e-03,1.012147e-03,1.009880e-03,9.812376e-04,9.633674e-04,9.476017e-04,1.000283e-03,1.059078e-03,1.187654e-03,1.319147e-03,1.166229e-03,9.617144e-04,7.083594e-04,4.781805e-04,2.567185e-04,3.302115e-05,3.353153e-04,2.662056e-04,1.970869e-04,1.279776e-04,5.876638e-05,-7.342360e-06,-6.950549e-05,-1.342953e-04,-2.027906e-04,-2.661714e-04,-3.159059e-04,-3.471987e-04,-3.599448e-04,-3.593394e-04,-3.523505e-04,-3.457484e-04,-3.397551e-04,-3.336559e-04,2.777571e-05,4.247326e-05,5.738008e-05,6.678932e-05,6.794353e-05,6.501614e-05,5.889148e-05,4.817288e-05,3.206818e-05,3.810099e-06,-4.417592e-05,-1.073119e-04,-1.784359e-04,-2.525684e-04,-3.301223e-04,-4.093808e-04,-4.889571e-04,-5.684018e-04,4.831872e-06,5.816493e-06,6.805028e-06,7.630603e-06,8.295995e-06,8.381090e-06,8.061234e-06,8.699849e-06,1.096951e-05,1.400824e-05,1.698156e-05,1.927434e-05,2.069134e-05,2.140876e-05,2.201415e-05,2.287403e-05,2.381741e-05,2.475275e-05,4.220845e-05,3.762434e-05,3.297392e-05,2.894799e-05,2.583896e-05,2.298719e-05,2.035692e-05,1.807062e-05,1.615409e-05,1.552557e-05,1.715847e-05,2.066824e-05,2.531928e-05,3.056907e-05,3.658376e-05,4.303223e-05,4.974460e-05,5.643928e-05
-1.215838e-06,5.620819e-05,-8.794620e-05,6.108696e-05,-6.950812e-06,-8.478614e-05,-1.718677e-06,-6.770302e-05,-8.015612e-05,-6.295161e-05,-6.666065e-06,-8.323819e-05,8.988879e-04,9.418126e-04,9.808529e-04,9.855912e-04,9.913781e-04,9.702768e-04,9.532677e-04,9.248092e-04,9.296093e-04,9.249479e-04,1.023776e-03,1.166229e-03,1.296933e-03,1.123891e-03,8.663939e-04,5.806607e-04,2.794658e-04,-2.271513e-05,2.460527e-04,1.914262e-04,1.367894e-04,8.216640e-05,2.742116e-05,-2.374824e-05,-6.956421e-05,-1.157159e-04,-1.624878e-04,-2.022812e-04,-2.282674e-04,-2.367963e-04,-2.271944e-04,-2.047638e-04,-1.769336e-04,-1.500249e-04,-1.232814e-04,-9.647962e-05,7.198488e-05,7.352038e-05,7.525798e-05,7.141059e-05,5.860039e-05,4.060194e-05,1.835711e-05,-9.283677e-06,-4.302098e-05,-8.764944e-05,-1.482808e-04,-2.189040e-04,-2.914923e-04,-3.604121e-04,-4.257633e-04,-4.878701e-04,-5.481345e-04,-6.083921e-04,-1.437770e-07,1.020659e-06,2.187415e-06,3.208436e-06,4.123874e-06,4.467030e-06,4.309958e-06,4.914864e-06,6.833118e-06,9.364948e-06,1.190736e-05,1.400934e-05,1.538632e-05,1.621968e-05,1.717765e-05,1.855525e-05,2.001228e-05,2.146873e-05,4.266929e-05,3.806917e-05,3.340277e-05,2.939441e-05,2.646903e-05,2.403018e-05,2.204458e-05,2.063595e-05,1.983794e-05,2.033797e-05,2.281909e-05,2.674694e-05,3.128169e-05,3.577218e-05,4.030973e-05,4.476933e-05,4.927326e-05,5.377768e-05
2.511754e-06,5.578206e-05,-8.645663e-05,6.341661e-05,-6.028594e-06,-8.145639e-05,2.341404e-06,-6.626221e-05,-8.033465e-05,-5.952597e-05,-5.111869e-06,-8.493633e-05,8.828862e-04,9.260404e-04,9.654599e-04,9.701088e-04,9.843443e-04,9.738693e-04,9.646831e-04,9.300544e-04,8.925099e-04,8.241106e-04,8.483716e-04,9.617144e-04,1.123891e-03,1.260152e-03,1.099776e-03,8.819312e-04,6.055626e-04,3.328790e-04,6.517572e-05,3.976084e-05,1.433365e-05,-1.107183e-05,-3.662550e-05,-5.778212e-05,-7.148595e-05,-8.243680e-05,-9.045830e-05,-8.899148e-05,-7.296773e-05,-3.980293e-05,1.062939e-05,7.249198e-05,1.384107e-04,2.033966e-04,2.688102e-04,3.342160e-04,8.018998e-05,7.683194e-05,7.366316e-05,6.497042e-05,4.700572e-05,2.383502e-05,-2.882028e-06,-3.344531e-05,-6.779243e-05,-1.087489e-04,-1.586342e-04,-2.112491e-04,-2.592508e-04,-2.969857e-04,-3.218686e-04,-3.370415e-04,-3.476112e-04,-3.583381e-04,-2.252963e-05,-2.175211e-05,-2.097584e-05,-2.028554e-05,-1.952937e-05,-1.922446e-05,-1.943160e-05,-1.903739e-05,-1.764378e-05,-1.587644e-05,-1.413289e-05,-1.267028e-05,-1.167693e-05,-1.091451e-05,-9.717234e-06,-7.963949e-06,-6.121861e-06,-4.270755e-06,2.335283e-05,2.012241e-05,1.682347e-05,1.422756e-05,1.290589e-05,1.222413e-05,1.202379e-05,1.231362e-05,1.300883e-05,1.456346e-05,1.732129e-05,2.077519e-05,2.424985e-05,2.710928e-05,2.903479e-05,3.017725e-05,3.106996e-05,3.198824e-05
5.666665e-06,5.814061e-05,-8.437985e-05,6.606974e-05,-2.492285e-06,-7.959532e-05,5.932836e-06,-6.364691e-05,-8.332503e-05,-5.752067e-05,-9.065845e-07,-8.732529e-05,8.959897e-04,9.311879e-04,9.624318e-04,9.625995e-04,9.862176e-04,9.881896e-04,9.914317e-04,9.563831e-04,8.844643e-04,7.530210e-04,6.814327e-04,7.083594e-04,8.663939e-04,1.099776e-03,1.372097e-03,1.363907e-03,1.294609e-03,1.223771e-03,-1.193355e-04,-1.126450e-04,-1.059690e-04,-9.926123e-05,-9.272409e-05,-8.082500e-05,-5.898529e-05,-3.087445e-05,4.013852e-06,5.152866e-05,1.152626e-04,1.973548e-04,2.980914e-04,4.117332e-04,5.313996e-04,6.530279e-04,7.758411e-04,8.985478e-04,4.546985e-05,4.023402e-05,3.517048e-05,2.488844e-05,5.934857e-06,-1.625566e-05,-3.818844e-05,-5.815277e-05,-7.412698e-05,-8.626347e-05,-9.327289e-05,-8.936088e-05,-6.871996e-05,-2.670454e-05,3.926853e-05,1.219775e-04,2.120790e-04,3.018213e-04,-4.501286e-05,-4.402594e-05,-4.304450e-05,-4.207456e-05,-4.081641e-05,-3.984459e-05,-3.941575e-05,-3.861978e-05,-3.723953e-05,-3.589824e-05,-3.483987e-05,-3.419348e-05,-3.411036e-05,-3.437095e-05,-3.438777e-05,-3.413831e-05,-3.382686e-05,-3.349193e-05,-1.975567e-05,-1.970139e-05,-1.971894e-05,-1.901187e-05,-1.693014e-05,-1.425827e-05,-1.137903e-05,-8.477029e-06,-5.829230e-06,-3.261394e-06,-8.889617e-07,8.228236e-07,1.418463e-06,3.938581e-07,-2.661281e-06,-7.205955e-06,-1.228560e-05,-1.731322e-05
8.461438e-06,6.321176e-05,-8.104826e-05,6.886727e-05,3.989696e-06,-7.861550e-05,9.189508e-06,-5.944215e-05,-8.909022e-05,-5.665732e-05,6.241429e-06,-9.024499e-05,9.301720e-04,9.518446e-04,9.690451e-04,9.621659e-04,9.939258e-04,1.006982e-03,1.024188e-03,9.938858e-04,9.002066e-04,7.196041e-04,5.536288e-04,4.781805e-04,5.806607e-04,8.819312e-04,1.363907e-03,1.885897e-03,2.185626e-03,2.518534e-03,-2.523307e-04,-2.211549e-04,-1.899950e-04,-1.587949e-04,-1.277740e-04,-9.059045e-05,-4.134351e-05,1.696314e-05,8.477683e-05,1.673172e-04,2.668506e-04,3.853515e-04,5.239486e-04,6.784073e-04,8.437454e-04,1.017357e-03,1.193132e-03,1.368657e-03,-2.796568e-05,-3.433872e-05,-4.055407e-05,-5.150755e-05,-6.973629e-05,-8.771396e-05,-9.947727e-05,-1.006365e-04,-8.651637e-05,-5.430862e-05,1.100159e-06,8.518405e-05,2.021803e-04,3.556913e-04,5.465897e-04,7.619770e-04,9.875786e-04,1.212569e-03,-6.940729e-05,-6.797097e-05,-6.654430e-05,-6.504669e-05,-6.301552e-05,-6.106258e-05,-5.966908e-05,-5.816071e-05,-5.652097e-05,-5.541240e-05,-5.495223e-05,-5.515708e-05,-5.618932e-05,-5.799929e-05,-6.024231e-05,-6.301673e-05,-6.580334e-05,-6.854558e-05,-8.922464e-05,-8.435805e-05,-7.956729e-05,-7.405780e-05,-6.719688e-05,-6.001354e-05,-5.318690e-05,-4.714229e-05,-4.237427e-05,-3.897157e-05,-3.752870e-05,-3.852681e-05,-4.223703e-05,-4.900966e-05,-5.912120e-05,-7.146633e-05,-8.463315e-05,-9.771828e-05
1.115322e-05,6.836900e-05,-7.842974e-05,7.207480e-05,1.018141e-05,-7.816158e-05,1.238763e-05,-5.563770e-05,-9.496600e-05,-5.615177e-05,1.312802e-05,-9.339205e-05,9.764209e-04,9.812922e-04,9.809674e-04,9.653936e-04,1.003976e-03,1.027253e-03,1.060587e-03,1.038483e-03,9.290817e-04,7.060814e-04,4.464788e-04,2.567185e-04,2.794658e-04,6.055626e-04,1.294609e-03,2.185626e-03,3.268934e-03,4.274220e-03,-3.577262e-04,-3.052964e-04,-2.528833e-04,-2.004231e-04,-1.481414e-04,-8.905202e-05,-1.614849e-05,6.775122e-05,1.623934e-04,2.718551e-04,3.965226e-04,5.376901e-04,6.970067e-04,8.723544e-04,1.061329e-03,1.263631e-03,1.469089e-03,1.674170e-03,-1.095331e-04,-1.163777e-04,-1.230792e-04,-1.339562e-04,-1.502696e-04,-1.620636e-04,-1.606615e-04,-1.387637e-04,-8.879329e-05,-4.900480e-06,1.219799e-04,2.971133e-04,5.231870e-04,8.029837e-04,1.135601e-03,1.501962e-03,1.882183e-03,2.261515e-03,-8.913670e-05,-8.761344e-05,-8.610344e-05,-8.444784e-05,-8.204508e-05,-7.954070e-05,-7.762728e-05,-7.583060e-05,-7.426168e-05,-7.355744e-05,-7.362786e-05,-7.430452e-05,-7.571818e-05,-7.804553e-05,-8.123581e-05,-8.560007e-05,-9.004831e-05,-9.443076e-05,-1.557544e-04,-1.457869e-04,-1.359004e-04,-1.252979e-04,-1.133827e-04,-1.014392e-04,-9.043237e-05,-8.102386e-05,-7.393398e-05,-6.951110e-05,-6.884203e-05,-7.245070e-05,-8.045363e-05,-9.309762e-05,-1.105393e-04,-1.310763e-04,-1.527921e-04,-1.743930e-04
