5.441748e-05,-1.312828e-06,6.079541e-07,3.329380e-05,-1.234267e-06,2.907176e-05,4.414379e-05,-1.503236e-06,-1.600880e-08,3.285753e-05,-8.971326e-07,-2.846124e-05,-1.474822e-06,-1.159927e-06,-8.074941e-07,-6.986761e-07,-8.243032e-07,-4.254975e-07,1.213358e-06,1.504750e-06,-3.225651e-07,-1.187135e-06,-1.345795e-06,-2.198170e-06,-1.387465e-06,2.859697e-06,6.453956e-06,9.637547e-06,1.270406e-05,1.540797e-05,-3.433966e-04,-3.420800e-04,-3.407615e-04,-3.394506e-04,-3.381119e-04,-3.365179e-04,-3.346227e-04,-3.320851e-04,-3.291437e-04,-3.257002e-04,-3.220696e-04,-3.185738e-04,-3.151307e-04,-3.115695e-04,-3.078896e-04,-3.042455e-04,-3.007037e-04,-2.971385e-04,7.067881e-06,7.720996e-06,8.377114e-06,9.022033e-06,9.567752e-06,1.010444e-05,1.045715e-05,1.065068e-05,1.062545e-05,1.032557e-05,1.004762e-05,9.876461e-06,1.007436e-05,1.068385e-05,1.143994e-05,1.223996e-05,1.316471e-05,1.409993e-05,-2.223054e-04,-2.348641e-04,-2.474306e-04,-2.596994e-04,-2.709664e-04,-2.804392e-04,-2.873913e-04,-2.917439e-04,-2.939739e-04,-2.947539e-04,-2.944577e-04,-2.929545e-04,-2.905655e-04,-2.879612e-04,-2.852555e-04,-2.820829e-04,-2.784780e-04,-2.748943e-04,-4.465994e-05,-4.024630e-05,-3.584347e-05,-3.127958e-05,-2.608972e-05,-1.999153e-05,-1.344061e-05,-7.718780e-06,-3.860568e-06,-1.758260e-06,-9.942430e-07,-8.005922e-07,-3.147467e-07,3.874974e-07,4.618458e-07,-2.454976e-07,-1.185006e-06,-2.097605e-06
-1.312828e-06,4.808302e-05,4.260043e-06,4.267611e-06,3.181890e-05,-7.807429e-06,-1.819233e-07,2.774798e-05,-1.486275e-05,-5.709273e-06,3.190842e-05,-6.787633e-06,8.342394e-05,8.490133e-05,8.663841e-05,8.567987e-05,8.559339e-05,8.486597e-05,8.678681e-05,8.584286e-05,8.480288e-05,7.777701e-05,7.170854e-05,6.657354e-05,6.404420e-05,6.355821e-05,6.624426e-05,7.202062e-05,7.789514e-05,8.332389e-05,1.345562e-05,1.283788e-05,1.222091e-05,1.159992e-05,1.098894e-05,1.088681e-05,1.138034e-05,1.180616e-05,1.162955e-05,1.090555e-05,9.818922e-06,8.467892e-06,6.942066e-06,5.211239e-06,3.202827e-06,9.097520e-07,-1.499369e-06,-3.886667e-06,-2.476007e-04,-2.445545e-04,-2.414663e-04,-2.386361e-04,-2.364793e-04,-2.343678e-04,-2.322225e-04,-2.300277e-04,-2.277089e-04,-2.255800e-04,-2.241253e-04,-2.231154e-04,-2.224938e-04,-2.222196e-04,-2.220778e-04,-2.219388e-04,-2.216984e-04,-2.214339e-04,-1.869366e-05,-1.435818e-05,-1.002967e-05,-5.588696e-06,-6.775796e-07,4.587608e-06,9.659510e-06,1.395650e-05,1.681644e-05,1.781559e-05,1.690758e-05,1.443753e-05,1.104204e-05,6.958132e-06,2.002876e-06,-3.628848e-06,-9.397766e-06,-1.514227e-05,7.874024e-05,8.570237e-05,9.268121e-05,9.889467e-05,1.036847e-04,1.063041e-04,1.063311e-04,1.035022e-04,9.845428e-05,9.145312e-05,8.340152e-05,7.479683e-05,6.645267e-05,5.920650e-05,5.318245e-05,4.774982e-05,4.232995e-05,3.689198e-05
6.079541e-07,4.260043e-06,5.313180e-05,-7.911684e-06,3.025883e-05,1.015526e-05,-4.685023e-07,1.520857e-05,-2.937155e-05,7.745250e-06,3.017294e-05,9.816613e-06,-1.142472e-04,-1.178336e-04,-1.201464e-04,-1.193952e-04,-1.210086e-04,-1.196927e-04,-1.204885e-04,-1.187260e-04,-1.167787e-04,-1.097172e-04,-1.046681e-04,-1.023017e-04,-1.002046e-04,-9.850717e-05,-9.614150e-05,-9.234671e-05,-8.936443e-05,-8.634828e-05,-1.170964e-05,-9.244857e-06,-6.777185e-06,-4.316571e-06,-1.824453e-06,2.574382e-07,1.466211e-06,2.639595e-06,4.118589e-06,5.310677e-06,6.009846e-06,6.116060e-06,5.775727e-06,5.136348e-06,4.105186e-06,2.856090e-06,1.615861e-06,3.731204e-07,-2.372461e-04,-2.370465e-04,-2.368364e-04,-2.357854e-04,-2.337811e-04,-2.313312e-04,-2.288989e-04,-2.265855e-04,-2.245393e-04,-2.222834e-04,-2.196350e-04,-2.166055e-04,-2.132599e-04,-2.098790e-04,-2.064809e-04,-2.029380e-04,-1.993407e-04,-1.957398e-04,-2.355171e-05,-1.990966e-05,-1.627489e-05,-1.249388e-05,-8.210670e-06,-3.365931e-06,1.581808e-06,5.814398e-06,8.541607e-06,9.466466e-06,8.581798e-06,6.228541e-06,2.989612e-06,-9.008725e-07,-5.599333e-06,-1.090732e-05,-1.634617e-05,-2.176360e-05,-7.169532e-04,-7.038104e-04,-6.906273e-04,-6.776245e-04,-6.654048e-04,-6.537675e-04,-6.430375e-04,-6.329461e-04,-6.232593e-04,-6.135836e-04,-6.044482e-04,-5.960851e-04,-5.882753e-04,-5.804939e-04,-5.726128e-04,-5.649200e-04,-5.574707e-04,-5.499990e-04
3.329380e-05,4.267611e-06,-7.911684e-06,5.039641e-05,-1.453689e-06,4.897199e-06,3.394324e-05,-6.639061e-06,-6.644642e-06,2.941125e-05,-1.418029e-06,-1.552105e-05,8.374404e-05,8.615057e-05,8.814600e-05,8.749764e-05,8.812428e-05,8.762395e-05,8.999057e-05,8.892010e-05,8.597496e-05,7.905277e-05,7.415929e-05,7.059245e-05,6.959690e-05,7.225087e-05,7.527310e-05,7.845961e-05,8.211353e-05,8.530266e-05,-2.467484e-04,-2.477971e-04,-2.488453e-04,-2.498977e-04,-2.509391e-04,-2.513853e-04,-2.509528e-04,-2.499966e-04,-2.490472e-04,-2.477359e-04,-2.461280e-04,-2.443815e-04,-2.424784e-04,-2.403730e-04,-2.380631e-04,-2.357581e-04,-2.335813e-04,-2.313768e-04,5.270805e-06,7.594079e-06,9.932765e-06,1.179325e-05,1.288247e-05,1.374846e-05,1.449037e-05,1.516971e-05,1.582895e-05,1.607655e-05,1.585315e-05,1.531998e-05,1.473256e-05,1.426442e-05,1.380868e-05,1.329269e-05,1.287215e-05,1.246687e-05,1.673298e-04,1.533421e-04,1.393381e-04,1.253455e-04,1.118452e-04,9.932173e-05,8.850480e-05,7.902691e-05,7.076123e-05,6.372093e-05,5.868396e-05,5.623903e-05,5.624745e-05,5.786361e-05,6.037828e-05,6.357374e-05,6.712951e-05,7.065225e-05,-2.088491e-05,-1.651586e-05,-1.216195e-05,-7.621497e-06,-2.468937e-06,3.148337e-06,8.658832e-06,1.334978e-05,1.642200e-05,1.751634e-05,1.659064e-05,1.400943e-05,1.041058e-05,6.016088e-06,6.534892e-07,-5.444075e-06,-1.169277e-05,-1.791797e-05
-1.234267e-06,3.181890e-05,3.025883e-05,-1.453689e-06,5.429504e-05,-4.946183e-07,-7.321100e-07,3.191352e-05,-2.976974e-05,-3.908565e-07,4.407737e-05,5.858930e-07,6.089177e-07,-6.534687e-07,-9.147573e-07,-1.438037e-06,-2.586156e-06,-2.376274e-06,-1.180773e-06,-8.406160e-07,-6.069359e-07,-2.331851e-06,-4.468563e-06,-7.305850e-06,-7.918015e-06,-6.867514e-06,-2.839759e-06,4.543501e-06,1.159607e-05,1.832724e-05,6.839250e-06,7.807886e-06,8.778906e-06,9.742457e-06,1.073313e-05,1.190813e-05,1.306788e-05,1.416906e-05,1.498260e-05,1.518418e-05,1.480193e-05,1.386966e-05,1.255630e-05,1.092186e-05,8.847022e-06,6.428203e-06,3.925636e-06,1.438484e-06,-3.443330e-04,-3.418142e-04,-3.392539e-04,-3.363792e-04,-3.334575e-04,-3.302790e-04,-3.270591e-04,-3.238599e-04,-3.207201e-04,-3.176070e-04,-3.148145e-04,-3.121571e-04,-3.096260e-04,-3.073551e-04,-3.052013e-04,-3.029771e-04,-3.006502e-04,-2.983028e-04,-3.119451e-05,-2.412681e-05,-1.703649e-05,-1.014315e-05,-3.153775e-06,4.226112e-06,1.141450e-05,1.744332e-05,2.136026e-05,2.236940e-05,2.032135e-05,1.610141e-05,1.116781e-05,6.234179e-06,1.122925e-06,-4.177113e-06,-9.422759e-06,-1.465741e-05,-3.600697e-04,-3.479601e-04,-3.358445e-04,-3.240790e-04,-3.133486e-04,-3.044936e-04,-2.981955e-04,-2.945067e-04,-2.928240e-04,-2.924159e-04,-2.927465e-04,-2.939513e-04,-2.958229e-04,-2.977345e-04,-2.995820e-04,-3.017699e-04,-3.043309e-04,-3.068711e-04
2.907176e-05,-7.807429e-06,1.015526e-05,4.897199e-06,-4.946183e-07,5.247881e-05,2.975081e-05,7.047174e-06,1.037529e-05,1.404577e-05,-2.965674e-07,-2.784144e-05,-1.164777e-04,-1.190011e-04,-1.209106e-04,-1.197553e-04,-1.205942e-04,-1.190209e-04,-1.194586e-04,-1.177907e-04,-1.175078e-04,-1.100538e-04,-1.036368e-04,-9.972082e-05,-9.660211e-05,-9.280783e-05,-9.068716e-05,-8.957083e-05,-8.905356e-05,-8.853487e-05,-2.478366e-04,-2.443225e-04,-2.408060e-04,-2.372965e-04,-2.337552e-04,-2.305545e-04,-2.279727e-04,-2.248832e-04,-2.209260e-04,-2.164071e-04,-2.117711e-04,-2.073697e-04,-2.031619e-04,-1.989430e-04,-1.947353e-04,-1.905334e-04,-1.863356e-04,-1.821352e-04,9.834172e-06,7.851540e-06,5.852466e-06,4.471223e-06,3.934059e-06,3.648954e-06,3.178421e-06,2.455700e-06,1.297229e-06,9.924467e-08,-5.628056e-07,-7.517427e-07,-3.565829e-07,4.766739e-07,1.477826e-06,2.594354e-06,3.773406e-06,4.950345e-06,-6.233522e-04,-6.284431e-04,-6.335245e-04,-6.381205e-04,-6.417819e-04,-6.432192e-04,-6.417354e-04,-6.372536e-04,-6.303955e-04,-6.212376e-04,-6.106284e-04,-5.987003e-04,-5.858335e-04,-5.726806e-04,-5.595186e-04,-5.462085e-04,-5.327037e-04,-5.191975e-04,-2.251686e-05,-1.833974e-05,-1.416112e-05,-9.952953e-06,-5.399412e-06,-4.410516e-07,4.462800e-06,8.687932e-06,1.156785e-05,1.267493e-05,1.191015e-05,9.609352e-06,6.345087e-06,2.350745e-06,-2.507901e-06,-8.017382e-06,-1.368189e-05,-1.932543e-05
4.414379e-05,-1.819233e-07,-4.685023e-07,3.394324e-05,-7.321100e-07,2.975081e-05,5.629814e-05,1.517703e-07,1.080046e-06,3.366031e-05,-3.746704e-07,-2.895109e-05,-3.112167e-06,-2.657735e-06,-2.150153e-06,-1.938022e-06,-1.904902e-06,-1.304082e-06,3.719347e-07,4.082613e-07,-2.015821e-06,-3.217364e-06,-3.061245e-06,-3.242189e-06,-1.960373e-06,2.665472e-06,6.756960e-06,1.046669e-05,1.410999e-05,1.733738e-05,-3.481406e-04,-3.471854e-04,-3.462282e-04,-3.452790e-04,-3.443003e-04,-3.430287e-04,-3.414021e-04,-3.390067e-04,-3.360585e-04,-3.324651e-04,-3.285662e-04,-3.247269e-04,-3.209368e-04,-3.170245e-04,-3.129955e-04,-3.089974e-04,-3.051158e-04,-3.012084e-04,4.433566e-06,5.119054e-06,5.807576e-06,6.487043e-06,7.050129e-06,7.590069e-06,7.914243e-06,8.020052e-06,7.818560e-06,7.205868e-06,6.458704e-06,5.693590e-06,5.203870e-06,5.059172e-06,5.035970e-06,5.051460e-06,5.199895e-06,5.361822e-06,-2.264376e-04,-2.392249e-04,-2.520202e-04,-2.645110e-04,-2.759779e-04,-2.856146e-04,-2.926867e-04,-2.971199e-04,-2.994087e-04,-3.002424e-04,-3.000016e-04,-2.985508e-04,-2.962139e-04,-2.936752e-04,-2.910572e-04,-2.879814e-04,-2.844668e-04,-2.809729e-04,-2.221532e-05,-1.433894e-05,-6.473671e-06,1.549118e-06,1.030008e-05,1.932259e-05,2.760532e-05,3.453438e-05,3.905863e-05,3.997409e-05,3.668485e-05,2.941536e-05,1.905469e-05,6.331223e-06,-8.349184e-06,-2.420931e-05,-4.028085e-05,-5.631501e-05
-1.503236e-06,2.774798e-05,1.520857e-05,-6.639061e-06,3.191352e-05,7.047174e-06,1.517703e-07,4.861464e-05,-3.625226e-06,5.380635e-06,3.188304e-05,7.899390e-06,-8.544579e-05,-8.840442e-05,-9.026700e-05,-9.003260e-05,-9.154943e-05,-9.058112e-05,-9.055180e-05,-8.898033e-05,-8.752057e-05,-8.281593e-05,-7.960429e-05,-7.863995e-05,-7.713274e-05,-7.549107e-05,-7.251208e-05,-6.772268e-05,-6.338940e-05,-5.909363e-05,1.374252e-06,2.679582e-06,3.987717e-06,5.288213e-06,6.620728e-06,7.769240e-06,8.447178e-06,9.276912e-06,1.041207e-05,1.125101e-05,1.160186e-05,1.139757e-05,1.083125e-05,1.001657e-05,8.854748e-06,7.495276e-06,6.124263e-06,4.754963e-06,-2.406010e-04,-2.406891e-04,-2.407669e-04,-2.401789e-04,-2.389267e-04,-2.373952e-04,-2.359805e-04,-2.347563e-04,-2.338346e-04,-2.328817e-04,-2.318739e-04,-2.307566e-04,-2.295589e-04,-2.284979e-04,-2.275110e-04,-2.264414e-04,-2.253311e-04,-2.242145e-04,-1.839994e-05,-1.432460e-05,-1.025670e-05,-6.053323e-06,-1.369423e-06,3.809029e-06,8.984559e-06,1.335392e-05,1.613018e-05,1.699224e-05,1.593123e-05,1.329927e-05,9.716921e-06,5.432162e-06,2.636154e-07,-5.582413e-06,-1.157341e-05,-1.753983e-05,8.972978e-05,9.454631e-05,9.933128e-05,1.039334e-04,1.080251e-04,1.103476e-04,1.102550e-04,1.074972e-04,1.026249e-04,9.630341e-05,8.956985e-05,8.217344e-05,7.382835e-05,6.468857e-05,5.476715e-05,4.400054e-05,3.274890e-05,2.152212e-05
-1.600880e-08,-1.486275e-05,-2.937155e-05,-6.644642e-06,-2.976974e-05,1.037529e-05,1.080046e-06,-3.625226e-06,5.268543e-05,7.684254e-06,-2.986118e-05,9.925768e-06,-1.183469e-04,-1.197214e-04,-1.213042e-04,-1.197739e-04,-1.197285e-04,-1.188117e-04,-1.210026e-04,-1.195658e-04,-1.178153e-04,-1.082720e-04,-1.001500e-04,-9.410116e-05,-9.132289e-05,-9.152571e-05,-9.493142e-05,-1.014982e-04,-1.081911e-04,-1.144299e-04,-8.183037e-06,-8.017198e-06,-7.851532e-06,-7.683914e-06,-7.518000e-06,-7.938741e-06,-9.020105e-06,-9.847932e-06,-9.832766e-06,-9.222049e-06,-8.305539e-06,-7.233821e-06,-6.027890e-06,-4.632019e-06,-2.981451e-06,-1.036375e-06,1.026538e-06,3.066926e-06,2.431373e-04,2.389083e-04,2.346239e-04,2.306889e-04,2.275404e-04,2.243092e-04,2.208244e-04,2.171181e-04,2.131270e-04,2.092489e-04,2.060121e-04,2.031679e-04,2.006490e-04,1.983682e-04,1.962014e-04,1.940430e-04,1.917816e-04,1.894966e-04,2.147359e-05,1.739683e-05,1.332664e-05,9.146333e-06,4.494779e-06,-5.038841e-07,-5.322780e-06,-9.450559e-06,-1.227947e-05,-1.338548e-05,-1.271518e-05,-1.059296e-05,-7.616128e-06,-4.006689e-06,3.913496e-07,5.401055e-06,1.053494e-05,1.564716e-05,7.129778e-04,7.012308e-04,6.894860e-04,6.774705e-04,6.655486e-04,6.540160e-04,6.433712e-04,6.333501e-04,6.237958e-04,6.139581e-04,6.041995e-04,5.950697e-04,5.868077e-04,5.792021e-04,5.721785e-04,5.658360e-04,5.598928e-04,5.539126e-04
3.285753e-05,-5.709273e-06,7.745250e-06,2.941125e-05,-3.908565e-07,1.404577e-05,3.366031e-05,5.380635e-06,7.684254e-06,5.196522e-05,-1.137569e-07,-3.040432e-06,-8.858106e-05,-9.020708e-05,-9.143211e-05,-9.052629e-05,-9.110223e-05,-8.986513e-05,-8.967060e-05,-8.844730e-05,-8.873254e-05,-8.326334e-05,-7.791481e-05,-7.463148e-05,-7.172532e-05,-6.782198e-05,-6.553728e-05,-6.455405e-05,-6.397834e-05,-6.352853e-05,-2.501056e-04,-2.498155e-04,-2.495229e-04,-2.492384e-04,-2.489197e-04,-2.487290e-04,-2.487939e-04,-2.481519e-04,-2.466412e-04,-2.445460e-04,-2.423100e-04,-2.402938e-04,-2.384332e-04,-2.365110e-04,-2.345307e-04,-2.325109e-04,-2.305315e-04,-2.285416e-04,3.651497e-06,2.686131e-06,1.703930e-06,1.153019e-06,1.167843e-06,1.309657e-06,1.214668e-06,8.747877e-07,1.633229e-07,-6.934983e-07,-1.267890e-06,-1.565790e-06,-1.418323e-06,-9.121226e-07,-2.620831e-07,4.776481e-07,1.300058e-06,2.124301e-06,1.973835e-04,1.864353e-04,1.754702e-04,1.645323e-04,1.541804e-04,1.443337e-04,1.352540e-04,1.269816e-04,1.192331e-04,1.108744e-04,1.017693e-04,9.201646e-05,8.153180e-05,7.024923e-05,5.865641e-05,4.743403e-05,3.661556e-05,2.577398e-05,-2.613463e-05,-2.135015e-05,-1.656634e-05,-1.173756e-05,-6.530315e-06,-9.307737e-07,4.542138e-06,9.200123e-06,1.230106e-05,1.338735e-05,1.235834e-05,9.580652e-06,5.696130e-06,9.611749e-07,-4.791011e-06,-1.131919e-05,-1.802837e-05,-2.471270e-05
-8.971326e-07,3.190842e-05,3.017294e-05,-1.418029e-06,4.407737e-05,-2.965674e-07,-3.746704e-07,3.188304e-05,-2.986118e-05,-1.137569e-07,5.433223e-05,1.075054e-07,2.952300e-06,1.087375e-06,2.640919e-07,-6.485890e-07,-2.005671e-06,-1.741312e-06,-2.332423e-07,2.669313e-07,3.090182e-07,-1.814424e-06,-4.252261e-06,-7.205975e-06,-7.594621e-06,-5.824155e-06,-1.034291e-06,7.107721e-06,1.495192e-05,2.251422e-05,4.502154e-06,5.450939e-06,6.402135e-06,7.345942e-06,8.317027e-06,9.512148e-06,1.075216e-05,1.198899e-05,1.298669e-05,1.338557e-05,1.319187e-05,1.244127e-05,1.130608e-05,9.850647e-06,7.959686e-06,5.735426e-06,3.435298e-06,1.149855e-06,-3.444414e-04,-3.419660e-04,-3.394479e-04,-3.365814e-04,-3.336313e-04,-3.303840e-04,-3.270638e-04,-3.237660e-04,-3.205566e-04,-3.174033e-04,-3.146097e-04,-3.119674e-04,-3.094476e-04,-3.071628e-04,-3.050099e-04,-3.027972e-04,-3.004941e-04,-2.981736e-04,-3.079126e-05,-2.590448e-05,-2.106143e-05,-1.568692e-05,-9.093387e-06,-1.718673e-06,5.567727e-06,1.182157e-05,1.598052e-05,1.778612e-05,1.727739e-05,1.453312e-05,9.833390e-06,3.140040e-06,-5.821338e-06,-1.647853e-05,-2.760075e-05,-3.866873e-05,-3.599953e-04,-3.478590e-04,-3.357170e-04,-3.239212e-04,-3.131518e-04,-3.042512e-04,-2.979084e-04,-2.941851e-04,-2.924884e-04,-2.920941e-04,-2.924703e-04,-2.937503e-04,-2.957209e-04,-2.977523e-04,-2.997407e-04,-3.020855e-04,-3.048088e-04,-3.075107e-04
-2.846124e-05,-6.787633e-06,9.816613e-06,-1.552105e-05,5.858930e-07,-2.784144e-05,-2.895109e-05,7.899390e-06,9.925768e-06,-3.040432e-06,1.075054e-07,5.030117e-05,-1.145712e-04,-1.171936e-04,-1.193499e-04,-1.183640e-04,-1.191802e-04,-1.185243e-04,-1.209819e-04,-1.193736e-04,-1.160451e-04,-1.071755e-04,-1.008274e-04,-9.662083e-05,-9.483672e-05,-9.677114e-05,-9.949248e-05,-1.028184e-04,-1.064037e-04,-1.094806e-04,2.242869e-04,2.236952e-04,2.231036e-04,2.225143e-04,2.219221e-04,2.206795e-04,2.185343e-04,2.160978e-04,2.139450e-04,2.115494e-04,2.088623e-04,2.059970e-04,2.030476e-04,2.000019e-04,1.968463e-04,1.937765e-04,1.908431e-04,1.878810e-04,-1.234864e-08,-2.070690e-06,-4.156675e-06,-5.661431e-06,-6.263109e-06,-6.750762e-06,-7.324587e-06,-7.999195e-06,-8.812594e-06,-9.270568e-06,-9.221724e-06,-8.865015e-06,-8.443292e-06,-8.177005e-06,-7.965367e-06,-7.732493e-06,-7.624472e-06,-7.535237e-06,6.094082e-04,6.128364e-04,6.162545e-04,6.192216e-04,6.212485e-04,6.214952e-04,6.195351e-04,6.147422e-04,6.075708e-04,5.987101e-04,5.894254e-04,5.800561e-04,5.709426e-04,5.624495e-04,5.543945e-04,5.463144e-04,5.380173e-04,5.297150e-04,2.632925e-05,2.248699e-05,1.866166e-05,1.463976e-05,1.003078e-05,5.014095e-06,1.145685e-07,-4.042734e-06,-6.771644e-06,-7.811995e-06,-7.159861e-06,-5.121466e-06,-2.239990e-06,1.290717e-06,5.611193e-06,1.053739e-05,1.559040e-05,2.062374e-05
-1.474822e-06,8.342394e-05,-1.142472e-04,8.374404e-05,6.089177e-07,-1.164777e-04,-3.112167e-06,-8.544579e-05,-1.183469e-04,-8.858106e-05,2.952300e-06,-1.145712e-04,3.607655e-03,2.340752e-03,1.469576e-03,1.142460e-03,1.168521e-03,1.237656e-03,1.334990e-03,1.357136e-03,1.342641e-03,1.245838e-03,1.152055e-03,1.076796e-03,1.024152e-03,1.005915e-03,1.020838e-03,1.059779e-03,1.112469e-03,1.161803e-03,3.422376e-04,3.047035e-04,2.671818e-04,2.295050e-04,1.914909e-04,1.563143e-04,1.281383e-04,1.011168e-04,7.103962e-05,4.233154e-05,1.713332e-05,-3.828628e-06,-2.184968e-05,-3.833673e-05,-5.357844e-05,-6.908499e-05,-8.545424e-05,-1.016674e-04,-9.233932e-04,-7.324296e-04,-5.398779e-04,-3.697472e-04,-2.329350e-04,-1.232311e-04,-3.679760e-05,3.023202e-05,8.182848e-05,1.162430e-04,1.332501e-04,1.369828e-04,1.306273e-04,1.186569e-04,1.034898e-04,8.589319e-05,6.786861e-05,5.000257e-05,-1.795482e-05,-1.469413e-05,-1.143723e-05,-8.472247e-06,-5.784701e-06,-3.779642e-06,-2.871362e-06,-2.075621e-06,-5.836127e-07,1.193830e-06,3.272577e-06,5.744644e-06,8.728641e-06,1.199114e-05,1.530139e-05,1.845884e-05,2.159466e-05,2.473133e-05,-1.458802e-05,-2.594181e-05,-3.757308e-05,-4.651588e-05,-5.172985e-05,-5.442830e-05,-5.526190e-05,-5.495055e-05,-5.409530e-05,-5.222728e-05,-4.923393e-05,-4.531566e-05,-4.054291e-05,-3.510529e-05,-2.902117e-05,-2.249288e-05,-1.572911e-05,-8.979183e-06
-1.159927e-06,8.490133e-05,-1.178336e-04,8.615057e-05,-6.534687e-07,-1.190011e-04,-2.657735e-06,-8.840442e-05,-1.197214e-04,-9.020708e-05,1.087375e-06,-1.171936e-04,2.340752e-03,1.986513e-03,1.534249e-03,1.322791e-03,1.298500e-03,1.309268e-03,1.365492e-03,1.370919e-03,1.358702e-03,1.266328e-03,1.181753e-03,1.117470e-03,1.073055e-03,1.055079e-03,1.060938e-03,1.084469e-03,1.118016e-03,1.148386e-03,2.733918e-04,2.393613e-04,2.053268e-04,1.712249e-04,1.366976e-04,1.071784e-04,8.686024e-05,6.777381e-05,4.483696e-05,2.239184e-05,2.781486e-06,-1.302234e-05,-2.613593e-05,-3.793476e-05,-4.858726e-05,-5.958694e-05,-7.140584e-05,-8.307115e-05,-5.208888e-04,-3.992870e-04,-2.764765e-04,-1.714023e-04,-9.259522e-05,-3.146871e-05,1.647832e-05,5.392865e-05,8.407638e-05,1.039352e-04,1.116592e-04,1.101638e-04,1.015220e-04,8.912028e-05,7.462076e-05,5.838646e-05,4.205873e-05,2.587294e-05,-1.297344e-05,-1.019954e-05,-7.425377e-06,-4.908592e-06,-2.590352e-06,-1.211815e-06,-1.171160e-06,-1.158121e-06,-2.113162e-07,1.279221e-06,3.312574e-06,5.960639e-06,9.319591e-06,1.313643e-05,1.714695e-05,2.110393e-05,2.506330e-05,2.902208e-05,-1.053736e-05,-1.844429e-05,-2.657851e-05,-3.255732e-05,-3.548386e-05,-3.678968e-05,-3.708899e-05,-3.685268e-05,-3.655028e-05,-3.559467e-05,-3.371804e-05,-3.099665e-05,-2.740120e-05,-2.305718e-05,-1.797461e-05,-1.238581e-05,-6.542313e-06,-7.143645e-07
-8.074941e-07,8.663841e-05,-1.201464e-04,8.814600e-05,-9.147573e-07,-1.209106e-04,-2.150153e-06,-9.026700e-05,-1.213042e-04,-9.143211e-05,2.640919e-07,-1.193499e-04,1.469576e-03,1.534249e-03,1.627780e-03,1.492861e-03,1.424886e-03,1.373760e-03,1.389138e-03,1.377683e-03,1.368391e-03,1.281184e-03,1.206285e-03,1.153339e-03,1.117532e-03,1.099989e-03,1.096533e-03,1.104064e-03,1.117644e-03,1.128243e-03,1.955091e-04,1.662038e-04,1.368779e-04,1.075719e-04,7.775492e-05,5.507401e-05,4.361438e-05,3.327115e-05,1.809045e-05,2.321529e-06,-1.145530e-05,-2.197230e-05,-3.011791e-05,-3.720940e-05,-4.328081e-05,-4.978971e-05,-5.706974e-05,-6.419932e-05,-1.091407e-04,-5.892487e-05,-7.889753e-06,2.997176e-05,4.864408e-05,5.922617e-05,6.692792e-05,7.327329e-05,8.071094e-05,8.504025e-05,8.277856e-05,7.557208e-05,6.433441e-05,5.130321e-05,3.733602e-05,2.237230e-05,7.668183e-06,-6.911777e-06,-1.036894e-05,-7.892266e-06,-5.411806e-06,-3.159121e-06,-1.027053e-06,-9.245568e-08,-7.371863e-07,-1.342692e-06,-8.173055e-07,4.624710e-07,2.473749e-06,5.272483e-06,8.945702e-06,1.322653e-05,1.781285e-05,2.242001e-05,2.704749e-05,3.167391e-05,-1.741747e-05,-2.133120e-05,-2.542031e-05,-2.788710e-05,-2.802161e-05,-2.751112e-05,-2.695314e-05,-2.656651e-05,-2.667506e-05,-2.655490e-05,-2.576888e-05,-2.426615e-05,-2.190919e-05,-1.874086e-05,-1.475590e-05,-1.022021e-05,-5.422972e-06,-6.421416e-07
-6.986761e-07,8.567987e-05,-1.193952e-04,8.749764e-05,-1.438037e-06,-1.197553e-04,-1.938022e-06,-9.003260e-05,-1.197739e-04,-9.052629e-05,-6.485890e-07,-1.183640e-04,1.142460e-03,1.322791e-03,1.492861e-03,1.617929e-03,1.499954e-03,1.408748e-03,1.383648e-03,1.356971e-03,1.346507e-03,1.263690e-03,1.197397e-03,1.153189e-03,1.122928e-03,1.105283e-03,1.096722e-03,1.096224e-03,1.099898e-03,1.100731e-03,1.927769e-04,1.585701e-04,1.243272e-04,9.018097e-05,5.544464e-05,3.001390e-05,1.886530e-05,1.048663e-05,-1.710735e-06,-1.388695e-05,-2.373833e-05,-3.021290e-05,-3.428957e-05,-3.734212e-05,-3.941392e-05,-4.197536e-05,-4.527297e-05,-4.842423e-05,8.243771e-05,9.542468e-05,1.088992e-04,1.125350e-04,1.012998e-04,8.761368e-05,7.703981e-05,7.010705e-05,6.855804e-05,6.748628e-05,6.250137e-05,5.459245e-05,4.406791e-05,3.258235e-05,2.067147e-05,8.108673e-06,-4.042358e-06,-1.607898e-05,-1.173167e-05,-8.959485e-06,-6.181287e-06,-3.612732e-06,-1.089316e-06,6.263849e-09,-8.058977e-07,-1.693163e-06,-1.465334e-06,-4.449130e-07,1.371802e-06,4.061719e-06,7.716557e-06,1.207196e-05,1.681569e-05,2.164304e-05,2.650617e-05,3.136724e-05,-2.051089e-05,-2.208887e-05,-2.379417e-05,-2.429507e-05,-2.291429e-05,-2.146070e-05,-2.051260e-05,-2.010808e-05,-2.046265e-05,-2.078131e-05,-2.053879e-05,-1.962112e-05,-1.783942e-05,-1.520128e-05,-1.170529e-05,-7.633173e-06,-3.293357e-06,1.029391e-06
-8.243032e-07,8.559339e-05,-1.210086e-04,8.812428e-05,-2.586156e-06,-1.205942e-04,-1.904902e-06,-9.154943e-05,-1.197285e-04,-9.110223e-05,-2.005671e-06,-1.191802e-04,1.168521e-03,1.298500e-03,1.424886e-03,1.499954e-03,1.618310e-03,1.496051e-03,1.434320e-03,1.373536e-03,1.345333e-03,1.253528e-03,1.188484e-03,1.150604e-03,1.129520e-03,1.121501e-03,1.123630e-03,1.132408e-03,1.143856e-03,1.152534e-03,6.481171e-05,4.546268e-05,2.607388e-05,6.807894e-06,-1.300096e-05,-2.302667e-05,-1.828701e-05,-1.248773e-05,-1.269143e-05,-1.456386e-05,-1.567633e-05,-1.484409e-05,-1.272583e-05,-1.042170e-05,-7.626122e-06,-5.453860e-06,-4.001853e-06,-2.403898e-06,7.936682e-05,8.132718e-05,8.354911e-05,7.839139e-05,6.185408e-05,4.637010e-05,3.720844e-05,3.414599e-05,3.824952e-05,4.400670e-05,4.653713e-05,4.671900e-05,4.469901e-05,4.202701e-05,3.935772e-05,3.630962e-05,3.380770e-05,3.141339e-05,-8.762048e-06,-6.493570e-06,-4.217535e-06,-2.142388e-06,-1.215484e-07,3.738000e-07,-1.144491e-06,-2.550495e-06,-2.590516e-06,-1.650226e-06,2.659109e-07,3.226528e-06,7.287320e-06,1.216411e-05,1.752553e-05,2.301881e-05,2.855417e-05,3.408689e-05,-1.421058e-05,-1.464780e-05,-1.518062e-05,-1.480807e-05,-1.292855e-05,-1.131762e-05,-1.047099e-05,-1.031890e-05,-1.100109e-05,-1.166960e-05,-1.176081e-05,-1.114707e-05,-9.626038e-06,-7.209366e-06,-3.921271e-06,-3.488753e-08,4.129002e-06,8.275146e-06
-4.254975e-07,8.486597e-05,-1.196927e-04,8.762395e-05,-2.376274e-06,-1.190209e-04,-1.304082e-06,-9.058112e-05,-1.188117e-04,-8.986513e-05,-1.741312e-06,-1.185243e-04,1.237656e-03,1.309268e-03,1.373760e-03,1.408748e-03,1.496051e-03,1.597248e-03,1.488938e-03,1.397604e-03,1.334021e-03,1.225230e-03,1.153794e-03,1.117973e-03,1.105481e-03,1.109569e-03,1.125879e-03,1.147286e-03,1.170379e-03,1.190783e-03,-5.009537e-05,-5.173577e-05,-5.340714e-05,-5.498668e-05,-5.694272e-05,-5.017946e-05,-2.950762e-05,-1.070126e-05,-1.626249e-06,3.059946e-06,6.260454e-06,9.610702e-06,1.297566e-05,1.565184e-05,1.837033e-05,2.043205e-05,2.179278e-05,2.329751e-05,3.388918e-05,3.785903e-05,4.201929e-05,3.969288e-05,2.739086e-05,1.612141e-05,1.092705e-05,1.204791e-05,2.087176e-05,3.168867e-05,3.967253e-05,4.571441e-05,4.987359e-05,5.363290e-05,5.772348e-05,6.161926e-05,6.614122e-05,7.076431e-05,-1.112722e-05,-9.655963e-06,-8.178102e-06,-6.886398e-06,-5.675802e-06,-5.857423e-06,-7.981122e-06,-9.695718e-06,-9.690407e-06,-8.521671e-06,-6.268389e-06,-2.900889e-06,1.597260e-06,6.920243e-06,1.271835e-05,1.862441e-05,2.456603e-05,3.050612e-05,-1.833983e-05,-1.839135e-05,-1.852810e-05,-1.786503e-05,-1.585676e-05,-1.407143e-05,-1.298008e-05,-1.260557e-05,-1.315120e-05,-1.375925e-05,-1.388491e-05,-1.340235e-05,-1.208736e-05,-9.932330e-06,-6.964696e-06,-3.430484e-06,3.676390e-07,4.149344e-06
1.213358e-06,8.678681e-05,-1.204885e-04,8.999057e-05,-1.180773e-06,-1.194586e-04,3.719347e-07,-9.055180e-05,-1.210026e-04,-8.967060e-05,-2.332423e-07,-1.209819e-04,1.334990e-03,1.365492e-03,1.389138e-03,1.383648e-03,1.434320e-03,1.488938e-03,1.616791e-03,1.491574e-03,1.388152e-03,1.239022e-03,1.143708e-03,1.097617e-03,1.086107e-03,1.099107e-03,1.129577e-03,1.166893e-03,1.208360e-03,1.246977e-03,-5.217294e-06,-2.108368e-06,9.814300e-07,4.116490e-06,7.052571e-06,1.660942e-05,3.675475e-05,5.110538e-05,5.194156e-05,4.681472e-05,3.967109e-05,3.258357e-05,2.550869e-05,1.781119e-05,1.035151e-05,2.474734e-06,-6.142021e-06,-1.461081e-05,-3.671057e-05,-2.257312e-05,-8.227171e-06,-3.114739e-07,-1.551285e-06,-2.384488e-06,1.709017e-06,1.134070e-05,2.819198e-05,4.546417e-05,5.832375e-05,6.796459e-05,7.462979e-05,8.006729e-05,8.527588e-05,8.985459e-05,9.485802e-05,9.997334e-05,-1.498781e-05,-1.478224e-05,-1.457188e-05,-1.452916e-05,-1.457544e-05,-1.570096e-05,-1.830882e-05,-2.001307e-05,-1.958899e-05,-1.795474e-05,-1.533939e-05,-1.173367e-05,-7.103054e-06,-1.762510e-06,3.931323e-06,9.648350e-06,1.539796e-05,2.114672e-05,-2.422370e-05,-2.407619e-05,-2.401728e-05,-2.316623e-05,-2.110611e-05,-1.923324e-05,-1.800752e-05,-1.756756e-05,-1.820048e-05,-1.892248e-05,-1.918654e-05,-1.888702e-05,-1.777662e-05,-1.583785e-05,-1.311598e-05,-9.851020e-06,-6.324848e-06,-2.814276e-06
1.504750e-06,8.584286e-05,-1.187260e-04,8.892010e-05,-8.406160e-07,-1.177907e-04,4.082613e-07,-8.898033e-05,-1.195658e-04,-8.844730e-05,2.669313e-07,-1.193736e-04,1.357136e-03,1.370919e-03,1.377683e-03,1.356971e-03,1.373536e-03,1.397604e-03,1.491574e-03,1.586852e-03,1.441807e-03,1.270358e-03,1.144929e-03,1.079660e-03,1.053688e-03,1.059658e-03,1.089650e-03,1.132373e-03,1.183180e-03,1.230930e-03,7.209285e-05,6.920816e-05,6.631004e-05,6.343496e-05,6.043719e-05,6.275714e-05,7.313518e-05,7.685475e-05,6.619719e-05,5.042691e-05,3.444633e-05,2.013212e-05,6.828748e-06,-6.373855e-06,-1.891247e-05,-3.171921e-05,-4.531539e-05,-5.876032e-05,-7.518998e-05,-5.381548e-05,-3.221008e-05,-1.700574e-05,-1.032070e-05,-3.294984e-06,8.295210e-06,2.521492e-05,4.946548e-05,7.210550e-05,8.717999e-05,9.633027e-05,1.003837e-04,1.016857e-04,1.016340e-04,1.002233e-04,9.889242e-05,9.769131e-05,-1.363949e-05,-1.384235e-05,-1.404134e-05,-1.439852e-05,-1.485241e-05,-1.619346e-05,-1.865075e-05,-2.007514e-05,-1.922256e-05,-1.725725e-05,-1.454231e-05,-1.105020e-05,-6.677412e-06,-1.708810e-06,3.529625e-06,8.750836e-06,1.400269e-05,1.925293e-05,-2.336561e-05,-2.341581e-05,-2.355667e-05,-2.291136e-05,-2.117338e-05,-1.964695e-05,-1.877479e-05,-1.874022e-05,-1.988972e-05,-2.096745e-05,-2.127663e-05,-2.077546e-05,-1.929341e-05,-1.688195e-05,-1.362759e-05,-9.799548e-06,-5.693480e-06,-1.604523e-06
-3.225651e-07,8.480288e-05,-1.167787e-04,8.597496e-05,-6.069359e-07,-1.175078e-04,-2.015821e-06,-8.752057e-05,-1.178153e-04,-8.873254e-05,3.090182e-07,-1.160451e-04,1.342641e-03,1.358702e-03,1.368391e-03,1.346507e-03,1.345333e-03,1.334021e-03,1.388152e-03,1.441807e-03,1.557578e-03,1.389543e-03,1.251488e-03,1.139684e-03,1.059160e-03,1.016886e-03,1.007714e-03,1.025644e-03,1.058539e-03,1.087909e-03,1.584146e-04,1.361126e-04,1.137985e-04,9.150155e-05,6.908603e-05,5.143258e-05,4.034284e-05,2.398017e-05,-3.956170e-06,-3.306614e-05,-5.761099e-05,-7.611224e-05,-9.059884e-05,-1.028153e-04,-1.134173e-04,-1.243707e-04,-1.362273e-04,-1.479217e-04,-9.778364e-05,-5.955982e-05,-2.108642e-05,1.082596e-05,3.369970e-05,5.520890e-05,7.843480e-05,1.030838e-04,1.301993e-04,1.490519e-04,1.524782e-04,1.434706e-04,1.249110e-04,1.008649e-04,7.323842e-05,4.294409e-05,1.214579e-05,-1.848439e-05,-2.600022e-06,-1.857301e-06,-1.111007e-06,-5.329600e-07,-7.919858e-08,-4.691968e-07,-1.798891e-06,-2.255271e-06,-6.988747e-07,1.600672e-06,4.190298e-06,7.103152e-06,1.059120e-05,1.447220e-05,1.854786e-05,2.261950e-05,2.672233e-05,3.082100e-05,-1.627111e-05,-1.790381e-05,-1.962622e-05,-2.057957e-05,-2.051429e-05,-2.063637e-05,-2.128265e-05,-2.251350e-05,-2.453154e-05,-2.581470e-05,-2.547479e-05,-2.364958e-05,-2.044596e-05,-1.611467e-05,-1.075389e-05,-4.716717e-06,1.641446e-06,7.977741e-06
-1.187135e-06,7.777701e-05,-1.097172e-04,7.905277e-05,-2.331851e-06,-1.100538e-04,-3.217364e-06,-8.281593e-05,-1.082720e-04,-8.326334e-05,-1.814424e-06,-1.071755e-04,1.245838e-03,1.266328e-03,1.281184e-03,1.263690e-03,1.253528e-03,1.225230e-03,1.239022e-03,1.270358e-03,1.389543e-03,1.494138e-03,1.349717e-03,1.206670e-03,1.053847e-03,9.389550e-04,8.579553e-04,8.198779e-04,8.044674e-04,7.851933e-04,2.485772e-04,2.035755e-04,1.585627e-04,1.135636e-04,6.845070e-05,2.737142e-05,-8.859986e-06,-5.006858e-05,-1.007905e-04,-1.501863e-04,-1.900601e-04,-2.174394e-04,-2.355659e-04,-2.475030e-04,-2.560439e-04,-2.649175e-04,-2.747782e-04,-2.844740e-04,-9.033933e-05,-4.262436e-05,5.335917e-06,4.700233e-05,7.979318e-05,1.100565e-04,1.396046e-04,1.670318e-04,1.921205e-04,2.036586e-04,1.919876e-04,1.607699e-04,1.155251e-04,6.197099e-05,2.191427e-06,-6.174402e-05,-1.268974e-04,-1.918441e-04,3.600626e-06,4.564799e-06,5.533183e-06,6.325684e-06,6.959243e-06,6.834157e-06,6.039358e-06,6.217426e-06,8.383317e-06,1.129559e-05,1.417587e-05,1.675791e-05,1.938100e-05,2.200745e-05,2.469876e-05,2.744945e-05,3.025470e-05,3.305108e-05,5.708570e-06,2.388542e-06,-1.014045e-06,-3.705715e-06,-5.480930e-06,-7.381148e-06,-9.607008e-06,-1.210693e-05,-1.494373e-05,-1.656873e-05,-1.574608e-05,-1.271527e-05,-7.934341e-06,-1.879570e-06,5.365407e-06,1.337294e-05,2.175509e-05,3.011032e-05
-1.345795e-06,7.170854e-05,-1.046681e-04,7.415929e-05,-4.468563e-06,-1.036368e-04,-3.061245e-06,-7.960429e-05,-1.001500e-04,-7.791481e-05,-4.252261e-06,-1.008274e-04,1.152055e-03,1.181753e-03,1.206285e-03,1.197397e-03,1.188484e-03,1.153794e-03,1.143708e-03,1.144929e-03,1.251488e-03,1.349717e-03,1.492074e-03,1.353156e-03,1.166441e-03,9.665922e-04,7.763892e-04,6.307746e-04,5.086922e-04,3.828457e-04,3.494122e-04,2.794353e-04,2.094483e-04,1.394719e-04,6.938637e-05,2.875110e-06,-5.949944e-05,-1.261550e-04,-1.996888e-04,-2.692379e-04,-3.245212e-04,-3.603245e-04,-3.796056e-04,-3.873067e-04,-3.891406e-04,-3.912677e-04,-3.943415e-04,-3.972623e-04,-4.113301e-05,-5.087773e-06,3.119958e-05,6.130479e-05,8.252854e-05,1.003572e-04,1.160672e-04,1.280430e-04,1.355881e-04,1.289369e-04,9.774034e-05,4.567910e-05,-2.030154e-05,-9.433264e-05,-1.753457e-04,-2.606782e-04,-3.473663e-04,-4.338431e-04,4.195419e-06,5.216133e-06,6.241155e-06,7.088792e-06,7.778072e-06,7.815565e-06,7.402342e-06,8.112935e-06,1.080733e-05,1.432162e-05,1.759914e-05,1.999497e-05,2.174616e-05,2.298992e-05,2.412439e-05,2.541381e-05,2.678783e-05,2.815046e-05,2.692509e-05,2.270008e-05,1.839717e-05,1.478447e-05,1.209259e-05,9.424496e-06,6.656515e-06,3.873208e-06,1.060263e-06,-4.550515e-07,6.550677e-07,4.129106e-06,9.317798e-06,1.566991e-05,2.321616e-05,3.149309e-05,4.015420e-05,4.878777e-05
-2.198170e-06,6.657354e-05,-1.023017e-04,7.059245e-05,-7.305850e-06,-9.972082e-05,-3.242189e-06,-7.863995e-05,-9.410116e-05,-7.463148e-05,-7.205975e-06,-9.662083e-05,1.076796e-03,1.117470e-03,1.153339e-03,1.153189e-03,1.150604e-03,1.117973e-03,1.097617e-03,1.079660e-03,1.139684e-03,1.206670e-03,1.353156e-03,1.502964e-03,1.328736e-03,1.095722e-03,8.070630e-04,5.448108e-04,2.924909e-04,3.762404e-05,3.820657e-04,3.033252e-04,2.245744e-04,1.458342e-04,6.697814e-05,-8.343092e-06,-7.916876e-05,-1.529869e-04,-2.310267e-04,-3.032392e-04,-3.599038e-04,-3.955569e-04,-4.100790e-04,-4.093892e-04,-4.014264e-04,-3.939042e-04,-3.870757e-04,-3.801265e-04,3.161107e-05,4.835851e-05,6.534437e-05,7.606672e-05,7.738389e-05,7.405073e-05,6.707469e-05,5.486444e-05,3.651739e-05,4.323309e-06,-5.034771e-05,-1.222798e-04,-2.033132e-04,-2.877746e-04,-3.761345e-04,-4.664365e-04,-5.571007e-04,-6.476150e-04,5.500206e-06,6.624097e-06,7.752450e-06,8.695145e-06,9.455344e-06,9.554315e-06,9.191702e-06,9.920701e-06,1.250761e-05,1.597036e-05,1.935818e-05,2.197024e-05,2.358420e-05,2.440088e-05,2.508980e-05,2.606853e-05,2.714236e-05,2.820704e-05,4.814681e-05,4.292442e-05,3.762647e-05,3.303997e-05,2.949796e-05,2.624879e-05,2.325169e-05,2.064622e-05,1.846187e-05,1.774494e-05,1.960463e-05,2.360280e-05,2.890136e-05,3.488223e-05,4.173477e-05,4.908167e-05,5.672928e-05,6.435673e-05
-1.387465e-06,6.404420e-05,-1.002046e-04,6.959690e-05,-7.918015e-06,-9.660211e-05,-1.960373e-06,-7.713274e-05,-9.132289e-05,-7.172532e-05,-7.594621e-06,-9.483672e-05,1.024152e-03,1.073055e-03,1.117532e-03,1.122928e-03,1.129520e-03,1.105481e-03,1.086107e-03,1.053688e-03,1.059160e-03,1.053847e-03,1.166441e-03,1.328736e-03,1.477644e-03,1.280488e-03,9.871116e-04,6.615667e-04,3.184067e-04,-2.587676e-05,2.803633e-04,2.181242e-04,1.558734e-04,9.363823e-05,3.126387e-05,-2.703627e-05,-7.923692e-05,-1.318200e-04,-1.851095e-04,-2.304482e-04,-2.600559e-04,-2.697738e-04,-2.588345e-04,-2.332791e-04,-2.015719e-04,-1.709145e-04,-1.404453e-04,-1.099098e-04,8.198200e-05,8.373345e-05,8.571516e-05,8.133378e-05,6.674086e-05,4.623682e-05,2.089465e-05,-1.059543e-05,-4.903169e-05,-9.987681e-05,-1.689548e-04,-2.494170e-04,-3.321182e-04,-4.106401e-04,-4.850964e-04,-5.558564e-04,-6.245173e-04,-6.931705e-04,-1.688718e-07,1.159743e-06,2.491000e-06,3.656227e-06,4.701171e-06,5.094029e-06,4.916772e-06,5.607289e-06,7.793789e-06,1.067900e-05,1.357590e-05,1.597061e-05,1.753904e-05,1.848790e-05,1.957859e-05,2.114726e-05,2.280639e-05,2.446487e-05,4.867234e-05,4.343167e-05,3.811549e-05,3.354897e-05,3.021616e-05,2.743744e-05,2.517484e-05,2.356936e-05,2.265941e-05,2.322829e-05,2.605440e-05,3.052891e-05,3.569497e-05,4.081073e-05,4.598030e-05,5.106118e-05,5.619261e-05,6.132458e-05
2.859697e-06,6.355821e-05,-9.850717e-05,7.225087e-05,-6.867514e-06,-9.280783e-05,2.665472e-06,-7.549107e-05,-9.152571e-05,-6.782198e-05,-5.824155e-06,-9.677114e-05,1.005915e-03,1.055079e-03,1.099989e-03,1.105283e-03,1.121501e-03,1.109569e-03,1.099107e-03,1.059658e-03,1.016886e-03,9.389550e-04,9.665922e-04,1.095722e-03,1.280488e-03,1.435729e-03,1.253007e-03,1.004810e-03,6.899377e-04,3.792633e-04,7.428435e-05,4.532687e-05,1.635539e-05,-1.259135e-05,-4.170687e-05,-6.581260e-05,-8.142699e-05,-9.390479e-05,-1.030450e-04,-1.013749e-04,-8.311952e-05,-4.533476e-05,1.212345e-05,8.260447e-05,1.577067e-04,2.317460e-04,3.062727e-04,3.807904e-04,9.133232e-05,8.750830e-05,8.389990e-05,7.399797e-05,5.353233e-05,2.713537e-05,-3.302115e-06,-3.812184e-05,-7.725279e-05,-1.239142e-04,-1.807487e-04,-2.406932e-04,-2.953819e-04,-3.383736e-04,-3.667228e-04,-3.840092e-04,-3.960510e-04,-4.082720e-04,-2.567498e-05,-2.478731e-05,-2.390106e-05,-2.311274e-05,-2.224936e-05,-2.190017e-05,-2.213453e-05,-2.168411e-05,-2.009534e-05,-1.808109e-05,-1.609430e-05,-1.442794e-05,-1.329649e-05,-1.242831e-05,-1.106482e-05,-9.067948e-06,-6.969940e-06,-4.861654e-06,2.666585e-05,2.298566e-05,1.922740e-05,1.627005e-05,1.476435e-05,1.398750e-05,1.375888e-05,1.408850e-05,1.487984e-05,1.665030e-05,1.979171e-05,2.372628e-05,2.768460e-05,3.094213e-05,3.313578e-05,3.443743e-05,3.545455e-05,3.650081e-05
6.453956e-06,6.624426e-05,-9.614150e-05,7.527310e-05,-2.839759e-06,-9.068716e-05,6.756960e-06,-7.251208e-05,-9.493142e-05,-6.553728e-05,-1.034291e-06,-9.949248e-05,1.020838e-03,1.060938e-03,1.096533e-03,1.096722e-03,1.123630e-03,1.125879e-03,1.129577e-03,1.089650e-03,1.007714e-03,8.579553e-04,7.763892e-04,8.070630e-04,9.871116e-04,1.253007e-03,1.563268e-03,1.553939e-03,1.474989e-03,1.394284e-03,-1.359307e-04,-1.283100e-04,-1.207057e-04,-1.130651e-04,-1.056190e-04,-9.206367e-05,-6.718264e-05,-3.515667e-05,4.591171e-06,5.872479e-05,1.313374e-04,2.248664e-04,3.396375e-04,4.691120e-04,6.054504e-04,7.440241e-04,8.839477e-04,1.023750e-03,5.178433e-05,4.582056e-05,4.005309e-05,2.834014e-05,6.747573e-06,-1.853287e-05,-4.351972e-05,-6.626395e-05,-8.446227e-05,-9.828834e-05,-1.062731e-04,-1.018149e-04,-7.829713e-05,-3.042692e-05,4.473885e-05,1.389722e-04,2.416282e-04,3.438748e-04,-5.129024e-05,-5.016412e-05,-4.904424e-05,-4.793745e-05,-4.650229e-05,-4.539343e-05,-4.490336e-05,-4.399529e-05,-4.242179e-05,-4.089291e-05,-3.968664e-05,-3.895003e-05,-3.885538e-05,-3.915250e-05,-3.917195e-05,-3.888811e-05,-3.853366e-05,-3.815247e-05,-2.243793e-05,-2.237617e-05,-2.239626e-05,-2.159083e-05,-1.921930e-05,-1.617559e-05,-1.289579e-05,-9.590202e-06,-6.574288e-06,-3.649461e-06,-9.471083e-07,1.002719e-06,1.681039e-06,5.135390e-07,-2.967208e-06,-8.144874e-06,-1.393200e-05,-1.965987e-05
9.637547e-06,7.202062e-05,-9.234671e-05,7.845961e-05,4.543501e-06,-8.957083e-05,1.046669e-05,-6.772268e-05,-1.014982e-04,-6.455405e-05,7.107721e-06,-1.028184e-04,1.059779e-03,1.084469e-03,1.104064e-03,1.096224e-03,1.132408e-03,1.147286e-03,1.166893e-03,1.132373e-03,1.025644e-03,8.198779e-04,6.307746e-04,5.448108e-04,6.615667e-04,1.004810e-03,1.553939e-03,2.148657e-03,2.490151e-03,2.869445e-03,-2.874490e-04,-2.519318e-04,-2.164327e-04,-1.808879e-04,-1.455471e-04,-1.031850e-04,-4.707867e-05,1.934981e-05,9.661011e-05,1.906491e-04,3.040488e-04,4.390592e-04,5.969661e-04,7.729447e-04,9.613187e-04,1.159119e-03,1.359384e-03,1.559365e-03,-3.186901e-05,-3.912887e-05,-4.620907e-05,-5.868743e-05,-7.945456e-05,-9.993557e-05,-1.133364e-04,-1.146558e-04,-9.856722e-05,-6.187096e-05,1.258797e-06,9.705885e-05,2.303568e-04,4.052568e-04,6.227535e-04,8.681509e-04,1.125186e-03,1.381524e-03,-7.908184e-05,-7.744380e-05,-7.581676e-05,-7.410889e-05,-7.179316e-05,-6.956665e-05,-6.797769e-05,-6.625810e-05,-6.438900e-05,-6.312522e-05,-6.260033e-05,-6.283331e-05,-6.400914e-05,-6.607118e-05,-6.862664e-05,-7.178758e-05,-7.496243e-05,-7.808675e-05,-1.015693e-04,-9.602532e-05,-9.056779e-05,-8.429141e-05,-7.647539e-05,-6.829214e-05,-6.051533e-05,-5.362954e-05,-4.819813e-05,-4.432215e-05,-4.267883e-05,-4.381633e-05,-4.804358e-05,-5.575973e-05,-6.727976e-05,-8.134439e-05,-9.634514e-05,-1.112528e-04
1.270406e-05,7.789514e-05,-8.936443e-05,8.211353e-05,1.159607e-05,-8.905356e-05,1.410999e-05,-6.338940e-05,-1.081911e-04,-6.397834e-05,1.495192e-05,-1.064037e-04,1.112469e-03,1.118016e-03,1.117644e-03,1.099898e-03,1.143856e-03,1.170379e-03,1.208360e-03,1.183180e-03,1.058539e-03,8.044674e-04,5.086922e-04,2.924909e-04,3.184067e-04,6.899377e-04,1.474989e-03,2.490151e-03,3.724397e-03,4.869750e-03,-4.075244e-04,-3.477922e-04,-2.880792e-04,-2.283124e-04,-1.687491e-04,-1.014295e-04,-1.837093e-05,7.721607e-05,1.850426e-04,3.097535e-04,4.517894e-04,6.126245e-04,7.941380e-04,9.939166e-04,1.209221e-03,1.439710e-03,1.673794e-03,1.907449e-03,-1.247877e-04,-1.325852e-04,-1.402196e-04,-1.526113e-04,-1.711965e-04,-1.846326e-04,-1.830341e-04,-1.580844e-04,-1.011508e-04,-5.568639e-06,1.389905e-04,3.385255e-04,5.960982e-04,9.148788e-04,1.293840e-03,1.711245e-03,2.144442e-03,2.576626e-03,-1.015602e-04,-9.982322e-05,-9.810141e-05,-9.621370e-05,-9.347478e-05,-9.062022e-05,-8.843910e-05,-8.639117e-05,-8.460283e-05,-8.379965e-05,-8.387912e-05,-8.464942e-05,-8.625951e-05,-8.891067e-05,-9.254499e-05,-9.751688e-05,-1.025845e-04,-1.075771e-04,-1.773522e-04,-1.659972e-04,-1.547345e-04,-1.426561e-04,-1.290821e-04,-1.154759e-04,-1.029368e-04,-9.221864e-05,-8.414198e-05,-7.910373e-05,-7.834198e-05,-8.245365e-05,-9.157156e-05,-1.059769e-04,-1.258481e-04,-1.492457e-04,-1.739862e-04,-1.985959e-04
