6.035029e-05,-1.456037e-06,6.737664e-07,3.692459e-05,-1.369381e-06,3.224178e-05,4.895873e-05,-1.668097e-06,-1.909799e-08,3.643891e-05,-9.949252e-07,-3.156591e-05,-1.631047e-06,-1.281633e-06,-8.905749e-07,-7.699827e-07,-9.088373e-07,-4.660862e-07,1.351949e-06,1.675170e-06,-3.510010e-07,-1.308743e-06,-1.483959e-06,-2.429680e-06,-1.531518e-06,3.177069e-06,7.161425e-06,1.069015e-05,1.408901e-05,1.708579e-05,-3.808223e-04,-3.793624e-04,-3.779004e-04,-3.764468e-04,-3.749625e-04,-3.731950e-04,-3.710934e-04,-3.682791e-04,-3.650169e-04,-3.611978e-04,-3.571713e-04,-3.532943e-04,-3.494758e-04,-3.455263e-04,-3.414450e-04,-3.374035e-04,-3.334755e-04,-3.295216e-04,7.840171e-06,8.564543e-06,9.292246e-06,1.000751e-05,1.061268e-05,1.120772e-05,1.159869e-05,1.181309e-05,1.178489e-05,1.145208e-05,1.114357e-05,1.095352e-05,1.117273e-05,1.184840e-05,1.268666e-05,1.357363e-05,1.459893e-05,1.563583e-05,-2.465410e-04,-2.604695e-04,-2.744067e-04,-2.880136e-04,-3.005096e-04,-3.110154e-04,-3.187259e-04,-3.235532e-04,-3.260265e-04,-3.268918e-04,-3.265635e-04,-3.248967e-04,-3.222474e-04,-3.193592e-04,-3.163585e-04,-3.128399e-04,-3.088418e-04,-3.048672e-04,-4.953756e-05,-4.464263e-05,-3.975969e-05,-3.469814e-05,-2.894244e-05,-2.217939e-05,-1.491428e-05,-8.568613e-06,-4.289712e-06,-1.958138e-06,-1.110784e-06,-8.960672e-07,-3.574657e-07,4.209812e-07,5.030565e-07,-2.817477e-07,-1.324008e-06,-2.336427e-06
-1.456037e-06,5.332387e-05,4.725510e-06,4.733165e-06,3.528802e-05,-8.657955e-06,-2.016635e-07,3.077352e-05,-1.648328e-05,-6.332037e-06,3.538669e-05,-7.526497e-06,9.251071e-05,9.415002e-05,9.607722e-05,9.501463e-05,9.492003e-05,9.411509e-05,9.624631e-05,9.519899e-05,9.404476e-05,8.625201e-05,7.952165e-05,7.382722e-05,7.102229e-05,7.048338e-05,7.346266e-05,7.986917e-05,8.638446e-05,9.240541e-05,1.491988e-05,1.423521e-05,1.355139e-05,1.286310e-05,1.218591e-05,1.207296e-05,1.262055e-05,1.309305e-05,1.289741e-05,1.209464e-05,1.088969e-05,9.391476e-06,7.699309e-06,5.779705e-06,3.552202e-06,1.008991e-06,-1.662910e-06,-4.310610e-06,-2.745835e-04,-2.712041e-04,-2.677781e-04,-2.646382e-04,-2.622452e-04,-2.599026e-04,-2.575226e-04,-2.550878e-04,-2.525154e-04,-2.501536e-04,-2.485396e-04,-2.474189e-04,-2.467290e-04,-2.464243e-04,-2.462664e-04,-2.461117e-04,-2.458444e-04,-2.455506e-04,-2.072606e-05,-1.591863e-05,-1.111893e-05,-6.194523e-06,-7.487772e-07,5.089649e-06,1.071381e-05,1.547878e-05,1.865026e-05,1.975831e-05,1.875155e-05,1.601268e-05,1.224760e-05,7.719151e-06,2.224460e-06,-4.020374e-06,-1.041734e-05,-1.678723e-05,8.732028e-05,9.504166e-05,1.027816e-04,1.096726e-04,1.149851e-04,1.178905e-04,1.179209e-04,1.147841e-04,1.091864e-04,1.014224e-04,9.249343e-05,8.295106e-05,7.369749e-05,6.566139e-05,5.898040e-05,5.295518e-05,4.694410e-05,4.091294e-05
6.737664e-07,4.725510e-06,5.892552e-05,-8.775002e-06,3.356146e-05,1.126212e-05,-5.204834e-07,1.686909e-05,-3.257681e-05,8.588773e-06,3.346570e-05,1.088708e-05,-1.267031e-04,-1.306781e-04,-1.332406e-04,-1.324057e-04,-1.341935e-04,-1.327337e-04,-1.336160e-04,-1.316618e-04,-1.295027e-04,-1.216725e-04,-1.160737e-04,-1.134495e-04,-1.111242e-04,-1.092423e-04,-1.066186e-04,-1.024094e-04,-9.910136e-05,-9.575576e-05,-1.297880e-05,-1.024562e-05,-7.509239e-06,-4.780676e-06,-2.017171e-06,2.914327e-07,1.631842e-06,2.933077e-06,4.573219e-06,5.895149e-06,6.670425e-06,6.788108e-06,6.410526e-06,5.701226e-06,4.557375e-06,3.171787e-06,1.796021e-06,4.174719e-07,-2.631286e-04,-2.629059e-04,-2.626716e-04,-2.615048e-04,-2.592809e-04,-2.565629e-04,-2.538646e-04,-2.512982e-04,-2.490282e-04,-2.465256e-04,-2.435881e-04,-2.402280e-04,-2.365174e-04,-2.327680e-04,-2.289994e-04,-2.250703e-04,-2.210808e-04,-2.170873e-04,-2.612091e-05,-2.208164e-05,-1.805045e-05,-1.385709e-05,-9.106793e-06,-3.733730e-06,1.753590e-06,6.447863e-06,9.472646e-06,1.049856e-05,9.517655e-06,6.908033e-06,3.316158e-06,-9.983320e-07,-6.208908e-06,-1.209549e-05,-1.812721e-05,-2.413517e-05,-7.951291e-04,-7.805523e-04,-7.659307e-04,-7.515092e-04,-7.379564e-04,-7.250498e-04,-7.131497e-04,-7.019581e-04,-6.912155e-04,-6.804853e-04,-6.703544e-04,-6.610800e-04,-6.524193e-04,-6.437901e-04,-6.350502e-04,-6.265192e-04,-6.182584e-04,-6.099726e-04
3.692459e-05,4.733165e-06,-8.775002e-06,5.589468e-05,-1.612584e-06,5.431021e-06,3.764644e-05,-7.364686e-06,-7.370732e-06,3.261834e-05,-1.573011e-06,-1.721502e-05,9.288538e-05,9.555358e-05,9.776582e-05,9.704584e-05,9.774091e-05,9.718683e-05,9.981236e-05,9.862527e-05,9.535913e-05,8.768264e-05,8.225591e-05,7.829964e-05,7.719478e-05,8.013713e-05,8.348773e-05,8.702028e-05,9.107112e-05,9.460655e-05,-2.736492e-04,-2.748121e-04,-2.759745e-04,-2.771416e-04,-2.782965e-04,-2.787913e-04,-2.783115e-04,-2.772509e-04,-2.761978e-04,-2.747433e-04,-2.729599e-04,-2.710230e-04,-2.689123e-04,-2.665773e-04,-2.640155e-04,-2.614593e-04,-2.590451e-04,-2.566001e-04,5.848912e-06,8.425492e-06,1.101916e-05,1.308245e-05,1.429033e-05,1.525056e-05,1.607318e-05,1.682640e-05,1.755739e-05,1.783187e-05,1.758400e-05,1.699262e-05,1.634110e-05,1.582189e-05,1.531646e-05,1.474423e-05,1.427784e-05,1.382837e-05,1.855840e-04,1.700705e-04,1.545390e-04,1.390201e-04,1.240473e-04,1.101580e-04,9.816150e-05,8.765005e-05,7.848297e-05,7.067480e-05,6.508830e-05,6.237635e-05,6.238519e-05,6.417706e-05,6.696545e-05,7.050887e-05,7.445189e-05,7.835827e-05,-2.317001e-05,-1.832485e-05,-1.349648e-05,-8.461224e-06,-2.747132e-06,3.482369e-06,9.593510e-06,1.479583e-05,1.820299e-05,1.941668e-05,1.839014e-05,1.552763e-05,1.153647e-05,6.662878e-06,7.156308e-07,-6.046687e-06,-1.297660e-05,-1.988045e-05
-1.369381e-06,3.528802e-05,3.356146e-05,-1.612584e-06,6.021914e-05,-5.481992e-07,-8.126442e-07,3.539554e-05,-3.301903e-05,-4.340051e-07,4.888616e-05,6.515544e-07,6.651274e-07,-7.329206e-07,-1.020757e-06,-1.599651e-06,-2.871062e-06,-2.636519e-06,-1.309781e-06,-9.331712e-07,-6.749768e-07,-2.589183e-06,-4.959376e-06,-8.105739e-06,-8.784658e-06,-7.619863e-06,-3.152485e-06,5.036604e-06,1.285885e-05,2.032464e-05,7.588181e-06,8.662693e-06,9.739849e-06,1.080872e-05,1.190767e-05,1.321099e-05,1.449739e-05,1.571885e-05,1.662126e-05,1.684491e-05,1.642103e-05,1.538710e-05,1.393040e-05,1.211749e-05,9.816074e-06,7.133124e-06,4.357294e-06,1.598561e-06,-3.818879e-04,-3.790928e-04,-3.762518e-04,-3.730620e-04,-3.698202e-04,-3.662939e-04,-3.627217e-04,-3.591726e-04,-3.556893e-04,-3.522356e-04,-3.491377e-04,-3.461897e-04,-3.433821e-04,-3.408630e-04,-3.384738e-04,-3.360065e-04,-3.334253e-04,-3.308214e-04,-3.458723e-05,-2.674895e-05,-1.888559e-05,-1.124071e-05,-3.489355e-06,4.695092e-06,1.266721e-05,1.935347e-05,2.369766e-05,2.481710e-05,2.254614e-05,1.786659e-05,1.239561e-05,6.924562e-06,1.256522e-06,-4.620903e-06,-1.043801e-05,-1.624293e-05,-3.993681e-04,-3.859373e-04,-3.724996e-04,-3.594502e-04,-3.475490e-04,-3.377277e-04,-3.307423e-04,-3.266509e-04,-3.247842e-04,-3.243313e-04,-3.246977e-04,-3.260336e-04,-3.281092e-04,-3.302293e-04,-3.322783e-04,-3.347049e-04,-3.375454e-04,-3.403627e-04
3.224178e-05,-8.657955e-06,1.126212e-05,5.431021e-06,-5.481992e-07,5.820101e-05,3.299641e-05,7.816483e-06,1.150563e-05,1.557642e-05,-3.277714e-07,-3.087802e-05,-1.291751e-04,-1.319724e-04,-1.340888e-04,-1.328069e-04,-1.337368e-04,-1.319924e-04,-1.324779e-04,-1.306282e-04,-1.303138e-04,-1.220465e-04,-1.149295e-04,-1.105870e-04,-1.071292e-04,-1.029226e-04,-1.005721e-04,-9.933543e-05,-9.876303e-05,-9.818904e-05,-2.748484e-04,-2.709519e-04,-2.670526e-04,-2.631612e-04,-2.592345e-04,-2.556854e-04,-2.528225e-04,-2.493965e-04,-2.450079e-04,-2.399965e-04,-2.348550e-04,-2.299739e-04,-2.253073e-04,-2.206283e-04,-2.159618e-04,-2.113017e-04,-2.066462e-04,-2.019879e-04,1.090012e-05,8.701531e-06,6.484713e-06,4.953056e-06,4.357398e-06,4.041178e-06,3.519236e-06,2.717551e-06,1.432571e-06,1.037095e-07,-6.308476e-07,-8.407378e-07,-4.029115e-07,5.207140e-07,1.630522e-06,2.868275e-06,4.175360e-06,5.480103e-06,-6.913101e-04,-6.969562e-04,-7.025919e-04,-7.076892e-04,-7.117501e-04,-7.133444e-04,-7.116991e-04,-7.067290e-04,-6.991236e-04,-6.889677e-04,-6.772025e-04,-6.639746e-04,-6.497055e-04,-6.351192e-04,-6.205226e-04,-6.057617e-04,-5.907848e-04,-5.758064e-04,-2.497140e-05,-2.033880e-05,-1.570452e-05,-1.103751e-05,-5.987510e-06,-4.886089e-07,4.949801e-06,9.635457e-06,1.282921e-05,1.405683e-05,1.320853e-05,1.065675e-05,7.036421e-06,2.606400e-06,-2.782128e-06,-8.892423e-06,-1.517464e-05,-2.143360e-05
4.895873e-05,-2.016635e-07,-5.204834e-07,3.764644e-05,-8.126442e-07,3.299641e-05,6.244137e-05,1.677763e-07,1.196967e-06,3.733090e-05,-4.156520e-07,-3.211050e-05,-3.447987e-06,-2.943846e-06,-2.380747e-06,-2.145593e-06,-2.108360e-06,-1.441461e-06,4.179141e-07,4.582901e-07,-2.229775e-06,-3.561102e-06,-3.387086e-06,-3.588208e-06,-2.167583e-06,2.961077e-06,7.496872e-06,1.160902e-05,1.564746e-05,1.922470e-05,-3.861001e-04,-3.850410e-04,-3.839797e-04,-3.829272e-04,-3.818421e-04,-3.804320e-04,-3.786283e-04,-3.759716e-04,-3.727018e-04,-3.687164e-04,-3.643921e-04,-3.601340e-04,-3.559305e-04,-3.515913e-04,-3.471229e-04,-3.426886e-04,-3.383835e-04,-3.340499e-04,4.920491e-06,5.680717e-06,6.444306e-06,7.197834e-06,7.822215e-06,8.420821e-06,8.780074e-06,8.897116e-06,8.673358e-06,7.993543e-06,7.164585e-06,6.315754e-06,5.772353e-06,5.611597e-06,5.585600e-06,5.602521e-06,5.766870e-06,5.946182e-06,-2.511345e-04,-2.653172e-04,-2.795087e-04,-2.933626e-04,-3.060808e-04,-3.167690e-04,-3.246128e-04,-3.295298e-04,-3.320685e-04,-3.329933e-04,-3.327265e-04,-3.311177e-04,-3.285261e-04,-3.257105e-04,-3.228068e-04,-3.193954e-04,-3.154973e-04,-3.116221e-04,-2.463173e-05,-1.589712e-05,-7.174812e-06,1.722171e-06,1.142670e-05,2.143242e-05,3.061777e-05,3.830194e-05,4.331918e-05,4.433419e-05,4.068615e-05,3.262395e-05,2.113353e-05,7.022680e-06,-9.258459e-06,-2.684791e-05,-4.467181e-05,-6.245425e-05
-1.668097e-06,3.077352e-05,1.686909e-05,-7.364686e-06,3.539554e-05,7.816483e-06,1.677763e-07,5.391952e-05,-4.021282e-06,5.967227e-06,3.536115e-05,8.762557e-06,-9.477912e-05,-9.805812e-05,-1.001216e-04,-9.985973e-05,-1.015404e-04,-1.004657e-04,-1.004331e-04,-9.869069e-05,-9.707219e-05,-9.185484e-05,-8.829297e-05,-8.722308e-05,-8.555150e-05,-8.373125e-05,-8.042737e-05,-7.511537e-05,-7.030927e-05,-6.554479e-05,1.531113e-06,2.978707e-06,4.429413e-06,5.871651e-06,7.349398e-06,8.623049e-06,9.374813e-06,1.029498e-05,1.155390e-05,1.248430e-05,1.287339e-05,1.264680e-05,1.201866e-05,1.111499e-05,9.826271e-06,8.318316e-06,6.797561e-06,5.278706e-06,-2.668403e-04,-2.669370e-04,-2.670221e-04,-2.663690e-04,-2.649792e-04,-2.632800e-04,-2.617102e-04,-2.603518e-04,-2.593290e-04,-2.582716e-04,-2.571534e-04,-2.559139e-04,-2.545853e-04,-2.534084e-04,-2.523137e-04,-2.511272e-04,-2.498957e-04,-2.486571e-04,-2.040417e-05,-1.588454e-05,-1.137317e-05,-6.711564e-06,-1.517086e-06,4.225870e-06,9.965629e-06,1.481141e-05,1.789047e-05,1.884668e-05,1.767022e-05,1.475160e-05,1.077898e-05,6.027394e-06,2.956771e-07,-6.187383e-06,-1.283122e-05,-1.944780e-05,9.950779e-05,1.048496e-04,1.101563e-04,1.152602e-04,1.197981e-04,1.223739e-04,1.222711e-04,1.192125e-04,1.138089e-04,1.067978e-04,9.932981e-05,9.112662e-05,8.187125e-05,7.173449e-05,6.073081e-05,4.878975e-05,3.631078e-05,2.385937e-05
-1.909799e-08,-1.648328e-05,-3.257681e-05,-7.370732e-06,-3.301903e-05,1.150563e-05,1.196967e-06,-4.021282e-06,5.843386e-05,8.521903e-06,-3.311990e-05,1.100804e-05,-1.312486e-04,-1.327731e-04,-1.345286e-04,-1.328314e-04,-1.327819e-04,-1.317671e-04,-1.341982e-04,-1.326044e-04,-1.306622e-04,-1.200774e-04,-1.110695e-04,-1.043613e-04,-1.012802e-04,-1.015055e-04,-1.052832e-04,-1.125669e-04,-1.199903e-04,-1.269101e-04,-9.062582e-06,-8.879310e-06,-8.696231e-06,-8.510981e-06,-8.327610e-06,-8.794793e-06,-9.994547e-06,-1.091312e-05,-1.089671e-05,-1.021971e-05,-9.203492e-06,-8.015027e-06,-6.677571e-06,-5.129353e-06,-3.298585e-06,-1.141160e-06,1.146951e-06,3.410081e-06,2.696608e-04,2.649696e-04,2.602170e-04,2.558520e-04,2.523591e-04,2.487747e-04,2.449091e-04,2.407979e-04,2.363707e-04,2.320689e-04,2.284784e-04,2.253233e-04,2.225290e-04,2.199989e-04,2.175951e-04,2.152007e-04,2.126919e-04,2.101570e-04,2.381667e-05,1.929600e-05,1.478260e-05,1.014709e-05,4.988928e-06,-5.542914e-07,-5.898288e-06,-1.047599e-05,-1.361332e-05,-1.483995e-05,-1.409668e-05,-1.174324e-05,-8.442054e-06,-4.439298e-06,4.380299e-07,5.993700e-06,1.168708e-05,1.735643e-05,7.907537e-04,7.777248e-04,7.646983e-04,7.513718e-04,7.381491e-04,7.253583e-04,7.135524e-04,7.024384e-04,6.918422e-04,6.809320e-04,6.701096e-04,6.599847e-04,6.508224e-04,6.423880e-04,6.345992e-04,6.275657e-04,6.209751e-04,6.143435e-04
3.643891e-05,-6.332037e-06,8.588773e-06,3.261834e-05,-4.340051e-07,1.557642e-05,3.733090e-05,5.967227e-06,8.521903e-06,5.763091e-05,-1.267463e-07,-3.372330e-06,-9.823873e-05,-1.000410e-04,-1.013986e-04,-1.003932e-04,-1.010313e-04,-9.965933e-05,-9.944364e-05,-9.808700e-05,-9.840294e-05,-9.233631e-05,-8.640389e-05,-8.276284e-05,-7.954062e-05,-7.521329e-05,-7.268117e-05,-7.159252e-05,-7.095578e-05,-7.045861e-05,-2.773545e-04,-2.770333e-04,-2.767093e-04,-2.763943e-04,-2.760414e-04,-2.758304e-04,-2.759028e-04,-2.751911e-04,-2.735157e-04,-2.711922e-04,-2.687124e-04,-2.664764e-04,-2.644129e-04,-2.622811e-04,-2.600849e-04,-2.578447e-04,-2.556494e-04,-2.534425e-04,4.053531e-06,2.982893e-06,1.893584e-06,1.282581e-06,1.298941e-06,1.456050e-06,1.350478e-06,9.732698e-07,1.839362e-07,-7.666381e-07,-1.404015e-06,-1.734756e-06,-1.571619e-06,-1.010684e-06,-2.902359e-07,5.296761e-07,1.441262e-06,2.354880e-06,2.189218e-04,2.067792e-04,1.946176e-04,1.824864e-04,1.710052e-04,1.600843e-04,1.500142e-04,1.408394e-04,1.322458e-04,1.229754e-04,1.128774e-04,1.020611e-04,9.043337e-05,7.792096e-05,6.506460e-05,5.261911e-05,4.062154e-05,2.859834e-05,-2.897550e-05,-2.366985e-05,-1.836495e-05,-1.301020e-05,-7.235767e-06,-1.026285e-06,5.042806e-06,1.020821e-05,1.364691e-05,1.485145e-05,1.371020e-05,1.062972e-05,6.321746e-06,1.070623e-06,-5.308577e-06,-1.254831e-05,-1.998875e-05,-2.740162e-05
-9.949252e-07,3.538669e-05,3.346570e-05,-1.573011e-06,4.888616e-05,-3.277714e-07,-4.156520e-07,3.536115e-05,-3.311990e-05,-1.267463e-07,6.025846e-05,1.203285e-07,3.263320e-06,1.197120e-06,2.860831e-07,-7.246134e-07,-2.227602e-06,-1.932454e-06,-2.589336e-07,2.950407e-07,3.406423e-07,-2.015489e-06,-4.719566e-06,-7.995017e-06,-8.426034e-06,-6.462776e-06,-1.150254e-06,7.880229e-06,1.658033e-05,2.496779e-05,4.992070e-06,6.044527e-06,7.099657e-06,8.146595e-06,9.223778e-06,1.054938e-05,1.192477e-05,1.329669e-05,1.440338e-05,1.484592e-05,1.463123e-05,1.379887e-05,1.253988e-05,1.092562e-05,8.828248e-06,6.361199e-06,3.810009e-06,1.275105e-06,-3.820021e-04,-3.792551e-04,-3.764609e-04,-3.732803e-04,-3.700070e-04,-3.664044e-04,-3.627211e-04,-3.590626e-04,-3.555022e-04,-3.520040e-04,-3.489049e-04,-3.459736e-04,-3.431784e-04,-3.406438e-04,-3.382556e-04,-3.358011e-04,-3.332462e-04,-3.306721e-04,-3.414967e-05,-2.873106e-05,-2.336095e-05,-1.740145e-05,-1.009003e-05,-1.912187e-06,6.167892e-06,1.310313e-05,1.771531e-05,1.971776e-05,1.915375e-05,1.611067e-05,1.089907e-05,3.476629e-06,-6.460975e-06,-1.827920e-05,-3.061313e-05,-4.288689e-05,-3.992801e-04,-3.858196e-04,-3.723528e-04,-3.592700e-04,-3.473256e-04,-3.374538e-04,-3.304187e-04,-3.262890e-04,-3.244068e-04,-3.239693e-04,-3.243862e-04,-3.258055e-04,-3.279909e-04,-3.302438e-04,-3.324492e-04,-3.350498e-04,-3.380703e-04,-3.410671e-04
-3.156591e-05,-7.526497e-06,1.088708e-05,-1.721502e-05,6.515544e-07,-3.087802e-05,-3.211050e-05,8.762557e-06,1.100804e-05,-3.372330e-06,1.203285e-07,5.578609e-05,-1.270619e-04,-1.299692e-04,-1.323597e-04,-1.312653e-04,-1.321705e-04,-1.314441e-04,-1.341705e-04,-1.323869e-04,-1.286957e-04,-1.188601e-04,-1.118208e-04,-1.071557e-04,-1.051767e-04,-1.073214e-04,-1.103384e-04,-1.140256e-04,-1.180003e-04,-1.214113e-04,2.487464e-04,2.480900e-04,2.474337e-04,2.467799e-04,2.461230e-04,2.447448e-04,2.423657e-04,2.396633e-04,2.372756e-04,2.346186e-04,2.316382e-04,2.284604e-04,2.251893e-04,2.218114e-04,2.183116e-04,2.149069e-04,2.116535e-04,2.083683e-04,-2.420652e-08,-2.306898e-06,-4.620245e-06,-6.288988e-06,-6.956186e-06,-7.496862e-06,-8.133074e-06,-8.881057e-06,-9.783004e-06,-1.029081e-05,-1.023660e-05,-9.841021e-06,-9.373394e-06,-9.078196e-06,-8.843637e-06,-8.585539e-06,-8.465899e-06,-8.367089e-06,6.758337e-04,6.796369e-04,6.834289e-04,6.867208e-04,6.889700e-04,6.892449e-04,6.870725e-04,6.817581e-04,6.738059e-04,6.639800e-04,6.536839e-04,6.432937e-04,6.331871e-04,6.237683e-04,6.148350e-04,6.058738e-04,5.966719e-04,5.874641e-04,2.920373e-05,2.494284e-05,2.070073e-05,1.624061e-05,1.112938e-05,5.565927e-06,1.322899e-07,-4.478309e-06,-7.504850e-06,-8.658765e-06,-7.935668e-06,-5.675154e-06,-2.479588e-06,1.436064e-06,6.227626e-06,1.169094e-05,1.729489e-05,2.287701e-05
-1.631047e-06,9.251071e-05,-1.267031e-04,9.288538e-05,6.651274e-07,-1.291751e-04,-3.447987e-06,-9.477912e-05,-1.312486e-04,-9.823873e-05,3.263320e-06,-1.270619e-04,4.000728e-03,2.595829e-03,1.629760e-03,1.267011e-03,1.295915e-03,1.372590e-03,1.480532e-03,1.505086e-03,1.489008e-03,1.381650e-03,1.277645e-03,1.194184e-03,1.135807e-03,1.115588e-03,1.132142e-03,1.175327e-03,1.233758e-03,1.288468e-03,3.794085e-04,3.377979e-04,2.962010e-04,2.544319e-04,2.122881e-04,1.732895e-04,1.420527e-04,1.120941e-04,7.874471e-05,4.691193e-05,1.897022e-05,-4.274594e-06,-2.425884e-05,-4.254234e-05,-5.944495e-05,-7.664122e-05,-9.479415e-05,-1.127739e-04,-1.023893e-03,-8.121261e-04,-5.985984e-04,-4.099346e-04,-2.582196e-04,-1.365662e-04,-4.071825e-05,3.361256e-05,9.082987e-05,1.289941e-04,1.478551e-04,1.519959e-04,1.449500e-04,1.316783e-04,1.148620e-04,9.535157e-05,7.536662e-05,5.555747e-05,-1.987207e-05,-1.626126e-05,-1.265464e-05,-9.371695e-06,-6.396285e-06,-4.177428e-06,-3.174294e-06,-2.295126e-06,-6.427709e-07,1.327194e-06,3.632361e-06,6.374677e-06,9.685409e-06,1.330551e-05,1.697908e-05,2.048360e-05,2.396425e-05,2.744582e-05,-1.622396e-05,-2.881644e-05,-4.171662e-05,-5.163526e-05,-5.741837e-05,-6.041124e-05,-6.133531e-05,-6.098894e-05,-6.003892e-05,-5.796551e-05,-5.464414e-05,-5.029712e-05,-4.500257e-05,-3.897095e-05,-3.222269e-05,-2.498194e-05,-1.747998e-05,-9.993383e-06
-1.281633e-06,9.415002e-05,-1.306781e-04,9.555358e-05,-7.329206e-07,-1.319724e-04,-2.943846e-06,-9.805812e-05,-1.327731e-04,-1.000410e-04,1.197120e-06,-1.299692e-04,2.595829e-03,2.203002e-03,1.701472e-03,1.466976e-03,1.440042e-03,1.451990e-03,1.514345e-03,1.520361e-03,1.506809e-03,1.404362e-03,1.310568e-03,1.239281e-03,1.190028e-03,1.170099e-03,1.176601e-03,1.202697e-03,1.239901e-03,1.273581e-03,3.030742e-04,2.653467e-04,2.276148e-04,1.898078e-04,1.515286e-04,1.188022e-04,9.627776e-05,7.511768e-05,4.968585e-05,2.479798e-05,3.052736e-06,-1.447207e-05,-2.901421e-05,-4.209870e-05,-5.391207e-05,-6.611042e-05,-7.921722e-05,-9.215370e-05,-5.775603e-04,-4.427115e-04,-3.065223e-04,-1.900019e-04,-1.026106e-04,-3.482604e-05,1.834364e-05,5.987370e-05,9.330651e-05,1.153302e-04,1.238973e-04,1.222411e-04,1.126604e-04,9.891080e-05,8.283515e-05,6.483586e-05,4.673301e-05,2.878756e-05,-1.435246e-05,-1.128076e-05,-8.208778e-06,-5.422161e-06,-2.855617e-06,-1.330900e-06,-1.289357e-06,-1.277733e-06,-2.297160e-07,1.422165e-06,3.676891e-06,6.614124e-06,1.034030e-05,1.457469e-05,1.902428e-05,2.341487e-05,2.780820e-05,3.220088e-05,-1.174398e-05,-2.051369e-05,-2.953547e-05,-3.616684e-05,-3.941300e-05,-4.086127e-05,-4.119271e-05,-4.092952e-05,-4.059263e-05,-3.953110e-05,-3.744819e-05,-3.442853e-05,-3.043964e-05,-2.562085e-05,-1.998332e-05,-1.378450e-05,-7.303183e-06,-8.391073e-07
-8.905749e-07,9.607722e-05,-1.332406e-04,9.776582e-05,-1.020757e-06,-1.340888e-04,-2.380747e-06,-1.001216e-04,-1.345286e-04,-1.013986e-04,2.860831e-07,-1.323597e-04,1.629760e-03,1.701472e-03,1.805184e-03,1.655561e-03,1.580182e-03,1.523495e-03,1.540555e-03,1.527850e-03,1.517542e-03,1.420827e-03,1.337764e-03,1.279048e-03,1.239341e-03,1.219891e-03,1.216063e-03,1.224417e-03,1.239478e-03,1.251234e-03,2.167189e-04,1.842291e-04,1.517164e-04,1.192257e-04,8.616797e-05,6.102297e-05,4.832071e-05,3.685523e-05,2.002384e-05,2.539120e-06,-1.273724e-05,-2.439930e-05,-3.343222e-05,-4.129649e-05,-4.802966e-05,-5.524794e-05,-6.332133e-05,-7.122788e-05,-1.209777e-04,-6.529127e-05,-8.696324e-06,3.328956e-05,5.399565e-05,6.573028e-05,7.427131e-05,8.130879e-05,8.955838e-05,9.436153e-05,9.185586e-05,8.386695e-05,7.140811e-05,5.696089e-05,4.147598e-05,2.488608e-05,8.584110e-06,-7.580183e-06,-1.146878e-05,-8.726000e-06,-5.979025e-06,-3.484601e-06,-1.123850e-06,-9.081411e-08,-8.087786e-07,-1.482660e-06,-9.017145e-07,5.165227e-07,2.746672e-06,5.850741e-06,9.925066e-06,1.467355e-05,1.976117e-05,2.487219e-05,3.000586e-05,3.513834e-05,-1.938642e-05,-2.372749e-05,-2.826306e-05,-3.099939e-05,-3.114899e-05,-3.058283e-05,-2.996344e-05,-2.953350e-05,-2.965235e-05,-2.951734e-05,-2.864393e-05,-2.697578e-05,-2.436039e-05,-2.084545e-05,-1.642519e-05,-1.139430e-05,-6.073340e-06,-7.705679e-07
-7.699827e-07,9.501463e-05,-1.324057e-04,9.704584e-05,-1.599651e-06,-1.328069e-04,-2.145593e-06,-9.985973e-05,-1.328314e-04,-1.003932e-04,-7.246134e-07,-1.312653e-04,1.267011e-03,1.466976e-03,1.655561e-03,1.794242e-03,1.663415e-03,1.562282e-03,1.534454e-03,1.504871e-03,1.493263e-03,1.401416e-03,1.327898e-03,1.278872e-03,1.245316e-03,1.225753e-03,1.216263e-03,1.215713e-03,1.219790e-03,1.220716e-03,2.137011e-04,1.757739e-04,1.378067e-04,9.994663e-05,6.143191e-05,3.323602e-05,2.087741e-05,1.158958e-05,-1.934043e-06,-1.543498e-05,-2.635838e-05,-3.353765e-05,-3.805833e-05,-4.144358e-05,-4.374132e-05,-4.658202e-05,-5.023906e-05,-5.373381e-05,9.145518e-05,1.058573e-04,1.208000e-04,1.248319e-04,1.123728e-04,9.719603e-05,8.547118e-05,7.778474e-05,7.606931e-05,7.488357e-05,6.935850e-05,6.059103e-05,4.892335e-05,3.619042e-05,2.298606e-05,9.058857e-06,-4.411688e-06,-1.775536e-05,-1.298171e-05,-9.910593e-06,-6.832807e-06,-3.987474e-06,-1.192136e-06,1.997701e-08,-8.831854e-07,-1.869170e-06,-1.617995e-06,-4.873245e-07,1.526956e-06,4.510110e-06,8.563707e-06,1.339448e-05,1.865617e-05,2.401086e-05,2.940532e-05,3.479749e-05,-2.282488e-05,-2.457539e-05,-2.646710e-05,-2.702303e-05,-2.549197e-05,-2.387975e-05,-2.282763e-05,-2.237783e-05,-2.276953e-05,-2.312119e-05,-2.285056e-05,-2.183125e-05,-1.985386e-05,-1.692693e-05,-1.304895e-05,-8.532204e-06,-3.718570e-06,1.076141e-06
-9.088373e-07,9.492003e-05,-1.341935e-04,9.774091e-05,-2.871062e-06,-1.337368e-04,-2.108360e-06,-1.015404e-04,-1.327819e-04,-1.010313e-04,-2.227602e-06,-1.321705e-04,1.295915e-03,1.440042e-03,1.580182e-03,1.663415e-03,1.794662e-03,1.659092e-03,1.590644e-03,1.523237e-03,1.491959e-03,1.390145e-03,1.318012e-03,1.276004e-03,1.252624e-03,1.243736e-03,1.246101e-03,1.255838e-03,1.268535e-03,1.278160e-03,7.180188e-05,5.034953e-05,2.885306e-05,7.492722e-06,-1.446973e-05,-2.558360e-05,-2.032415e-05,-1.389029e-05,-1.411420e-05,-1.618920e-05,-1.742188e-05,-1.649844e-05,-1.414936e-05,-1.159437e-05,-8.494476e-06,-6.085778e-06,-4.475773e-06,-2.703924e-06,8.803587e-05,9.021002e-05,9.267422e-05,8.695456e-05,6.861566e-05,5.144526e-05,4.128661e-05,3.789231e-05,4.244543e-05,4.883279e-05,5.164193e-05,5.184680e-05,4.961026e-05,4.665112e-05,4.369518e-05,4.031924e-05,3.754902e-05,3.489812e-05,-9.692447e-06,-7.179483e-06,-4.658139e-06,-2.359537e-06,-1.210886e-07,4.258335e-07,-1.260000e-06,-2.820938e-06,-2.866625e-06,-1.824793e-06,2.996158e-07,3.582710e-06,8.086145e-06,1.349468e-05,1.944086e-05,2.553348e-05,3.167285e-05,3.780930e-05,-1.585153e-05,-1.633646e-05,-1.692741e-05,-1.651420e-05,-1.442956e-05,-1.264243e-05,-1.170253e-05,-1.153250e-05,-1.228745e-05,-1.302710e-05,-1.312663e-05,-1.244450e-05,-1.075635e-05,-8.075185e-06,-4.427930e-06,-1.173460e-07,4.500982e-06,9.099635e-06
-4.660862e-07,9.411509e-05,-1.327337e-04,9.718683e-05,-2.636519e-06,-1.319924e-04,-1.441461e-06,-1.004657e-04,-1.317671e-04,-9.965933e-05,-1.932454e-06,-1.314441e-04,1.372590e-03,1.451990e-03,1.523495e-03,1.562282e-03,1.659092e-03,1.771319e-03,1.651217e-03,1.549934e-03,1.479421e-03,1.358772e-03,1.279550e-03,1.239825e-03,1.225972e-03,1.230509e-03,1.248600e-03,1.272342e-03,1.297953e-03,1.320582e-03,-5.562006e-05,-5.743557e-05,-5.928543e-05,-6.103351e-05,-6.319916e-05,-5.569589e-05,-3.276928e-05,-1.191188e-05,-1.846686e-06,3.351108e-06,6.901033e-06,1.061662e-05,1.434810e-05,1.731558e-05,2.032991e-05,2.261593e-05,2.412463e-05,2.579300e-05,3.759139e-05,4.199414e-05,4.660804e-05,4.402829e-05,3.038612e-05,1.788937e-05,1.213019e-05,1.337493e-05,2.316260e-05,3.516087e-05,4.401749e-05,5.072066e-05,5.533634e-05,5.950900e-05,6.404920e-05,6.837344e-05,7.339211e-05,7.852294e-05,-1.231759e-05,-1.068850e-05,-9.052081e-06,-7.622056e-06,-6.281877e-06,-6.485416e-06,-8.842369e-06,-1.074533e-05,-1.074065e-05,-9.445500e-06,-6.947349e-06,-3.213268e-06,1.774877e-06,7.677861e-06,1.410788e-05,2.065778e-05,2.724721e-05,3.383493e-05,-2.044557e-05,-2.050219e-05,-2.065334e-05,-1.991738e-05,-1.768941e-05,-1.570839e-05,-1.449674e-05,-1.407981e-05,-1.468321e-05,-1.535580e-05,-1.549357e-05,-1.495705e-05,-1.349755e-05,-1.110671e-05,-7.815015e-06,-3.895172e-06,3.173244e-07,4.511620e-06
1.351949e-06,9.624631e-05,-1.336160e-04,9.981236e-05,-1.309781e-06,-1.324779e-04,4.179141e-07,-1.004331e-04,-1.341982e-04,-9.944364e-05,-2.589336e-07,-1.341705e-04,1.480532e-03,1.514345e-03,1.540555e-03,1.534454e-03,1.590644e-03,1.651217e-03,1.793003e-03,1.654146e-03,1.539455e-03,1.374072e-03,1.268371e-03,1.217258e-03,1.204494e-03,1.218914e-03,1.252707e-03,1.294091e-03,1.340078e-03,1.382904e-03,-5.856693e-06,-2.405703e-06,1.024072e-06,4.503991e-06,7.763186e-06,1.836423e-05,4.070691e-05,5.662319e-05,5.755208e-05,5.186787e-05,4.394684e-05,3.608760e-05,2.824195e-05,1.970565e-05,1.143301e-05,2.697826e-06,-6.857939e-06,-1.624962e-05,-4.070453e-05,-2.502630e-05,-9.116859e-06,-3.385502e-07,-1.713376e-06,-2.637097e-06,1.903177e-06,1.258564e-05,3.127499e-05,5.043148e-05,6.469472e-05,7.538867e-05,8.278317e-05,8.881666e-05,9.459648e-05,9.967791e-05,1.052304e-04,1.109069e-04,-1.660221e-05,-1.637679e-05,-1.614604e-05,-1.610115e-05,-1.615482e-05,-1.740511e-05,-2.029895e-05,-2.219041e-05,-2.172131e-05,-1.990995e-05,-1.701031e-05,-1.301210e-05,-7.877111e-06,-1.954720e-06,4.359576e-06,1.069975e-05,1.707614e-05,2.345158e-05,-2.698144e-05,-2.681699e-05,-2.675082e-05,-2.580604e-05,-2.352022e-05,-2.144179e-05,-2.008082e-05,-1.959110e-05,-2.029115e-05,-2.109003e-05,-2.138130e-05,-2.104783e-05,-1.981535e-05,-1.766449e-05,-1.464551e-05,-1.102445e-05,-7.113733e-06,-3.220312e-06
1.675170e-06,9.519899e-05,-1.316618e-04,9.862527e-05,-9.331712e-07,-1.306282e-04,4.582901e-07,-9.869069e-05,-1.326044e-04,-9.808700e-05,2.950407e-07,-1.323869e-04,1.505086e-03,1.520361e-03,1.527850e-03,1.504871e-03,1.523237e-03,1.549934e-03,1.654146e-03,1.759801e-03,1.598953e-03,1.408820e-03,1.269724e-03,1.197344e-03,1.168543e-03,1.175168e-03,1.208431e-03,1.255811e-03,1.312154e-03,1.365108e-03,7.987261e-05,7.667739e-05,7.346726e-05,7.028266e-05,6.696190e-05,6.953801e-05,8.104976e-05,8.517722e-05,7.336058e-05,5.587370e-05,3.815315e-05,2.227998e-05,7.527294e-06,-7.113872e-06,-2.101880e-05,-3.522109e-05,-5.029880e-05,-6.520878e-05,-8.336972e-05,-5.966598e-05,-3.570618e-05,-1.884515e-05,-1.143182e-05,-3.640613e-06,9.212778e-06,2.797686e-05,5.487111e-05,7.997977e-05,9.669885e-05,1.068485e-04,1.113465e-04,1.127938e-04,1.127401e-04,1.111796e-04,1.097076e-04,1.083794e-04,-1.510851e-05,-1.533612e-05,-1.555946e-05,-1.595817e-05,-1.646400e-05,-1.795343e-05,-2.068042e-05,-2.226162e-05,-2.131739e-05,-1.913889e-05,-1.612874e-05,-1.225639e-05,-7.407150e-06,-1.897019e-06,3.912499e-06,9.703096e-06,1.552777e-05,2.135063e-05,-2.602571e-05,-2.608068e-05,-2.623618e-05,-2.551970e-05,-2.359123e-05,-2.189705e-05,-2.092817e-05,-2.088796e-05,-2.216081e-05,-2.335413e-05,-2.369539e-05,-2.313829e-05,-2.149367e-05,-1.881866e-05,-1.520921e-05,-1.096376e-05,-6.410020e-06,-1.875243e-06
-3.510010e-07,9.404476e-05,-1.295027e-04,9.535913e-05,-6.749768e-07,-1.303138e-04,-2.229775e-06,-9.707219e-05,-1.306622e-04,-9.840294e-05,3.406423e-07,-1.286957e-04,1.489008e-03,1.506809e-03,1.517542e-03,1.493263e-03,1.491959e-03,1.479421e-03,1.539455e-03,1.598953e-03,1.727330e-03,1.540984e-03,1.387887e-03,1.263903e-03,1.174608e-03,1.127733e-03,1.117566e-03,1.137453e-03,1.173932e-03,1.206504e-03,1.755932e-04,1.508660e-04,1.261253e-04,1.014037e-04,7.655042e-05,5.697786e-05,4.468373e-05,2.654176e-05,-4.435545e-06,-3.671503e-05,-6.393272e-05,-8.444906e-05,-1.005140e-04,-1.140617e-04,-1.258192e-04,-1.379664e-04,-1.511152e-04,-1.640842e-04,-1.084176e-04,-6.602895e-05,-2.336354e-05,1.202572e-05,3.739135e-05,6.124383e-05,8.700042e-05,1.143357e-04,1.444067e-04,1.653152e-04,1.691171e-04,1.591308e-04,1.385525e-04,1.118904e-04,8.125813e-05,4.766749e-05,1.351803e-05,-2.044499e-05,-2.869202e-06,-2.048432e-06,-1.223702e-06,-5.855051e-07,-8.502102e-08,-5.200069e-07,-1.996745e-06,-2.504604e-06,-7.799362e-07,1.769255e-06,4.640556e-06,7.870740e-06,1.173911e-05,1.604345e-05,2.056384e-05,2.507998e-05,2.963081e-05,3.417700e-05,-1.815105e-05,-1.996107e-05,-2.187060e-05,-2.292709e-05,-2.285367e-05,-2.298765e-05,-2.370266e-05,-2.506567e-05,-2.730161e-05,-2.872268e-05,-2.834413e-05,-2.631875e-05,-2.276502e-05,-1.796106e-05,-1.201578e-05,-5.320610e-06,1.730504e-06,8.757375e-06
-1.308743e-06,8.625201e-05,-1.216725e-04,8.768264e-05,-2.589183e-06,-1.220465e-04,-3.561102e-06,-9.185484e-05,-1.200774e-04,-9.233631e-05,-2.015489e-06,-1.188601e-04,1.381650e-03,1.404362e-03,1.420827e-03,1.401416e-03,1.390145e-03,1.358772e-03,1.374072e-03,1.408820e-03,1.540984e-03,1.656965e-03,1.496809e-03,1.338177e-03,1.168709e-03,1.041306e-03,9.514867e-04,9.092641e-04,8.921770e-04,8.708055e-04,2.755697e-04,2.256702e-04,1.757586e-04,1.258619e-04,7.583913e-05,3.028917e-05,-9.885086e-06,-5.557923e-05,-1.118239e-04,-1.665989e-04,-2.108153e-04,-2.411769e-04,-2.612783e-04,-2.745165e-04,-2.839885e-04,-2.938295e-04,-3.047651e-04,-3.155180e-04,-1.001538e-04,-4.724018e-05,5.945430e-06,5.215117e-05,8.851418e-05,1.220744e-04,1.548418e-04,1.852577e-04,2.130812e-04,2.258783e-04,2.129381e-04,1.783223e-04,1.281518e-04,6.876708e-05,2.479085e-06,-6.841744e-05,-1.406645e-04,-2.126825e-04,3.999983e-06,5.065941e-06,6.136566e-06,7.012194e-06,7.711683e-06,7.570113e-06,6.686243e-06,6.881733e-06,9.282179e-06,1.251083e-05,1.570453e-05,1.856801e-05,2.147738e-05,2.439071e-05,2.737618e-05,3.042773e-05,3.353987e-05,3.664219e-05,6.237585e-06,2.556228e-06,-1.216693e-06,-4.201061e-06,-6.168779e-06,-8.274698e-06,-1.074138e-05,-1.351171e-05,-1.665558e-05,-1.845576e-05,-1.754194e-05,-1.417975e-05,-8.877021e-06,-2.161995e-06,5.872531e-06,1.475248e-05,2.404785e-05,3.331336e-05
-1.483959e-06,7.952165e-05,-1.160737e-04,8.225591e-05,-4.959376e-06,-1.149295e-04,-3.387086e-06,-8.829297e-05,-1.110695e-04,-8.640389e-05,-4.719566e-06,-1.118208e-04,1.277645e-03,1.310568e-03,1.337764e-03,1.327898e-03,1.318012e-03,1.279550e-03,1.268371e-03,1.269724e-03,1.387887e-03,1.496809e-03,1.654667e-03,1.500614e-03,1.293561e-03,1.071947e-03,8.610287e-04,6.995548e-04,5.641761e-04,4.246233e-04,3.873834e-04,3.097884e-04,2.321822e-04,1.545877e-04,7.687203e-05,3.119908e-06,-6.604512e-05,-1.399581e-04,-2.214994e-04,-2.986228e-04,-3.599272e-04,-3.996305e-04,-4.210124e-04,-4.295532e-04,-4.315879e-04,-4.339476e-04,-4.373573e-04,-4.405973e-04,-4.558395e-05,-5.611223e-06,3.463000e-05,6.801527e-05,9.155128e-05,1.113224e-04,1.287444e-04,1.420259e-04,1.503948e-04,1.430212e-04,1.084286e-04,5.069862e-05,-2.246673e-05,-1.045591e-04,-1.943938e-04,-2.890183e-04,-3.851462e-04,-4.810397e-04,4.654596e-06,5.783007e-06,6.916193e-06,7.852720e-06,8.613772e-06,8.652286e-06,8.191392e-06,8.977297e-06,1.196375e-05,1.585998e-05,1.949421e-05,2.215125e-05,2.409381e-05,2.547390e-05,2.673300e-05,2.816418e-05,2.968928e-05,3.120174e-05,2.977421e-05,2.508918e-05,2.031775e-05,1.631192e-05,1.332760e-05,1.037010e-05,7.302215e-06,4.217625e-06,1.100177e-06,-5.783936e-07,6.541343e-07,4.507773e-06,1.026259e-05,1.730726e-05,2.567576e-05,3.485433e-05,4.445892e-05,5.403297e-05
-2.429680e-06,7.382722e-05,-1.134495e-04,7.829964e-05,-8.105739e-06,-1.105870e-04,-3.588208e-06,-8.722308e-05,-1.043613e-04,-8.276284e-05,-7.995017e-06,-1.071557e-04,1.194184e-03,1.239281e-03,1.279048e-03,1.278872e-03,1.276004e-03,1.239825e-03,1.217258e-03,1.197344e-03,1.263903e-03,1.338177e-03,1.500614e-03,1.666737e-03,1.473530e-03,1.215137e-03,8.950392e-04,6.042230e-04,3.244205e-04,4.179366e-05,4.235979e-04,3.362845e-04,2.489598e-04,1.616469e-04,7.420524e-05,-9.316578e-06,-8.785336e-05,-1.697091e-04,-2.562473e-04,-3.363242e-04,-3.991603e-04,-4.386969e-04,-4.548013e-04,-4.540370e-04,-4.452078e-04,-4.368671e-04,-4.292956e-04,-4.215904e-04,3.508202e-05,5.365507e-05,7.249250e-05,8.438377e-05,8.584501e-05,8.214941e-05,7.441445e-05,6.087556e-05,4.053202e-05,4.833406e-06,-5.579054e-05,-1.355558e-04,-2.254135e-04,-3.190724e-04,-4.170541e-04,-5.171896e-04,-6.177265e-04,-7.180973e-04,6.102761e-06,7.345769e-06,8.593722e-06,9.635841e-06,1.047571e-05,1.058255e-05,1.017790e-05,1.098428e-05,1.385157e-05,1.769063e-05,2.144711e-05,2.434382e-05,2.613408e-05,2.704043e-05,2.780530e-05,2.889178e-05,3.008382e-05,3.126570e-05,5.331149e-05,4.752035e-05,4.164541e-05,3.655961e-05,3.263246e-05,2.903049e-05,2.570843e-05,2.282094e-05,2.040049e-05,1.960722e-05,2.167097e-05,2.610586e-05,3.198258e-05,3.861567e-05,4.621503e-05,5.436240e-05,6.284323e-05,7.130171e-05
-1.531518e-06,7.102229e-05,-1.111242e-04,7.719478e-05,-8.784658e-06,-1.071292e-04,-2.167583e-06,-8.555150e-05,-1.012802e-04,-7.954062e-05,-8.426034e-06,-1.051767e-04,1.135807e-03,1.190028e-03,1.239341e-03,1.245316e-03,1.252624e-03,1.225972e-03,1.204494e-03,1.168543e-03,1.174608e-03,1.168709e-03,1.293561e-03,1.473530e-03,1.638658e-03,1.420029e-03,1.094700e-03,7.336976e-04,3.531616e-04,-2.862037e-05,3.108241e-04,2.418096e-04,1.727820e-04,1.037717e-04,3.460703e-05,-3.003977e-05,-8.792285e-05,-1.462306e-04,-2.053224e-04,-2.555981e-04,-2.884297e-04,-2.992056e-04,-2.870747e-04,-2.587358e-04,-2.235750e-04,-1.895785e-04,-1.557906e-04,-1.219292e-04,9.093899e-05,9.288272e-05,9.508179e-05,9.022427e-05,7.404254e-05,5.130586e-05,2.320439e-05,-1.171419e-05,-5.433491e-05,-1.107158e-04,-1.873156e-04,-2.765395e-04,-3.682461e-04,-4.553178e-04,-5.378809e-04,-6.163449e-04,-6.924811e-04,-7.686088e-04,-1.797343e-07,1.290507e-06,2.763677e-06,4.052776e-06,5.208604e-06,5.641507e-06,5.442508e-06,6.206277e-06,8.629551e-06,1.182814e-05,1.504014e-05,1.769572e-05,1.943533e-05,2.048809e-05,2.169834e-05,2.343885e-05,2.527978e-05,2.711997e-05,5.389728e-05,4.808573e-05,4.219044e-05,3.712666e-05,3.343136e-05,3.035093e-05,2.784323e-05,2.606453e-05,2.505722e-05,2.568982e-05,2.882530e-05,3.378853e-05,3.951846e-05,4.519238e-05,5.092564e-05,5.656039e-05,6.225119e-05,6.794259e-05
3.177069e-06,7.048338e-05,-1.092423e-04,8.013713e-05,-7.619863e-06,-1.029226e-04,2.961077e-06,-8.373125e-05,-1.015055e-04,-7.521329e-05,-6.462776e-06,-1.073214e-04,1.115588e-03,1.170099e-03,1.219891e-03,1.225753e-03,1.243736e-03,1.230509e-03,1.218914e-03,1.175168e-03,1.127733e-03,1.041306e-03,1.071947e-03,1.215137e-03,1.420029e-03,1.592184e-03,1.389565e-03,1.114339e-03,7.651747e-04,4.206660e-04,8.230749e-05,5.019973e-05,1.807644e-05,-1.401945e-05,-4.630263e-05,-7.303038e-05,-9.034200e-05,-1.041758e-04,-1.143091e-04,-1.124552e-04,-9.220981e-05,-5.030815e-05,1.340958e-05,9.156849e-05,1.748520e-04,2.569568e-04,3.396021e-04,4.222375e-04,1.013086e-04,9.706949e-05,9.306950e-05,8.209004e-05,5.939584e-05,3.012431e-05,-3.627451e-06,-4.223822e-05,-8.562901e-05,-1.373700e-04,-2.003918e-04,-2.668621e-04,-3.275037e-04,-3.751736e-04,-4.066056e-04,-4.257698e-04,-4.391179e-04,-4.526648e-04,-2.845694e-05,-2.747545e-05,-2.649553e-05,-2.562417e-05,-2.466947e-05,-2.428483e-05,-2.454704e-05,-2.404947e-05,-2.228904e-05,-2.005635e-05,-1.785368e-05,-1.600592e-05,-1.475104e-05,-1.378791e-05,-1.227528e-05,-1.006007e-05,-7.732606e-06,-5.393756e-06,2.949528e-05,2.541398e-05,2.124610e-05,1.796657e-05,1.629717e-05,1.543643e-05,1.518405e-05,1.555107e-05,1.643027e-05,1.839533e-05,2.188054e-05,2.624515e-05,3.063597e-05,3.424944e-05,3.668287e-05,3.812700e-05,3.925562e-05,4.041655e-05
7.161425e-06,7.346266e-05,-1.066186e-04,8.348773e-05,-3.152485e-06,-1.005721e-04,7.496872e-06,-8.042737e-05,-1.052832e-04,-7.268117e-05,-1.150254e-06,-1.103384e-04,1.132142e-03,1.176601e-03,1.216063e-03,1.216263e-03,1.246101e-03,1.248600e-03,1.252707e-03,1.208431e-03,1.117566e-03,9.514867e-04,8.610287e-04,8.950392e-04,1.094700e-03,1.389565e-03,1.733631e-03,1.723296e-03,1.635757e-03,1.546272e-03,-1.507947e-04,-1.423399e-04,-1.339033e-04,-1.254266e-04,-1.171656e-04,-1.021300e-04,-7.453512e-05,-3.901737e-05,5.062700e-06,6.509517e-05,1.456192e-04,2.493377e-04,3.766119e-04,5.201909e-04,6.713815e-04,8.250509e-04,9.802173e-04,1.135249e-03,5.744793e-05,5.083597e-05,4.444167e-05,3.145387e-05,7.509943e-06,-2.052348e-05,-4.823084e-05,-7.345060e-05,-9.362832e-05,-1.089568e-04,-1.178071e-04,-1.128585e-04,-8.677345e-05,-3.368258e-05,4.967744e-05,1.541822e-04,2.680271e-04,3.814181e-04,-5.685432e-05,-5.560802e-05,-5.436864e-05,-5.314375e-05,-5.155465e-05,-5.032728e-05,-4.978590e-05,-4.878067e-05,-4.703711e-05,-4.534267e-05,-4.400563e-05,-4.318906e-05,-4.308412e-05,-4.341342e-05,-4.343458e-05,-4.311919e-05,-4.272543e-05,-4.230201e-05,-2.496419e-05,-2.489594e-05,-2.491847e-05,-2.402537e-05,-2.139527e-05,-1.801938e-05,-1.438130e-05,-1.071425e-05,-7.368227e-06,-4.123050e-06,-1.124624e-06,1.039220e-06,1.792934e-06,4.995522e-07,-3.359283e-06,-9.099985e-06,-1.551653e-05,-2.186735e-05
1.069015e-05,7.986917e-05,-1.024094e-04,8.702028e-05,5.036604e-06,-9.933543e-05,1.160902e-05,-7.511537e-05,-1.125669e-04,-7.159252e-05,7.880229e-06,-1.140256e-04,1.175327e-03,1.202697e-03,1.224417e-03,1.215713e-03,1.255838e-03,1.272342e-03,1.294091e-03,1.255811e-03,1.137453e-03,9.092641e-04,6.995548e-04,6.042230e-04,7.336976e-04,1.114339e-03,1.723296e-03,2.382811e-03,2.761520e-03,3.182147e-03,-3.188049e-04,-2.794150e-04,-2.400451e-04,-2.006245e-04,-1.614303e-04,-1.144501e-04,-5.222850e-05,2.143923e-05,1.071181e-04,2.114030e-04,3.371573e-04,4.868761e-04,6.619851e-04,8.571343e-04,1.066029e-03,1.285377e-03,1.507457e-03,1.729224e-03,-3.532589e-05,-4.337513e-05,-5.122515e-05,-6.506174e-05,-8.809030e-05,-1.108015e-04,-1.256607e-04,-1.271216e-04,-1.092771e-04,-6.857931e-05,1.432196e-06,1.076736e-04,2.554983e-04,4.494577e-04,6.906542e-04,9.627908e-04,1.247833e-03,1.532102e-03,-8.766430e-05,-8.584986e-05,-8.404762e-05,-8.215572e-05,-7.958969e-05,-7.712254e-05,-7.536226e-05,-7.345690e-05,-7.138544e-05,-6.998498e-05,-6.940365e-05,-6.966249e-05,-7.096666e-05,-7.325336e-05,-7.608699e-05,-7.959184e-05,-8.311206e-05,-8.657624e-05,-1.127280e-04,-1.065802e-04,-1.005283e-04,-9.356825e-05,-8.490054e-05,-7.582528e-05,-6.720040e-05,-5.956324e-05,-5.353865e-05,-4.923869e-05,-4.741455e-05,-4.867417e-05,-5.336020e-05,-6.191538e-05,-7.468899e-05,-9.028448e-05,-1.069180e-04,-1.234484e-04
1.408901e-05,8.638446e-05,-9.910136e-05,9.107112e-05,1.285885e-05,-9.876303e-05,1.564746e-05,-7.030927e-05,-1.199903e-04,-7.095578e-05,1.658033e-05,-1.180003e-04,1.233758e-03,1.239901e-03,1.239478e-03,1.219790e-03,1.268535e-03,1.297953e-03,1.340078e-03,1.312154e-03,1.173932e-03,8.921770e-04,5.641761e-04,3.244205e-04,3.531616e-04,7.651747e-04,1.635757e-03,2.761520e-03,4.130232e-03,5.400368e-03,-4.519469e-04,-3.857044e-04,-3.194830e-04,-2.532021e-04,-1.871468e-04,-1.124905e-04,-2.038081e-05,8.562168e-05,2.051964e-04,3.434944e-04,5.010045e-04,6.793614e-04,8.806490e-04,1.102191e-03,1.340950e-03,1.596547e-03,1.856132e-03,2.115240e-03,-1.383730e-04,-1.470186e-04,-1.554833e-04,-1.692238e-04,-1.898329e-04,-2.047319e-04,-2.029577e-04,-1.752879e-04,-1.121490e-04,-6.150213e-06,1.541616e-04,3.754388e-04,6.610768e-04,1.014591e-03,1.434842e-03,1.897725e-03,2.378120e-03,2.857392e-03,-1.125821e-04,-1.106575e-04,-1.087497e-04,-1.066579e-04,-1.036221e-04,-1.004581e-04,-9.804087e-05,-9.577119e-05,-9.378918e-05,-9.289953e-05,-9.298850e-05,-9.384337e-05,-9.562935e-05,-9.856960e-05,-1.025998e-04,-1.081131e-04,-1.137325e-04,-1.192687e-04,-1.967774e-04,-1.841855e-04,-1.716960e-04,-1.583018e-04,-1.432489e-04,-1.281601e-04,-1.142543e-04,-1.023674e-04,-9.340947e-05,-8.782061e-05,-8.697398e-05,-9.153157e-05,-1.016408e-04,-1.176136e-04,-1.396479e-04,-1.655928e-04,-1.930268e-04,-2.203156e-04
