3.097558e-05,-6.303127e-07,-1.931098e-07,1.300142e-06,1.623949e-06,1.946974e-06,2.207487e-06,2.433071e-06,2.629950e-06,2.841168e-06,2.874156e-06,2.731745e-06,2.649047e-06,2.708365e-06,2.827939e-06,3.161609e-06,3.796801e-06,4.460890e-06,5.155439e-06,5.887361e-06,6.594063e-06,-1.967976e-04,-1.964726e-04,-1.961476e-04,-1.958230e-04,-1.954967e-04,-1.951494e-04,-1.947707e-04,-1.943377e-04,-1.938658e-04,-1.933520e-04,-1.928158e-04,-1.922777e-04,-1.917321e-04,-1.911709e-04,-1.905967e-04,-1.900220e-04,-1.894545e-04,-1.888854e-04,5.232219e-06,5.286260e-06,5.340274e-06,5.388075e-06,5.417820e-06,5.430221e-06,5.412956e-06,5.367279e-06,5.288882e-06,5.170549e-06,5.025244e-06,4.861719e-06,4.700257e-06,4.547183e-06,4.390353e-06,4.227932e-06,4.069548e-06,3.911972e-06,2.574832e-04,2.488230e-04,2.401608e-04,2.314965e-04,2.228806e-04,2.143274e-04,2.058854e-04,1.975413e-04,1.892919e-04,1.810983e-04,1.730082e-04,1.650539e-04,1.572229e-04,1.494707e-04,1.417742e-04,1.341380e-04,1.265380e-04,1.189350e-04,-1.228985e-05,-1.090547e-05,-9.521383e-06,-8.131704e-06,-6.720638e-06,-5.310429e-06,-3.962923e-06,-2.753433e-06,-1.757883e-06,-1.012089e-06,-5.176520e-07,-2.372211e-07,-1.078618e-07,-9.777746e-08,-2.041984e-07,-3.928331e-07,-6.019634e-07,-8.084453e-07
-6.303127e-07,2.898907e-05,8.842230e-08,3.270269e-07,1.169598e-07,-4.166286e-08,-2.308535e-07,-4.270093e-07,-5.022880e-07,-4.824308e-07,-5.282581e-07,-6.177306e-07,-8.356734e-07,-9.712451e-07,-1.024789e-06,-8.020033e-07,-3.558111e-07,3.795233e-07,1.411165e-06,2.465625e-06,3.501387e-06,7.082172e-06,6.922714e-06,6.763391e-06,6.603627e-06,6.445448e-06,6.303517e-06,6.172354e-06,6.049361e-06,5.919992e-06,5.761334e-06,5.573599e-06,5.358641e-06,5.128076e-06,4.882476e-06,4.612077e-06,4.320264e-06,4.023404e-06,3.727492e-06,-1.832167e-04,-1.827666e-04,-1.823145e-04,-1.818474e-04,-1.813840e-04,-1.809177e-04,-1.804644e-04,-1.800311e-04,-1.796242e-04,-1.792454e-04,-1.789174e-04,-1.786261e-04,-1.783662e-04,-1.781407e-04,-1.779361e-04,-1.777360e-04,-1.775340e-04,-1.773308e-04,-1.206628e-05,-1.070400e-05,-9.341888e-06,-7.976110e-06,-6.595089e-06,-5.218595e-06,-3.904686e-06,-2.725044e-06,-1.748776e-06,-1.008405e-06,-5.034574e-07,-1.971485e-07,-2.787978e-08,3.650483e-08,-1.928378e-09,-1.139819e-07,-2.446951e-07,-3.729654e-07,2.149105e-04,2.111920e-04,2.074733e-04,2.037017e-04,1.998156e-04,1.957018e-04,1.912952e-04,1.865438e-04,1.814902e-04,1.761781e-04,1.707235e-04,1.651637e-04,1.595425e-04,1.539129e-04,1.482878e-04,1.426463e-04,1.369845e-04,1.313230e-04
-1.931098e-07,8.842230e-08,6.178904e-06,-5.198677e-05,-5.220308e-05,-5.240097e-05,-5.241343e-05,-5.240829e-05,-5.214517e-05,-5.172972e-05,-5.086863e-05,-4.969501e-05,-4.802804e-05,-4.642027e-05,-4.498286e-05,-4.370351e-05,-4.259394e-05,-4.162310e-05,-4.077943e-05,-4.000452e-05,-3.921592e-05,-2.433068e-06,-1.831494e-06,-1.229861e-06,-6.283219e-07,-2.603762e-08,5.513722e-07,1.089421e-06,1.619688e-06,2.157385e-06,2.683996e-06,3.186823e-06,3.660437e-06,4.112538e-06,4.551888e-06,4.983337e-06,5.415953e-06,5.852144e-06,6.287686e-06,-6.368487e-07,-7.717653e-07,-9.078811e-07,-1.014780e-06,-1.074075e-06,-1.111201e-06,-1.135389e-06,-1.142983e-06,-1.133218e-06,-1.084612e-06,-9.778396e-07,-8.229072e-07,-6.295903e-07,-4.114454e-07,-1.753001e-07,7.329530e-08,3.248878e-07,5.758286e-07,-5.989346e-06,-5.517194e-06,-5.045388e-06,-4.569623e-06,-4.084444e-06,-3.556144e-06,-2.957269e-06,-2.304436e-06,-1.591954e-06,-7.729317e-07,1.853573e-07,1.294649e-06,2.545209e-06,3.904156e-06,5.322461e-06,6.762520e-06,8.204407e-06,9.645637e-06,-1.683694e-07,8.917756e-09,1.887382e-07,3.400999e-07,4.464253e-07,5.344737e-07,6.149944e-07,6.890671e-07,7.624092e-07,8.153226e-07,8.399306e-07,8.634132e-07,9.246841e-07,1.048960e-06,1.240727e-06,1.481435e-06,1.738288e-06,1.993688e-06
1.300142e-06,3.270269e-07,-5.198677e-05,1.159054e-03,8.959043e-04,6.772164e-04,5.269736e-04,4.402874e-04,3.987170e-04,3.861030e-04,3.838692e-04,3.825009e-04,3.764546e-04,3.692700e-04,3.619417e-04,3.552834e-04,3.505347e-04,3.486223e-04,3.494594e-04,3.517568e-04,3.538868e-04,1.256127e-04,1.102556e-04,9.489774e-05,7.953538e-05,6.411607e-05,4.910456e-05,3.495419e-05,2.178515e-05,9.609128e-06,-1.673505e-06,-1.218149e-05,-2.204477e-05,-3.145503e-05,-4.058500e-05,-4.957550e-05,-5.857152e-05,-6.761036e-05,-7.664270e-05,-1.674022e-04,-1.429626e-04,-1.184081e-04,-9.537685e-05,-7.484650e-05,-5.650120e-05,-4.021060e-05,-2.589356e-05,-1.347257e-05,-2.797055e-06,6.301864e-06,1.412717e-05,2.095492e-05,2.710240e-05,3.282221e-05,3.827158e-05,4.361882e-05,4.897612e-05,4.224521e-05,3.922276e-05,3.620339e-05,3.313445e-05,2.996857e-05,2.638875e-05,2.211618e-05,1.723481e-05,1.167543e-05,5.079308e-06,-2.795858e-06,-1.202076e-05,-2.249098e-05,-3.391142e-05,-4.585222e-05,-5.798457e-05,-7.013384e-05,-8.227762e-05,1.193807e-05,9.159732e-06,6.344927e-06,3.925767e-06,2.140249e-06,7.407585e-07,-3.788139e-07,-1.248926e-06,-1.930632e-06,-2.300727e-06,-2.330503e-06,-2.271912e-06,-2.471672e-06,-3.160744e-06,-4.395131e-06,-6.028811e-06,-7.792329e-06,-9.544161e-06
1.623949e-06,1.169598e-07,-5.220308e-05,8.959043e-04,7.733658e-04,6.401631e-04,5.390515e-04,4.721093e-04,4.334357e-04,4.150552e-04,4.048673e-04,3.967661e-04,3.859711e-04,3.757368e-04,3.666161e-04,3.588099e-04,3.529639e-04,3.494666e-04,3.481556e-04,3.480058e-04,3.477050e-04,9.217087e-05,7.982748e-05,6.748304e-05,5.513700e-05,4.273898e-05,3.077487e-05,1.964884e-05,9.275401e-06,-4.331040e-07,-9.508293e-06,-1.801022e-05,-2.601966e-05,-3.368734e-05,-4.114771e-05,-4.849953e-05,-5.585954e-05,-6.325834e-05,-7.065093e-05,-1.036464e-04,-8.723586e-05,-7.073424e-05,-5.545878e-05,-4.218304e-05,-3.049571e-05,-2.022314e-05,-1.130303e-05,-3.657271e-06,2.761224e-06,8.014356e-06,1.232159e-05,1.587860e-05,1.892321e-05,2.163562e-05,2.413375e-05,2.655631e-05,2.898738e-05,4.634268e-05,4.301549e-05,3.969141e-05,3.632135e-05,3.286018e-05,2.898636e-05,2.442810e-05,1.929860e-05,1.354245e-05,6.789388e-06,-1.212402e-06,-1.054145e-05,-2.109993e-05,-3.259827e-05,-4.461177e-05,-5.681478e-05,-6.903416e-05,-8.124801e-05,9.209148e-06,6.843531e-06,4.444767e-06,2.406725e-06,9.444392e-07,-2.018015e-07,-1.141971e-06,-1.902772e-06,-2.545200e-06,-2.932157e-06,-3.021989e-06,-3.057742e-06,-3.378106e-06,-4.206346e-06,-5.591298e-06,-7.382304e-06,-9.306096e-06,-1.121794e-05
1.946974e-06,-4.166286e-08,-5.240097e-05,6.772164e-04,6.401631e-04,6.068233e-04,5.506133e-04,5.042289e-04,4.680064e-04,4.438442e-04,4.256518e-04,4.108434e-04,3.953359e-04,3.820855e-04,3.711969e-04,3.622580e-04,3.553150e-04,3.502120e-04,3.467122e-04,3.440648e-04,3.412835e-04,5.814241e-05,4.887721e-05,3.961056e-05,3.034526e-05,2.103296e-05,1.218050e-05,4.141097e-06,-3.378120e-06,-1.056539e-05,-1.738456e-05,-2.383651e-05,-2.995183e-05,-3.583903e-05,-4.159333e-05,-4.727062e-05,-5.295870e-05,-5.868141e-05,-6.439818e-05,-3.853728e-05,-3.032735e-05,-2.205019e-05,-1.470271e-05,-8.851447e-06,-3.986199e-06,1.116824e-07,3.486745e-06,6.218906e-06,8.252191e-06,9.541157e-06,1.022021e-05,1.040296e-05,1.024600e-05,9.855349e-06,9.308443e-06,8.713360e-06,8.125193e-06,5.038175e-05,4.675610e-05,4.313358e-05,3.946858e-05,3.571813e-05,3.155617e-05,2.671813e-05,2.134659e-05,1.539998e-05,8.496690e-06,3.754276e-07,-9.050181e-06,-1.968892e-05,-3.125689e-05,-4.333479e-05,-5.560022e-05,-6.788150e-05,-8.015723e-05,6.757544e-06,4.813348e-06,2.839361e-06,1.190940e-06,5.944098e-08,-8.276074e-07,-1.584375e-06,-2.233996e-06,-2.837411e-06,-3.243591e-06,-3.397641e-06,-3.533298e-06,-3.980750e-06,-4.955139e-06,-6.497829e-06,-8.453444e-06,-1.054488e-05,-1.262409e-05
2.207487e-06,-2.308535e-07,-5.241343e-05,5.269736e-04,5.390515e-04,5.506133e-04,5.585011e-04,5.313113e-04,5.005805e-04,4.713920e-04,4.456453e-04,4.239157e-04,4.033366e-04,3.867552e-04,3.738887e-04,3.637395e-04,3.558228e-04,3.495197e-04,3.444845e-04,3.401095e-04,3.356106e-04,3.039925e-05,2.358941e-05,1.677777e-05,9.970138e-06,3.120511e-06,-3.243329e-06,-8.802365e-06,-1.403604e-05,-1.921914e-05,-2.424593e-05,-2.906410e-05,-3.366566e-05,-3.812957e-05,-4.252119e-05,-4.686303e-05,-5.122007e-05,-5.560932e-05,-5.999279e-05,5.658317e-06,7.956647e-06,1.029986e-05,1.198046e-05,1.260202e-05,1.274097e-05,1.264369e-05,1.232929e-05,1.186944e-05,1.110592e-05,9.894676e-06,8.305846e-06,6.392853e-06,4.253337e-06,1.941959e-06,-4.898669e-07,-2.952553e-06,-5.409313e-06,5.353168e-05,4.967089e-05,4.581324e-05,4.191620e-05,3.793881e-05,3.355162e-05,2.849569e-05,2.293959e-05,1.685386e-05,9.846660e-06,1.649043e-06,-7.831326e-06,-1.850838e-05,-3.010341e-05,-4.220243e-05,-5.448655e-05,-6.678597e-05,-7.907984e-05,4.322429e-06,2.729590e-06,1.110194e-06,-2.163537e-07,-1.078285e-06,-1.755825e-06,-2.365080e-06,-2.925025e-06,-3.495423e-06,-3.912023e-06,-4.108042e-06,-4.309718e-06,-4.840340e-06,-5.908811e-06,-7.551422e-06,-9.610145e-06,-1.180622e-05,-1.398994e-05
2.433071e-06,-4.270093e-07,-5.240829e-05,4.402874e-04,4.721093e-04,5.042289e-04,5.313113e-04,5.506369e-04,5.287718e-04,4.998790e-04,4.679655e-04,4.394600e-04,4.131478e-04,3.924871e-04,3.769942e-04,3.652221e-04,3.562711e-04,3.491411e-04,3.432953e-04,3.380650e-04,3.327103e-04,2.397099e-06,-1.890051e-06,-6.179064e-06,-1.046275e-05,-1.478114e-05,-1.862936e-05,-2.173927e-05,-2.475457e-05,-2.801237e-05,-3.131352e-05,-3.454173e-05,-3.765177e-05,-4.070010e-05,-4.372935e-05,-4.673773e-05,-4.977152e-05,-5.283769e-05,-5.589793e-05,2.162076e-05,2.104805e-05,2.050199e-05,1.951442e-05,1.783202e-05,1.604213e-05,1.438678e-05,1.285312e-05,1.149238e-05,1.003766e-05,8.251669e-06,6.172170e-06,3.828285e-06,1.292775e-06,-1.399953e-06,-4.205617e-06,-7.037225e-06,-9.863085e-06,5.637465e-05,5.228171e-05,4.819189e-05,4.406537e-05,3.986207e-05,3.525554e-05,2.999472e-05,2.427081e-05,1.806305e-05,1.096629e-05,2.702743e-06,-6.825607e-06,-1.753681e-05,-2.915627e-05,-4.127400e-05,-5.357404e-05,-6.588879e-05,-7.819804e-05,2.383905e-06,1.020380e-06,-3.670553e-07,-1.488746e-06,-2.189930e-06,-2.751146e-06,-3.286649e-06,-3.811066e-06,-4.381784e-06,-4.820588e-06,-5.049444e-06,-5.291025e-06,-5.866076e-06,-6.981267e-06,-8.671337e-06,-1.077774e-05,-1.302175e-05,-1.525338e-05
2.629950e-06,-5.022880e-07,-5.214517e-05,3.987170e-04,4.334357e-04,4.680064e-04,5.005805e-04,5.287718e-04,5.469333e-04,5.237734e-04,4.918561e-04,4.580349e-04,4.259965e-04,4.001752e-04,3.805356e-04,3.654697e-04,3.539450e-04,3.447439e-04,3.371725e-04,3.303446e-04,3.233821e-04,-9.076291e-06,-1.248286e-05,-1.589102e-05,-1.929421e-05,-2.272263e-05,-2.574095e-05,-2.813378e-05,-3.065693e-05,-3.368033e-05,-3.688666e-05,-4.008209e-05,-4.318609e-05,-4.624745e-05,-4.930378e-05,-5.235109e-05,-5.543310e-05,-5.855008e-05,-6.166081e-05,2.331447e-05,2.195870e-05,2.061764e-05,1.898150e-05,1.689252e-05,1.488153e-05,1.315803e-05,1.168354e-05,1.048826e-05,9.195370e-06,7.485766e-06,5.401032e-06,2.988394e-06,3.340263e-07,-2.517123e-06,-5.506258e-06,-8.531546e-06,-1.155038e-05,5.853088e-05,5.426456e-05,5.000128e-05,4.570340e-05,4.133071e-05,3.656806e-05,3.117339e-05,2.535241e-05,1.908913e-05,1.196328e-05,3.687795e-06,-5.840134e-06,-1.654065e-05,-2.814198e-05,-4.023697e-05,-5.251174e-05,-6.480065e-05,-7.708417e-05,1.841632e-06,5.535171e-07,-7.566631e-07,-1.820338e-06,-2.495424e-06,-3.053080e-06,-3.602514e-06,-4.155796e-06,-4.768012e-06,-5.247732e-06,-5.507008e-06,-5.768294e-06,-6.353211e-06,-7.469486e-06,-9.153421e-06,-1.124902e-05,-1.348047e-05,-1.569970e-05
2.841168e-06,-4.824308e-07,-5.172972e-05,3.861030e-04,4.150552e-04,4.438442e-04,4.713920e-04,4.998790e-04,5.237734e-04,5.398533e-04,5.142998e-04,4.814609e-04,4.450011e-04,4.135112e-04,3.877951e-04,3.667921e-04,3.497864e-04,3.356866e-04,3.238367e-04,3.130457e-04,3.021007e-04,7.989237e-06,2.446799e-06,-3.096826e-06,-8.636749e-06,-1.419261e-05,-1.942604e-05,-2.418903e-05,-2.925885e-05,-3.498110e-05,-4.089567e-05,-4.671619e-05,-5.233300e-05,-5.781440e-05,-6.322570e-05,-6.859978e-05,-7.400910e-05,-7.945815e-05,-8.490053e-05,1.781838e-05,1.710374e-05,1.639731e-05,1.547632e-05,1.423374e-05,1.309610e-05,1.220801e-05,1.149290e-05,1.094403e-05,1.006561e-05,8.463638e-06,6.222503e-06,3.456580e-06,3.082083e-07,-3.135013e-06,-6.775914e-06,-1.048014e-05,-1.417627e-05,6.044312e-05,5.606184e-05,5.168350e-05,4.727200e-05,4.278653e-05,3.792796e-05,3.246571e-05,2.660753e-05,2.033471e-05,1.320943e-05,4.934253e-06,-4.597157e-06,-1.530336e-05,-2.691190e-05,-3.901439e-05,-5.129567e-05,-6.359062e-05,-7.588033e-05,2.623733e-06,1.256908e-06,-1.308543e-07,-1.284184e-06,-2.069488e-06,-2.742442e-06,-3.403951e-06,-4.062396e-06,-4.768643e-06,-5.317539e-06,-5.611966e-06,-5.878340e-06,-6.444033e-06,-7.522127e-06,-9.153851e-06,-1.118868e-05,-1.335572e-05,-1.551084e-05
2.874156e-06,-5.282581e-07,-5.086863e-05,3.838692e-04,4.048673e-04,4.256518e-04,4.456453e-04,4.679655e-04,4.918561e-04,5.142998e-04,5.288823e-04,5.037581e-04,4.696515e-04,4.340279e-04,4.015047e-04,3.719776e-04,3.459404e-04,3.229450e-04,3.027785e-04,2.840160e-04,2.650824e-04,2.850084e-05,1.966779e-05,1.083393e-05,2.002417e-06,-6.838279e-06,-1.543292e-05,-2.368909e-05,-3.230610e-05,-4.156391e-05,-5.086600e-05,-5.983072e-05,-6.833049e-05,-7.647945e-05,-8.440516e-05,-9.222075e-05,-1.000610e-04,-1.079450e-04,-1.158222e-04,1.484767e-05,1.490762e-05,1.497314e-05,1.485413e-05,1.444840e-05,1.406207e-05,1.376303e-05,1.342932e-05,1.300958e-05,1.189118e-05,9.606638e-06,6.312984e-06,2.233187e-06,-2.401815e-06,-7.443837e-06,-1.274807e-05,-1.814699e-05,-2.353607e-05,6.013801e-05,5.580376e-05,5.147234e-05,4.710885e-05,4.267217e-05,3.787942e-05,3.251176e-05,2.676518e-05,2.061429e-05,1.360860e-05,5.442333e-06,-3.992529e-06,-1.461034e-05,-2.613586e-05,-3.815725e-05,-5.035668e-05,-6.256945e-05,-7.477715e-05,3.112567e-06,1.604244e-06,7.572256e-08,-1.225975e-06,-2.171099e-06,-2.996316e-06,-3.792234e-06,-4.561795e-06,-5.349900e-06,-5.939093e-06,-6.223713e-06,-6.436476e-06,-6.913521e-06,-7.875964e-06,-9.371760e-06,-1.125829e-05,-1.327178e-05,-1.527379e-05
2.731745e-06,-6.177306e-07,-4.969501e-05,3.825009e-04,3.967661e-04,4.108434e-04,4.239157e-04,4.394600e-04,4.580349e-04,4.814609e-04,5.037581e-04,5.209219e-04,4.962573e-04,4.632168e-04,4.249268e-04,3.854682e-04,3.471542e-04,3.110922e-04,2.780515e-04,2.466324e-04,2.150384e-04,3.782872e-05,2.585241e-05,1.387556e-05,1.899914e-06,-1.008098e-05,-2.186709e-05,-3.339301e-05,-4.520731e-05,-5.746871e-05,-6.946955e-05,-8.074233e-05,-9.114627e-05,-1.008561e-04,-1.100947e-04,-1.191016e-04,-1.281077e-04,-1.371584e-04,-1.462025e-04,2.025330e-05,2.049828e-05,2.074870e-05,2.080580e-05,2.052168e-05,2.006519e-05,1.941412e-05,1.838852e-05,1.687512e-05,1.418723e-05,9.814164e-06,4.016928e-06,-2.830988e-06,-1.038145e-05,-1.841952e-05,-2.675884e-05,-3.521539e-05,-4.366098e-05,5.764737e-05,5.352813e-05,4.941158e-05,4.526379e-05,4.104372e-05,3.648219e-05,3.136913e-05,2.587917e-05,1.997354e-05,1.319599e-05,5.235752e-06,-4.015940e-06,-1.446777e-05,-2.583916e-05,-3.771127e-05,-4.976136e-05,-6.182479e-05,-7.388328e-05,3.290534e-06,1.603825e-06,-1.026005e-07,-1.586283e-06,-2.715490e-06,-3.705022e-06,-4.633226e-06,-5.495259e-06,-6.326973e-06,-6.904512e-06,-7.117622e-06,-7.208231e-06,-7.525016e-06,-8.299887e-06,-9.587986e-06,-1.125494e-05,-1.304369e-05,-1.482140e-05
2.649047e-06,-8.356734e-07,-4.802804e-05,3.764546e-04,3.859711e-04,3.953359e-04,4.033366e-04,4.131478e-04,4.259965e-04,4.450011e-04,4.696515e-04,4.962573e-04,5.146997e-04,4.909543e-04,4.538401e-04,4.063916e-04,3.556576e-04,3.046160e-04,2.558495e-04,2.085355e-04,1.610770e-04,3.883588e-05,2.451931e-05,1.020236e-05,-4.114180e-06,-1.843406e-05,-3.258846e-05,-4.651490e-05,-6.059804e-05,-7.485607e-05,-8.850795e-05,-1.009914e-04,-1.121207e-04,-1.221143e-04,-1.313088e-04,-1.401019e-04,-1.488446e-04,-1.576245e-04,-1.663992e-04,2.999432e-05,2.923012e-05,2.847225e-05,2.750040e-05,2.611325e-05,2.436871e-05,2.217779e-05,1.932402e-05,1.564802e-05,1.045973e-05,3.227365e-06,-5.693642e-06,-1.577603e-05,-2.656799e-05,-3.781814e-05,-4.933502e-05,-6.096224e-05,-7.257944e-05,5.504861e-05,5.120072e-05,4.735535e-05,4.347972e-05,3.953403e-05,3.526225e-05,3.046254e-05,2.528613e-05,1.967945e-05,1.319055e-05,5.505541e-06,-3.488532e-06,-1.369773e-05,-2.483724e-05,-3.648140e-05,-4.830324e-05,-6.013849e-05,-7.196883e-05,2.022555e-06,2.606479e-07,-1.520466e-06,-3.083010e-06,-4.292509e-06,-5.342806e-06,-6.301744e-06,-7.158869e-06,-7.942477e-06,-8.432747e-06,-8.518072e-06,-8.446291e-06,-8.575962e-06,-9.146846e-06,-1.021763e-05,-1.165958e-05,-1.321981e-05,-1.476929e-05
2.708365e-06,-9.712451e-07,-4.642027e-05,3.692700e-04,3.757368e-04,3.820855e-04,3.867552e-04,3.924871e-04,4.001752e-04,4.135112e-04,4.340279e-04,4.632168e-04,4.909543e-04,5.105583e-04,4.827140e-04,4.365075e-04,3.779186e-04,3.144756e-04,2.508578e-04,1.878818e-04,1.248364e-04,2.891727e-05,1.433829e-05,-2.409983e-07,-1.482027e-05,-2.940248e-05,-4.382459e-05,-5.799792e-05,-7.214427e-05,-8.614429e-05,-9.918639e-05,-1.106377e-04,-1.202490e-04,-1.282367e-04,-1.350512e-04,-1.412577e-04,-1.473329e-04,-1.534250e-04,-1.595151e-04,3.909868e-05,3.586357e-05,3.263585e-05,2.917574e-05,2.524562e-05,2.084904e-05,1.588543e-05,1.015530e-05,3.503976e-06,-4.673908e-06,-1.486041e-05,-2.663372e-05,-3.935880e-05,-5.253514e-05,-6.594023e-05,-7.944860e-05,-9.300656e-05,-1.065590e-04,5.349656e-05,4.990716e-05,4.632015e-05,4.270391e-05,3.902080e-05,3.502467e-05,3.051804e-05,2.562885e-05,2.028878e-05,1.405580e-05,6.616277e-06,-2.148414e-06,-1.214687e-05,-2.309014e-05,-3.454465e-05,-4.617865e-05,-5.782658e-05,-6.946941e-05,5.074778e-07,-1.166817e-06,-2.859879e-06,-4.338283e-06,-5.465876e-06,-6.422514e-06,-7.272116e-06,-8.005224e-06,-8.648768e-06,-8.997592e-06,-8.947417e-06,-8.747969e-06,-8.761463e-06,-9.229133e-06,-1.020574e-05,-1.156009e-05,-1.303496e-05,-1.449882e-05
2.827939e-06,-1.024789e-06,-4.498286e-05,3.619417e-04,3.666161e-04,3.711969e-04,3.738887e-04,3.769942e-04,3.805356e-04,3.877951e-04,4.015047e-04,4.249268e-04,4.538401e-04,4.827140e-04,4.993661e-04,4.655095e-04,4.125032e-04,3.464637e-04,2.765192e-04,2.055471e-04,1.346614e-04,1.608009e-06,-9.413109e-06,-2.043454e-05,-3.145596e-05,-4.248112e-05,-5.333025e-05,-6.386511e-05,-7.415492e-05,-8.396315e-05,-9.249454e-05,-9.910200e-05,-1.034934e-04,-1.058219e-04,-1.066258e-04,-1.066171e-04,-1.063745e-04,-1.061152e-04,-1.058582e-04,4.540616e-05,3.941977e-05,3.344165e-05,2.721917e-05,2.049679e-05,1.327487e-05,5.489192e-06,-2.998462e-06,-1.229421e-05,-2.285347e-05,-3.503210e-05,-4.834289e-05,-6.207880e-05,-7.572990e-05,-8.915500e-05,-1.023752e-04,-1.155223e-04,-1.286724e-04,5.254507e-05,4.918660e-05,4.583038e-05,4.244595e-05,3.899834e-05,3.524749e-05,3.099641e-05,2.635109e-05,2.123058e-05,1.520772e-05,7.976272e-06,-5.841531e-07,-1.039175e-05,-2.115581e-05,-3.243601e-05,-4.389844e-05,-5.537577e-05,-6.684755e-05,-1.176866e-06,-2.621730e-06,-4.084987e-06,-5.337312e-06,-6.241902e-06,-6.971260e-06,-7.590959e-06,-8.097643e-06,-8.522017e-06,-8.680954e-06,-8.486718e-06,-8.190399e-06,-8.153988e-06,-8.616107e-06,-9.621589e-06,-1.102747e-05,-1.256274e-05,-1.408620e-05
3.161609e-06,-8.020033e-07,-4.370351e-05,3.552834e-04,3.588099e-04,3.622580e-04,3.637395e-04,3.652221e-04,3.654697e-04,3.667921e-04,3.719776e-04,3.854682e-04,4.063916e-04,4.365075e-04,4.655095e-04,4.831184e-04,4.519643e-04,4.032100e-04,3.439022e-04,2.815815e-04,2.194560e-04,-5.047043e-05,-5.293319e-05,-5.539636e-05,-5.785915e-05,-6.032745e-05,-6.258388e-05,-6.442090e-05,-6.576098e-05,-6.627085e-05,-6.520744e-05,-6.194778e-05,-5.617496e-05,-4.798709e-05,-3.798424e-05,-2.699019e-05,-1.564538e-05,-4.238269e-06,7.160686e-06,4.465361e-05,3.732448e-05,3.000407e-05,2.243702e-05,1.436803e-05,5.839923e-06,-3.133040e-06,-1.259019e-05,-2.255078e-05,-3.327448e-05,-4.493986e-05,-5.701049e-05,-6.874058e-05,-7.962910e-05,-8.962909e-05,-9.898212e-05,-1.080817e-04,-1.171964e-04,5.346729e-05,5.028266e-05,4.710016e-05,4.389054e-05,4.062217e-05,3.705738e-05,3.299593e-05,2.852194e-05,2.354316e-05,1.764975e-05,1.054708e-05,2.116321e-06,-7.567827e-06,-1.821409e-05,-2.937764e-05,-4.072642e-05,-5.209137e-05,-6.345010e-05,-1.499797e-06,-2.609211e-06,-3.736668e-06,-4.657536e-06,-5.235942e-06,-5.644067e-06,-5.955040e-06,-6.176830e-06,-6.348743e-06,-6.315032e-06,-6.010169e-06,-5.684119e-06,-5.694016e-06,-6.272809e-06,-7.453510e-06,-9.072514e-06,-1.083621e-05,-1.258674e-05
3.796801e-06,-3.558111e-07,-4.259394e-05,3.505347e-04,3.529639e-04,3.553150e-04,3.558228e-04,3.562711e-04,3.539450e-04,3.497864e-04,3.459404e-04,3.471542e-04,3.556576e-04,3.779186e-04,4.125032e-04,4.519643e-04,4.855437e-04,4.753987e-04,4.521898e-04,4.220499e-04,3.926110e-04,-1.228741e-04,-1.127841e-04,-1.026946e-04,-9.260407e-05,-8.252145e-05,-7.217577e-05,-6.127685e-05,-4.960771e-05,-3.675776e-05,-2.205530e-05,-4.917448e-06,1.500172e-05,3.766222e-05,6.240965e-05,8.832909e-05,1.147426e-04,1.412734e-04,1.677893e-04,3.350413e-05,2.742067e-05,2.134574e-05,1.503637e-05,8.263723e-06,1.161926e-06,-6.132325e-06,-1.351999e-05,-2.089261e-05,-2.827960e-05,-3.564803e-05,-4.244905e-05,-4.795013e-05,-5.169748e-05,-5.374040e-05,-5.459724e-05,-5.497999e-05,-5.539256e-05,5.715070e-05,5.402201e-05,5.089536e-05,4.774274e-05,4.453659e-05,4.103856e-05,3.704254e-05,3.261120e-05,2.764252e-05,2.174416e-05,1.463438e-05,6.196446e-06,-3.500669e-06,-1.416433e-05,-2.534613e-05,-3.671806e-05,-4.810753e-05,-5.948994e-05,-6.870287e-07,-1.375292e-06,-2.081235e-06,-2.586039e-06,-2.757433e-06,-2.774804e-06,-2.725281e-06,-2.633918e-06,-2.554263e-06,-2.362205e-06,-2.018216e-06,-1.766031e-06,-1.950499e-06,-2.793393e-06,-4.315582e-06,-6.325742e-06,-8.500548e-06,-1.066042e-05
4.460890e-06,3.795233e-07,-4.162310e-05,3.486223e-04,3.494666e-04,3.502120e-04,3.495197e-04,3.491411e-04,3.447439e-04,3.356866e-04,3.229450e-04,3.110922e-04,3.046160e-04,3.144756e-04,3.464637e-04,4.032100e-04,4.753987e-04,5.510026e-04,5.896218e-04,6.224026e-04,6.550862e-04,-2.008443e-04,-1.766387e-04,-1.524339e-04,-1.282270e-04,-1.040307e-04,-7.951141e-05,-5.429041e-05,-2.802307e-05,-2.410145e-07,2.964551e-05,6.217693e-05,9.774745e-05,1.364056e-04,1.774647e-04,2.199367e-04,2.631075e-04,3.064594e-04,3.497881e-04,8.503687e-06,6.532143e-06,4.568182e-06,2.401656e-06,-1.307185e-07,-2.745961e-06,-5.132912e-06,-7.005510e-06,-8.077493e-06,-8.110069e-06,-6.826766e-06,-3.700481e-06,1.941971e-06,1.045783e-05,2.162121e-05,3.457956e-05,4.825882e-05,6.189115e-05,6.127778e-05,5.818262e-05,5.508941e-05,5.197163e-05,4.880615e-05,4.535214e-05,4.139574e-05,3.697923e-05,3.199235e-05,2.605968e-05,1.891121e-05,1.042989e-05,6.757913e-07,-1.005880e-05,-2.132272e-05,-3.279039e-05,-4.427793e-05,-5.575737e-05,1.843866e-06,1.655388e-06,1.449643e-06,1.437599e-06,1.743185e-06,2.171381e-06,2.614072e-06,3.022648e-06,3.323143e-06,3.603497e-06,3.873603e-06,3.899950e-06,3.355458e-06,2.035865e-06,-5.697659e-08,-2.696273e-06,-5.523302e-06,-8.333309e-06
5.155439e-06,1.411165e-06,-4.077943e-05,3.494594e-04,3.481556e-04,3.467122e-04,3.444845e-04,3.432953e-04,3.371725e-04,3.238367e-04,3.027785e-04,2.780515e-04,2.558495e-04,2.508578e-04,2.765192e-04,3.439022e-04,4.521898e-04,5.896218e-04,7.397089e-04,8.647892e-04,9.939966e-04,-2.732902e-04,-2.354870e-04,-1.976848e-04,-1.598794e-04,-1.220870e-04,-8.391080e-05,-4.488585e-05,-4.559193e-06,3.757266e-05,8.200678e-05,1.292367e-04,1.797160e-04,2.336084e-04,2.902281e-04,3.485477e-04,4.078342e-04,4.673736e-04,5.268804e-04,-2.840910e-05,-2.419375e-05,-1.997238e-05,-1.590502e-05,-1.205415e-05,-7.942945e-06,-3.047058e-06,3.142768e-06,1.112806e-05,2.144105e-05,3.462163e-05,5.115546e-05,7.162707e-05,9.626841e-05,1.246190e-04,1.554362e-04,1.872436e-04,2.189849e-04,6.596843e-05,6.285729e-05,5.974803e-05,5.661575e-05,5.344188e-05,4.998222e-05,4.601440e-05,4.156216e-05,3.650889e-05,3.049566e-05,2.326361e-05,1.469394e-05,4.834945e-06,-6.024504e-06,-1.743292e-05,-2.906765e-05,-4.072552e-05,-5.237406e-05,6.369250e-06,6.709347e-06,7.032632e-06,7.540361e-06,8.343531e-06,9.224531e-06,1.004880e-05,1.073910e-05,1.119645e-05,1.146984e-05,1.153777e-05,1.117916e-05,1.008803e-05,8.081600e-06,5.192467e-06,1.690544e-06,-2.024942e-06,-5.721028e-06
5.887361e-06,2.465625e-06,-4.000452e-05,3.517568e-04,3.480058e-04,3.440648e-04,3.401095e-04,3.380650e-04,3.303446e-04,3.130457e-04,2.840160e-04,2.466324e-04,2.085355e-04,1.878818e-04,2.055471e-04,2.815815e-04,4.220499e-04,6.224026e-04,8.647892e-04,1.137246e-03,1.399439e-03,-3.390753e-04,-2.885582e-04,-2.380424e-04,-1.875223e-04,-1.370174e-04,-8.607022e-05,-3.413510e-05,1.933298e-05,7.485393e-05,1.328179e-04,1.936592e-04,2.578845e-04,3.257772e-04,3.966693e-04,4.695120e-04,5.435729e-04,6.179610e-04,6.923072e-04,-7.006010e-05,-5.886233e-05,-4.766035e-05,-3.655629e-05,-2.549452e-05,-1.378508e-05,-6.754747e-07,1.458014e-05,3.271257e-05,5.455692e-05,8.092418e-05,1.122533e-04,1.490301e-04,1.913543e-04,2.385180e-04,2.888666e-04,3.404979e-04,3.920425e-04,7.108132e-05,6.793080e-05,6.478210e-05,6.161202e-05,5.840663e-05,5.491864e-05,5.091785e-05,4.641176e-05,4.127983e-05,3.518096e-05,2.786860e-05,1.922289e-05,9.279789e-06,-1.677048e-06,-1.319745e-05,-2.496390e-05,-3.675656e-05,-4.853861e-05,1.076568e-05,1.170094e-05,1.261985e-05,1.371347e-05,1.507816e-05,1.647155e-05,1.773123e-05,1.875007e-05,1.940259e-05,1.969813e-05,1.958292e-05,1.884872e-05,1.721127e-05,1.450978e-05,1.080881e-05,6.423749e-06,1.796896e-06,-2.808011e-06
6.594063e-06,3.501387e-06,-3.921592e-05,3.538868e-04,3.477050e-04,3.412835e-04,3.356106e-04,3.327103e-04,3.233821e-04,3.021007e-04,2.650824e-04,2.150384e-04,1.610770e-04,1.248364e-04,1.346614e-04,2.194560e-04,3.926110e-04,6.550862e-04,9.939966e-04,1.399439e-03,1.849734e-03,-4.049726e-04,-3.417123e-04,-2.784534e-04,-2.151890e-04,-1.519422e-04,-8.819456e-05,-2.331970e-05,4.332032e-05,1.122628e-04,1.837915e-04,2.582819e-04,3.362940e-04,4.182296e-04,5.034380e-04,5.908472e-04,6.797250e-04,7.690030e-04,8.582301e-04,-1.112919e-04,-9.317236e-05,-7.505041e-05,-5.697076e-05,-3.876069e-05,-1.951848e-05,1.735389e-06,2.598239e-05,5.418155e-05,8.747023e-05,1.269300e-04,1.729537e-04,2.259293e-04,2.858251e-04,3.516873e-04,4.214508e-04,4.927894e-04,5.640212e-04,7.594599e-05,7.276895e-05,6.959368e-05,6.639869e-05,6.317469e-05,5.967140e-05,5.565088e-05,5.110438e-05,4.590743e-05,3.973690e-05,3.235860e-05,2.365159e-05,1.363956e-05,2.601002e-06,-9.015213e-06,-2.089678e-05,-3.280736e-05,-4.470606e-05,1.501482e-05,1.654809e-05,1.806546e-05,1.974784e-05,2.167712e-05,2.358647e-05,2.528597e-05,2.663884e-05,2.749335e-05,2.781924e-05,2.753056e-05,2.643179e-05,2.426037e-05,2.087732e-05,1.637898e-05,1.112589e-05,5.603027e-06,1.046164e-07
-1.967976e-04,7.082172e-06,-2.433068e-06,1.256127e-04,9.217087e-05,5.814241e-05,3.039925e-05,2.397099e-06,-9.076291e-06,7.989237e-06,2.850084e-05,3.782872e-05,3.883588e-05,2.891727e-05,1.608009e-06,-5.047043e-05,-1.228741e-04,-2.008443e-04,-2.732902e-04,-3.390753e-04,-4.049726e-04,3.030975e-03,2.786172e-03,2.545695e-03,2.313857e-03,2.095032e-03,1.892125e-03,1.707216e-03,1.539999e-03,1.389178e-03,1.252289e-03,1.126768e-03,1.009879e-03,8.988226e-04,7.916264e-04,6.866234e-04,5.823138e-04,4.779915e-04,3.736576e-04,-3.089533e-04,-2.867012e-04,-2.644489e-04,-2.418579e-04,-2.177625e-04,-1.920202e-04,-1.654700e-04,-1.394079e-04,-1.150338e-04,-9.301859e-05,-7.381304e-05,-5.745984e-05,-4.414398e-05,-3.364201e-05,-2.512504e-05,-1.781505e-05,-1.116788e-05,-4.495354e-06,-1.473175e-03,-1.432049e-03,-1.390902e-03,-1.349829e-03,-1.309434e-03,-1.270018e-03,-1.232099e-03,-1.195593e-03,-1.160412e-03,-1.126180e-03,-1.093069e-03,-1.061136e-03,-1.030162e-03,-9.997963e-04,-9.698397e-04,-9.402408e-04,-9.108319e-04,-8.814080e-04,1.173852e-04,1.060776e-04,9.477159e-05,8.339745e-05,7.169122e-05,5.976528e-05,4.814600e-05,3.746844e-05,2.835799e-05,2.113104e-05,1.584250e-05,1.222838e-05,9.863288e-06,8.502520e-06,8.029905e-06,8.152400e-06,8.454856e-06,8.736955e-06
-1.964726e-04,6.922714e-06,-1.831494e-06,1.102556e-04,7.982748e-05,4.887721e-05,2.358941e-05,-1.890051e-06,-1.248286e-05,2.446799e-06,1.966779e-05,2.585241e-05,2.451931e-05,1.433829e-05,-9.413109e-06,-5.293319e-05,-1.127841e-04,-1.766387e-04,-2.354870e-04,-2.885582e-04,-3.417123e-04,2.786172e-03,2.588396e-03,2.389464e-03,2.195159e-03,2.009454e-03,1.835500e-03,1.675569e-03,1.529783e-03,1.397335e-03,1.276284e-03,1.164606e-03,1.060105e-03,9.604676e-04,8.640433e-04,7.694426e-04,6.754251e-04,5.814006e-04,4.873653e-04,-2.817227e-04,-2.611371e-04,-2.405514e-04,-2.196575e-04,-1.974076e-04,-1.736772e-04,-1.492226e-04,-1.252255e-04,-1.027779e-04,-8.245677e-05,-6.463465e-05,-4.933080e-05,-3.668623e-05,-2.649363e-05,-1.802472e-05,-1.060524e-05,-3.764974e-06,3.096778e-06,-1.487015e-03,-1.444002e-03,-1.400969e-03,-1.358001e-03,-1.315675e-03,-1.274275e-03,-1.234305e-03,-1.195686e-03,-1.158340e-03,-1.121899e-03,-1.086549e-03,-1.052360e-03,-1.019128e-03,-9.865026e-04,-9.542873e-04,-9.224388e-04,-8.907876e-04,-8.591207e-04,1.142363e-04,1.031986e-04,9.216254e-05,8.106062e-05,6.964600e-05,5.803454e-05,4.674029e-05,3.638383e-05,2.757775e-05,2.062552e-05,1.557234e-05,1.215584e-05,9.951787e-06,8.720064e-06,8.358369e-06,8.583739e-06,8.982610e-06,9.361561e-06
-1.961476e-04,6.763391e-06,-1.229861e-06,9.489774e-05,6.748304e-05,3.961056e-05,1.677777e-05,-6.179064e-06,-1.589102e-05,-3.096826e-06,1.083393e-05,1.387556e-05,1.020236e-05,-2.409983e-07,-2.043454e-05,-5.539636e-05,-1.026946e-04,-1.524339e-04,-1.976848e-04,-2.380424e-04,-2.784534e-04,2.545695e-03,2.389464e-03,2.233545e-03,2.076379e-03,1.923900e-03,1.778870e-03,1.643924e-03,1.519568e-03,1.405492e-03,1.300279e-03,1.202443e-03,1.110330e-03,1.022111e-03,9.364588e-04,8.522603e-04,7.685346e-04,6.848078e-04,6.010708e-04,-2.544911e-04,-2.355722e-04,-2.166533e-04,-1.974566e-04,-1.770524e-04,-1.553341e-04,-1.329753e-04,-1.110434e-04,-9.052229e-05,-7.189541e-05,-5.545686e-05,-4.120248e-05,-2.922935e-05,-1.934626e-05,-1.092552e-05,-3.396689e-06,3.636535e-06,1.068738e-05,-1.500855e-03,-1.455954e-03,-1.411035e-03,-1.366171e-03,-1.321915e-03,-1.278532e-03,-1.236510e-03,-1.195778e-03,-1.156267e-03,-1.117618e-03,-1.080028e-03,-1.043584e-03,-1.008093e-03,-9.732083e-04,-9.387344e-04,-9.046362e-04,-8.707429e-04,-8.368330e-04,1.110884e-04,1.003205e-04,8.955440e-05,7.872471e-05,6.760168e-05,5.630470e-05,4.533547e-05,3.530008e-05,2.679837e-05,2.012082e-05,1.530299e-05,1.208408e-05,1.004104e-05,8.938341e-06,8.687540e-06,9.015759e-06,9.511019e-06,9.986798e-06
-1.958230e-04,6.603627e-06,-6.283219e-07,7.953538e-05,5.513700e-05,3.034526e-05,9.970138e-06,-1.046275e-05,-1.929421e-05,-8.636749e-06,2.002417e-06,1.899914e-06,-4.114180e-06,-1.482027e-05,-3.145596e-05,-5.785915e-05,-9.260407e-05,-1.282270e-04,-1.598794e-04,-1.875223e-04,-2.151890e-04,2.313857e-03,2.195159e-03,2.076379e-03,1.957927e-03,1.838253e-03,1.722261e-03,1.612271e-03,1.509354e-03,1.413650e-03,1.324277e-03,1.240283e-03,1.160558e-03,1.083760e-03,1.008880e-03,9.350840e-04,8.616510e-04,7.882226e-04,7.147846e-04,-2.272720e-04,-2.100182e-04,-1.927645e-04,-1.752635e-04,-1.567035e-04,-1.369958e-04,-1.167315e-04,-9.686334e-05,-7.826764e-05,-6.133382e-05,-4.627774e-05,-3.307180e-05,-2.176909e-05,-1.219452e-05,-3.820990e-06,3.818161e-06,1.104531e-05,1.828621e-05,-1.514699e-03,-1.467910e-03,-1.421104e-03,-1.374346e-03,-1.328158e-03,-1.282792e-03,-1.238718e-03,-1.195873e-03,-1.154197e-03,-1.113339e-03,-1.073509e-03,-1.034810e-03,-9.970609e-04,-9.599164e-04,-9.231837e-04,-8.868358e-04,-8.507002e-04,-8.145471e-04,1.079373e-04,9.743932e-05,8.694319e-05,7.638571e-05,6.555429e-05,5.457180e-05,4.392762e-05,3.421337e-05,2.601608e-05,1.961330e-05,1.503091e-05,1.200970e-05,1.012780e-05,9.154231e-06,9.014442e-06,9.445630e-06,1.003740e-05,1.061013e-05
-1.954967e-04,6.445448e-06,-2.603762e-08,6.411607e-05,4.273898e-05,2.103296e-05,3.120511e-06,-1.478114e-05,-2.272263e-05,-1.419261e-05,-6.838279e-06,-1.008098e-05,-1.843406e-05,-2.940248e-05,-4.248112e-05,-6.032745e-05,-8.252145e-05,-1.040307e-04,-1.220870e-04,-1.370174e-04,-1.519422e-04,2.095032e-03,2.009454e-03,1.923900e-03,1.838253e-03,1.752960e-03,1.665577e-03,1.580651e-03,1.499137e-03,1.421809e-03,1.348268e-03,1.278113e-03,1.210773e-03,1.145391e-03,1.081279e-03,1.017883e-03,9.547391e-04,8.916057e-04,8.284632e-04,-2.000649e-04,-1.844757e-04,-1.688867e-04,-1.530808e-04,-1.363646e-04,-1.186671e-04,-1.004968e-04,-8.269214e-05,-6.602159e-05,-5.078072e-05,-3.710712e-05,-2.494973e-05,-1.431766e-05,-5.051898e-06,3.274072e-06,1.102316e-05,1.844383e-05,2.587440e-05,-1.528530e-03,-1.479855e-03,-1.431162e-03,-1.382509e-03,-1.334391e-03,-1.287041e-03,-1.240915e-03,-1.195957e-03,-1.152116e-03,-1.109051e-03,-1.066981e-03,-1.026027e-03,-9.860196e-04,-9.466159e-04,-9.076247e-04,-8.690275e-04,-8.306499e-04,-7.922541e-04,1.047982e-04,9.456978e-05,8.434341e-05,7.405794e-05,6.351790e-05,5.284968e-05,4.253031e-05,3.313693e-05,2.524378e-05,1.911548e-05,1.476822e-05,1.194440e-05,1.022331e-05,9.378581e-06,9.349510e-06,9.883377e-06,1.057137e-05,1.124075e-05
-1.951494e-04,6.303517e-06,5.513722e-07,4.910456e-05,3.077487e-05,1.218050e-05,-3.243329e-06,-1.862936e-05,-2.574095e-05,-1.942604e-05,-1.543292e-05,-2.186709e-05,-3.258846e-05,-4.382459e-05,-5.333025e-05,-6.258388e-05,-7.217577e-05,-7.951141e-05,-8.391080e-05,-8.607022e-05,-8.819456e-05,1.892125e-03,1.835500e-03,1.778870e-03,1.722261e-03,1.665577e-03,1.608515e-03,1.548353e-03,1.488473e-03,1.429597e-03,1.371999e-03,1.315778e-03,1.260915e-03,1.207038e-03,1.153782e-03,1.100870e-03,1.048099e-03,9.953453e-04,9.425829e-04,-1.733674e-04,-1.594142e-04,-1.454613e-04,-1.313223e-04,-1.164201e-04,-1.007025e-04,-8.459580e-05,-6.882351e-05,-5.404616e-05,-4.046560e-05,-2.814143e-05,-1.699897e-05,-7.003227e-06,1.988762e-06,1.030286e-05,1.819799e-05,2.584854e-05,3.350513e-05,-1.542142e-03,-1.491591e-03,-1.441024e-03,-1.390488e-03,-1.340451e-03,-1.291130e-03,-1.242963e-03,-1.195903e-03,-1.149907e-03,-1.104643e-03,-1.060343e-03,-1.017143e-03,-9.748865e-04,-9.332329e-04,-8.919928e-04,-8.511556e-04,-8.105455e-04,-7.699164e-04,1.018018e-04,9.183938e-05,8.187912e-05,7.186211e-05,6.160980e-05,5.125205e-05,4.125354e-05,3.217678e-05,2.458321e-05,1.872459e-05,1.460755e-05,1.197604e-05,1.041039e-05,9.688759e-06,9.764295e-06,1.039445e-05,1.117216e-05,1.193172e-05
-1.947707e-04,6.172354e-06,1.089421e-06,3.495419e-05,1.964884e-05,4.141097e-06,-8.802365e-06,-2.173927e-05,-2.813378e-05,-2.418903e-05,-2.368909e-05,-3.339301e-05,-4.651490e-05,-5.799792e-05,-6.386511e-05,-6.442090e-05,-6.127685e-05,-5.429041e-05,-4.488585e-05,-3.413510e-05,-2.331970e-05,1.707216e-03,1.675569e-03,1.643924e-03,1.612271e-03,1.580651e-03,1.548353e-03,1.514872e-03,1.476516e-03,1.436506e-03,1.395103e-03,1.353093e-03,1.310964e-03,1.268843e-03,1.226688e-03,1.184502e-03,1.142347e-03,1.100213e-03,1.058072e-03,-1.479282e-04,-1.355495e-04,-1.231711e-04,-1.106370e-04,-9.748106e-05,-8.366837e-05,-6.954369e-05,-5.571618e-05,-4.273887e-05,-3.072097e-05,-1.964548e-05,-9.414313e-06,5.154437e-08,8.878753e-06,1.729212e-05,2.544579e-05,3.343950e-05,4.143535e-05,-1.555378e-03,-1.502976e-03,-1.450558e-03,-1.398164e-03,-1.346234e-03,-1.294964e-03,-1.244780e-03,-1.195637e-03,-1.147504e-03,-1.100058e-03,-1.053543e-03,-1.008112e-03,-9.636218e-04,-9.197330e-04,-8.762584e-04,-8.331958e-04,-7.903676e-04,-7.475196e-04,9.893767e-05,8.923845e-05,7.954141e-05,6.979006e-05,5.982204e-05,4.977040e-05,4.008748e-05,3.132125e-05,2.402033e-05,1.842394e-05,1.452947e-05,1.208227e-05,1.066356e-05,1.005589e-05,1.022626e-05,1.094247e-05,1.179948e-05,1.263879e-05
-1.943377e-04,6.049361e-06,1.619688e-06,2.178515e-05,9.275401e-06,-3.378120e-06,-1.403604e-05,-2.475457e-05,-3.065693e-05,-2.925885e-05,-3.230610e-05,-4.520731e-05,-6.059804e-05,-7.214427e-05,-7.415492e-05,-6.576098e-05,-4.960771e-05,-2.802307e-05,-4.559193e-06,1.933298e-05,4.332032e-05,1.539999e-03,1.529783e-03,1.519568e-03,1.509354e-03,1.499137e-03,1.488473e-03,1.476516e-03,1.461991e-03,1.441113e-03,1.416682e-03,1.389491e-03,1.360722e-03,1.330958e-03,1.300496e-03,1.269622e-03,1.238664e-03,1.207734e-03,1.176797e-03,-1.243797e-04,-1.135159e-04,-1.026523e-04,-9.166157e-05,-8.018034e-05,-6.818714e-05,-5.594517e-05,-4.394893e-05,-3.264381e-05,-2.204686e-05,-1.206648e-05,-2.582209e-06,6.527956e-06,1.537298e-05,2.407491e-05,3.268080e-05,4.121353e-05,4.974442e-05,-1.568047e-03,-1.513828e-03,-1.459595e-03,-1.405376e-03,-1.351586e-03,-1.298402e-03,-1.246230e-03,-1.195032e-03,-1.144785e-03,-1.095175e-03,-1.046462e-03,-9.988128e-04,-9.520987e-04,-9.059836e-04,-8.602824e-04,-8.150016e-04,-7.699626e-04,-7.249028e-04,9.616109e-05,8.672938e-05,7.729993e-05,6.781841e-05,5.813752e-05,4.839314e-05,3.902526e-05,3.056721e-05,2.355479e-05,1.821482e-05,1.453579e-05,1.226462e-05,1.098356e-05,1.047971e-05,1.073400e-05,1.152483e-05,1.244945e-05,1.335685e-05
-1.938658e-04,5.919992e-06,2.157385e-06,9.609128e-06,-4.331040e-07,-1.056539e-05,-1.921914e-05,-2.801237e-05,-3.368033e-05,-3.498110e-05,-4.156391e-05,-5.746871e-05,-7.485607e-05,-8.614429e-05,-8.396315e-05,-6.627085e-05,-3.675776e-05,-2.410145e-07,3.757266e-05,7.485393e-05,1.122628e-04,1.389178e-03,1.397335e-03,1.405492e-03,1.413650e-03,1.421809e-03,1.429597e-03,1.436506e-03,1.441113e-03,1.442120e-03,1.435372e-03,1.424215e-03,1.409846e-03,1.393495e-03,1.375756e-03,1.357217e-03,1.338475e-03,1.319768e-03,1.301055e-03,-1.029306e-04,-9.356547e-05,-8.420024e-05,-7.473389e-05,-6.489526e-05,-5.467079e-05,-4.423953e-05,-3.397859e-05,-2.422297e-05,-1.489799e-05,-5.841176e-06,3.088041e-06,1.205226e-05,2.113993e-05,3.036718e-05,3.966979e-05,4.898992e-05,5.830403e-05,-1.580275e-03,-1.524273e-03,-1.468257e-03,-1.412247e-03,-1.356630e-03,-1.301562e-03,-1.247432e-03,-1.194203e-03,-1.141860e-03,-1.090101e-03,-1.039196e-03,-9.893325e-04,-9.403945e-04,-8.920502e-04,-8.441177e-04,-7.966134e-04,-7.493581e-04,-7.020812e-04,9.332791e-05,8.417651e-05,7.502745e-05,6.582827e-05,5.644535e-05,4.701698e-05,3.797070e-05,2.982489e-05,2.310225e-05,1.801735e-05,1.455029e-05,1.244991e-05,1.129978e-05,1.089178e-05,1.122105e-05,1.207694e-05,1.305926e-05,1.402488e-05
-1.933520e-04,5.761334e-06,2.683996e-06,-1.673505e-06,-9.508293e-06,-1.738456e-05,-2.424593e-05,-3.131352e-05,-3.688666e-05,-4.089567e-05,-5.086600e-05,-6.946955e-05,-8.850795e-05,-9.918639e-05,-9.249454e-05,-6.520744e-05,-2.205530e-05,2.964551e-05,8.200678e-05,1.328179e-04,1.837915e-04,1.252289e-03,1.276284e-03,1.300279e-03,1.324277e-03,1.348268e-03,1.371999e-03,1.395103e-03,1.416682e-03,1.435372e-03,1.449551e-03,1.455626e-03,1.457358e-03,1.455949e-03,1.452481e-03,1.447801e-03,1.442799e-03,1.437837e-03,1.432870e-03,-8.319506e-05,-7.537085e-05,-6.754647e-05,-5.964406e-05,-5.147480e-05,-4.302677e-05,-3.439147e-05,-2.582521e-05,-1.754919e-05,-9.396177e-06,-1.137262e-06,7.386306e-06,1.637568e-05,2.589624e-05,3.585457e-05,4.607001e-05,5.639878e-05,6.671712e-05,-1.592039e-03,-1.534288e-03,-1.476523e-03,-1.418757e-03,-1.361349e-03,-1.304433e-03,-1.248376e-03,-1.193143e-03,-1.138726e-03,-1.084834e-03,-1.031748e-03,-9.796743e-04,-9.285128e-04,-8.779364e-04,-8.277679e-04,-7.780343e-04,-7.285566e-04,-6.790566e-04,9.023877e-05,8.138642e-05,7.253649e-05,6.363815e-05,5.457037e-05,4.547336e-05,3.676206e-05,2.893963e-05,2.251524e-05,1.769126e-05,1.444008e-05,1.251252e-05,1.149356e-05,1.117994e-05,1.158123e-05,1.249823e-05,1.353380e-05,1.455321e-05
