2.269647e-05,-4.617899e-07,-1.415629e-07,9.506654e-07,1.188126e-06,1.425015e-06,1.616103e-06,1.781618e-06,1.926106e-06,2.081045e-06,2.105276e-06,2.001003e-06,1.940563e-06,1.984170e-06,2.071818e-06,2.316281e-06,2.781628e-06,3.268160e-06,3.777010e-06,4.313206e-06,4.830926e-06,-1.441985e-04,-1.439602e-04,-1.437219e-04,-1.434839e-04,-1.432447e-04,-1.429901e-04,-1.427124e-04,-1.423950e-04,-1.420491e-04,-1.416725e-04,-1.412795e-04,-1.408851e-04,-1.404853e-04,-1.400740e-04,-1.396532e-04,-1.392321e-04,-1.388162e-04,-1.383992e-04,3.833550e-06,3.873063e-06,3.912556e-06,3.947497e-06,3.969210e-06,3.978215e-06,3.965485e-06,3.931940e-06,3.874427e-06,3.787655e-06,3.681123e-06,3.561245e-06,3.442882e-06,3.330671e-06,3.215714e-06,3.096667e-06,2.980582e-06,2.865088e-06,1.886609e-04,1.823156e-04,1.759687e-04,1.696203e-04,1.633074e-04,1.570405e-04,1.508550e-04,1.447413e-04,1.386970e-04,1.326936e-04,1.267661e-04,1.209381e-04,1.152005e-04,1.095206e-04,1.038816e-04,9.828672e-05,9.271844e-05,8.714789e-05,-9.004823e-06,-7.990490e-06,-6.976370e-06,-5.958154e-06,-4.924268e-06,-3.891009e-06,-2.903688e-06,-2.017491e-06,-1.288047e-06,-7.415952e-07,-3.793055e-07,-1.738085e-07,-7.899344e-08,-7.156456e-08,-1.494944e-07,-2.876600e-07,-4.408424e-07,-5.920845e-07
-4.617899e-07,2.124099e-05,6.446407e-08,2.389424e-07,8.516760e-08,-3.091125e-08,-1.693921e-07,-3.130037e-07,-3.680793e-07,-3.534963e-07,-3.870463e-07,-4.525644e-07,-6.122040e-07,-7.114245e-07,-7.504228e-07,-5.868609e-07,-2.595726e-07,2.796389e-07,1.036029e-06,1.809174e-06,2.568616e-06,5.187386e-06,5.070723e-06,4.954159e-06,4.837272e-06,4.721546e-06,4.617723e-06,4.521785e-06,4.431830e-06,4.337204e-06,4.221123e-06,4.083747e-06,3.926441e-06,3.757711e-06,3.577974e-06,3.380070e-06,3.166475e-06,2.949181e-06,2.732584e-06,-1.342459e-04,-1.339160e-04,-1.335847e-04,-1.332424e-04,-1.329028e-04,-1.325611e-04,-1.322288e-04,-1.319113e-04,-1.316131e-04,-1.313355e-04,-1.310952e-04,-1.308818e-04,-1.306913e-04,-1.305261e-04,-1.303762e-04,-1.302296e-04,-1.300816e-04,-1.299328e-04,-8.840222e-06,-7.842160e-06,-6.844213e-06,-5.843582e-06,-4.831785e-06,-3.823306e-06,-2.860687e-06,-1.996448e-06,-1.281227e-06,-7.388528e-07,-3.689793e-07,-1.446517e-07,-2.073556e-08,2.633157e-08,-1.933829e-09,-8.413849e-08,-1.800140e-07,-2.740997e-07,1.574697e-04,1.547451e-04,1.520203e-04,1.492568e-04,1.464095e-04,1.433952e-04,1.401664e-04,1.366849e-04,1.329821e-04,1.290898e-04,1.250931e-04,1.210194e-04,1.169006e-04,1.127757e-04,1.086541e-04,1.045205e-04,1.003721e-04,9.622381e-05
-1.415629e-07,6.446407e-08,4.527430e-06,-3.809192e-05,-3.825040e-05,-3.839538e-05,-3.840450e-05,-3.840072e-05,-3.820791e-05,-3.790351e-05,-3.727259e-05,-3.641268e-05,-3.519127e-05,-3.401324e-05,-3.296005e-05,-3.202266e-05,-3.120967e-05,-3.049833e-05,-2.988018e-05,-2.931241e-05,-2.873459e-05,-1.781999e-06,-1.341203e-06,-9.003637e-07,-4.595930e-07,-1.827633e-08,4.048139e-07,7.990628e-07,1.187611e-06,1.581604e-06,1.967476e-06,2.335924e-06,2.682967e-06,3.014250e-06,3.336191e-06,3.652343e-06,3.969352e-06,4.288979e-06,4.608131e-06,-4.641211e-07,-5.629681e-07,-6.626939e-07,-7.410113e-07,-7.844490e-07,-8.116426e-07,-8.293582e-07,-8.349157e-07,-8.277566e-07,-7.921396e-07,-7.139044e-07,-6.003819e-07,-4.587354e-07,-2.988980e-07,-1.258721e-07,5.627550e-08,2.406188e-07,4.244845e-07,-4.389652e-06,-4.043656e-06,-3.697915e-06,-3.349273e-06,-2.993733e-06,-2.606597e-06,-2.167751e-06,-1.689367e-06,-1.167278e-06,-5.671239e-07,1.350727e-07,9.479095e-07,1.864255e-06,2.860017e-06,3.899272e-06,4.954467e-06,6.011001e-06,7.067054e-06,-1.274034e-07,2.655944e-09,1.345715e-07,2.456355e-07,3.237022e-07,3.883806e-07,4.475485e-07,5.019980e-07,5.559183e-07,5.948757e-07,6.130976e-07,6.304984e-07,6.755890e-07,7.668446e-07,9.075518e-07,1.084120e-06,1.272517e-06,1.459850e-06
9.506654e-07,2.389424e-07,-3.809192e-05,8.492517e-04,6.564404e-04,4.962063e-04,3.861228e-04,3.226076e-04,2.921491e-04,2.829069e-04,2.812703e-04,2.802678e-04,2.758375e-04,2.705732e-04,2.652036e-04,2.603250e-04,2.568456e-04,2.554443e-04,2.560577e-04,2.577412e-04,2.593019e-04,9.204729e-05,8.079474e-05,6.954168e-05,5.828532e-05,4.698722e-05,3.598792e-05,2.561959e-05,1.597029e-05,7.048573e-06,-1.218549e-06,-8.918081e-06,-1.614522e-05,-2.304045e-05,-2.973030e-05,-3.631797e-05,-4.290969e-05,-4.953278e-05,-5.615111e-05,-1.226614e-04,-1.047538e-04,-8.676211e-05,-6.988652e-05,-5.484336e-05,-4.140123e-05,-2.946462e-05,-1.897406e-05,-9.872774e-06,-2.050432e-06,4.616705e-06,1.035063e-05,1.535363e-05,1.985818e-05,2.404937e-05,2.804241e-05,3.196061e-05,3.588618e-05,3.094373e-05,2.872928e-05,2.651708e-05,2.426856e-05,2.194902e-05,1.932617e-05,1.619575e-05,1.261924e-05,8.545973e-06,3.713082e-06,-2.056960e-06,-8.815946e-06,-1.648738e-05,-2.485505e-05,-3.360398e-05,-4.249327e-05,-5.139496e-05,-6.029263e-05,8.756662e-06,6.719902e-06,4.656422e-06,2.882838e-06,1.573532e-06,5.470726e-07,-2.742852e-07,-9.128553e-07,-1.413370e-06,-1.685555e-06,-1.708376e-06,-1.666446e-06,-1.813806e-06,-2.319682e-06,-3.225108e-06,-4.423096e-06,-5.716218e-06,-7.000778e-06
1.188126e-06,8.516760e-08,-3.825040e-05,6.564404e-04,5.666557e-04,4.690573e-04,3.949724e-04,3.459236e-04,3.175874e-04,3.041200e-04,2.966554e-04,2.907197e-04,2.828101e-04,2.753113e-04,2.686285e-04,2.629088e-04,2.586254e-04,2.560629e-04,2.551024e-04,2.549927e-04,2.547724e-04,6.754231e-05,5.849805e-05,4.945301e-05,4.040680e-05,3.132250e-05,2.255613e-05,1.440383e-05,6.802965e-06,-3.107101e-07,-6.960354e-06,-1.318996e-05,-1.905872e-05,-2.467709e-05,-3.014356e-05,-3.553050e-05,-4.092344e-05,-4.634481e-05,-5.176162e-05,-7.594707e-05,-6.392264e-05,-5.183146e-05,-4.063870e-05,-3.091118e-05,-2.234750e-05,-1.482045e-05,-8.284350e-06,-2.681990e-06,2.021141e-06,5.870387e-06,9.026557e-06,1.163302e-05,1.386404e-05,1.585165e-05,1.768227e-05,1.945751e-05,2.123899e-05,3.394751e-05,3.150973e-05,2.907424e-05,2.660506e-05,2.406912e-05,2.123082e-05,1.789103e-05,1.413269e-05,9.915206e-06,4.967290e-06,-8.955655e-07,-7.730899e-06,-1.546704e-05,-2.389181e-05,-3.269405e-05,-4.163515e-05,-5.058824e-05,-5.953728e-05,6.758257e-06,5.023894e-06,3.265244e-06,1.770901e-06,6.984212e-07,-1.424910e-07,-8.324142e-07,-1.390912e-06,-1.862673e-06,-2.147241e-06,-2.214100e-06,-2.241333e-06,-2.477099e-06,-3.084983e-06,-4.100769e-06,-5.414072e-06,-6.824670e-06,-8.226512e-06
1.425015e-06,-3.091125e-08,-3.839538e-05,4.962063e-04,4.690573e-04,4.446292e-04,4.034439e-04,3.694578e-04,3.429173e-04,3.252136e-04,3.118840e-04,3.010339e-04,2.896714e-04,2.799628e-04,2.719847e-04,2.654351e-04,2.603480e-04,2.566090e-04,2.540448e-04,2.521050e-04,2.500672e-04,4.260754e-05,3.581876e-05,2.902892e-05,2.224006e-05,1.541677e-05,8.930401e-06,3.039781e-06,-2.469703e-06,-7.735976e-06,-1.273255e-05,-1.746007e-05,-2.194092e-05,-2.625466e-05,-3.047102e-05,-3.463096e-05,-3.879882e-05,-4.299203e-05,-4.718091e-05,-2.824120e-05,-2.222554e-05,-1.616062e-05,-1.077689e-05,-6.489461e-06,-2.924491e-06,7.822664e-08,2.551334e-06,4.553393e-06,6.043384e-06,6.988003e-06,7.485732e-06,7.619812e-06,7.504989e-06,7.218939e-06,6.818406e-06,6.382573e-06,5.951808e-06,3.690849e-05,3.425200e-05,3.159780e-05,2.891249e-05,2.616455e-05,2.311511e-05,1.957028e-05,1.563456e-05,1.127749e-05,6.219466e-06,2.690361e-07,-6.637082e-06,-1.443206e-05,-2.290789e-05,-3.175734e-05,-4.074421e-05,-4.974269e-05,-5.873710e-05,4.963051e-06,3.537461e-06,2.090044e-06,8.811716e-07,5.105470e-08,-5.999562e-07,-1.155515e-06,-1.632569e-06,-2.075770e-06,-2.374452e-06,-2.488397e-06,-2.588866e-06,-2.917789e-06,-3.632796e-06,-4.764198e-06,-6.198152e-06,-7.731621e-06,-9.256139e-06
1.616103e-06,-1.693921e-07,-3.840450e-05,3.861228e-04,3.949724e-04,4.034439e-04,4.092233e-04,3.893011e-04,3.667844e-04,3.453978e-04,3.265330e-04,3.106118e-04,2.955333e-04,2.833841e-04,2.739569e-04,2.665206e-04,2.607200e-04,2.561017e-04,2.524125e-04,2.492069e-04,2.459106e-04,2.227806e-05,1.728841e-05,1.229745e-05,7.309410e-06,2.290605e-06,-2.372256e-06,-6.445422e-06,-1.028020e-05,-1.407794e-05,-1.776115e-05,-2.129152e-05,-2.466318e-05,-2.793400e-05,-3.115186e-05,-3.433326e-05,-3.752579e-05,-4.074193e-05,-4.395382e-05,4.141090e-06,5.825161e-06,7.542116e-06,8.773569e-06,9.229053e-06,9.330930e-06,9.259732e-06,9.029471e-06,8.692654e-06,8.133345e-06,7.246000e-06,6.081995e-06,4.680479e-06,3.112995e-06,1.419592e-06,-3.620576e-07,-2.166317e-06,-3.966234e-06,3.921802e-05,3.638921e-05,3.356270e-05,3.070732e-05,2.779308e-05,2.457857e-05,2.087406e-05,1.680307e-05,1.234403e-05,7.209831e-06,1.203419e-06,-5.742859e-06,-1.356595e-05,-2.206164e-05,-3.092661e-05,-3.992720e-05,-4.893901e-05,-5.794675e-05,3.179832e-06,2.011683e-06,8.240750e-07,-1.489584e-07,-7.815640e-07,-1.279072e-06,-1.726557e-06,-2.137920e-06,-2.556948e-06,-2.863289e-06,-3.008013e-06,-3.156886e-06,-3.546779e-06,-4.330755e-06,-5.535404e-06,-7.044941e-06,-8.655116e-06,-1.025624e-05
1.781618e-06,-3.130037e-07,-3.840072e-05,3.226076e-04,3.459236e-04,3.694578e-04,3.893011e-04,4.034610e-04,3.874402e-04,3.662701e-04,3.428870e-04,3.220009e-04,3.027219e-04,2.875838e-04,2.762322e-04,2.676068e-04,2.610485e-04,2.558244e-04,2.515412e-04,2.477089e-04,2.437855e-04,1.758908e-06,-1.382296e-06,-4.524866e-06,-7.663530e-06,-1.082763e-05,-1.364722e-05,-1.592584e-05,-1.813515e-05,-2.052215e-05,-2.294094e-05,-2.530629e-05,-2.758506e-05,-2.981864e-05,-3.203824e-05,-3.424256e-05,-3.646551e-05,-3.871218e-05,-4.095450e-05,1.583685e-05,1.541719e-05,1.501706e-05,1.429342e-05,1.306068e-05,1.174920e-05,1.053632e-05,9.412623e-06,8.415656e-06,7.349857e-06,6.041342e-06,4.517784e-06,2.800519e-06,9.428588e-07,-1.029986e-06,-3.085573e-06,-5.160167e-06,-7.230549e-06,4.130283e-05,3.830388e-05,3.530721e-05,3.228366e-05,2.920383e-05,2.582856e-05,2.197388e-05,1.777990e-05,1.323140e-05,8.031532e-06,1.976770e-06,-5.004709e-06,-1.285287e-05,-2.136650e-05,-3.024522e-05,-3.925753e-05,-4.828060e-05,-5.729966e-05,1.760261e-06,7.601332e-07,-2.575137e-07,-1.080446e-06,-1.595272e-06,-2.007551e-06,-2.401002e-06,-2.786343e-06,-3.205620e-06,-3.528249e-06,-3.697054e-06,-3.875191e-06,-4.297665e-06,-5.115901e-06,-6.355352e-06,-7.899852e-06,-9.545181e-06,-1.118144e-05
1.926106e-06,-3.680793e-07,-3.820791e-05,2.921491e-04,3.175874e-04,3.429173e-04,3.667844e-04,3.874402e-04,4.007471e-04,3.837776e-04,3.603916e-04,3.356108e-04,3.121362e-04,2.932169e-04,2.788269e-04,2.677883e-04,2.593442e-04,2.526025e-04,2.470550e-04,2.420521e-04,2.369506e-04,-6.649165e-06,-9.145140e-06,-1.164229e-05,-1.413579e-05,-1.664778e-05,-1.885928e-05,-2.061247e-05,-2.246116e-05,-2.467641e-05,-2.702570e-05,-2.936703e-05,-3.164138e-05,-3.388450e-05,-3.612394e-05,-3.835679e-05,-4.061506e-05,-4.289895e-05,-4.517827e-05,1.707792e-05,1.608445e-05,1.510174e-05,1.390282e-05,1.237211e-05,1.089856e-05,9.635684e-06,8.555285e-06,7.679501e-06,6.732229e-06,5.479643e-06,3.952213e-06,2.184539e-06,2.397614e-07,-1.849188e-06,-4.039234e-06,-6.255765e-06,-8.467564e-06,4.288453e-05,3.975849e-05,3.663468e-05,3.348551e-05,3.028153e-05,2.679182e-05,2.283902e-05,1.857385e-05,1.398462e-05,8.763397e-06,2.699835e-06,-4.281385e-06,-1.212175e-05,-2.062216e-05,-2.948427e-05,-3.847810e-05,-4.748229e-05,-5.648254e-05,1.363423e-06,4.185570e-07,-5.424766e-07,-1.322892e-06,-1.818589e-06,-2.228253e-06,-2.631908e-06,-3.038399e-06,-3.488084e-06,-3.840700e-06,-4.031804e-06,-4.224391e-06,-4.654108e-06,-5.473153e-06,-6.708126e-06,-8.244729e-06,-9.880875e-06,-1.150806e-05
2.081045e-06,-3.534963e-07,-3.790351e-05,2.829069e-04,3.041200e-04,3.252136e-04,3.453978e-04,3.662701e-04,3.837776e-04,3.955596e-04,3.768364e-04,3.527753e-04,3.260610e-04,3.029883e-04,2.841462e-04,2.687573e-04,2.562972e-04,2.459662e-04,2.372837e-04,2.293771e-04,2.213576e-04,5.854344e-06,1.793359e-06,-2.268497e-06,-6.327639e-06,-1.039846e-05,-1.423303e-05,-1.772290e-05,-2.143759e-05,-2.563035e-05,-2.996404e-05,-3.422884e-05,-3.834439e-05,-4.236075e-05,-4.632575e-05,-5.026350e-05,-5.422705e-05,-5.821973e-05,-6.220751e-05,1.305113e-05,1.252737e-05,1.200962e-05,1.133467e-05,1.042408e-05,9.590397e-06,8.939593e-06,8.415562e-06,8.013366e-06,7.369744e-06,6.195986e-06,4.553928e-06,2.527370e-06,2.206046e-07,-2.302188e-06,-4.969814e-06,-7.683835e-06,-1.039193e-05,4.428705e-05,4.107674e-05,3.786858e-05,3.463611e-05,3.134946e-05,2.778941e-05,2.378706e-05,1.949460e-05,1.489834e-05,9.677482e-06,3.614108e-06,-3.369705e-06,-1.121429e-05,-1.972001e-05,-2.858765e-05,-3.758630e-05,-4.659496e-05,-5.559978e-05,1.936571e-06,9.340441e-07,-8.382335e-08,-9.299196e-07,-1.506362e-06,-2.000496e-06,-2.486260e-06,-2.969795e-06,-3.488372e-06,-3.891670e-06,-4.108528e-06,-4.304842e-06,-4.720474e-06,-5.511545e-06,-6.708264e-06,-8.200340e-06,-9.789294e-06,-1.136952e-05
2.105276e-06,-3.870463e-07,-3.727259e-05,2.812703e-04,2.966554e-04,3.118840e-04,3.265330e-04,3.428870e-04,3.603916e-04,3.768364e-04,3.875213e-04,3.691128e-04,3.441228e-04,3.180213e-04,2.941915e-04,2.725569e-04,2.534793e-04,2.366305e-04,2.218543e-04,2.081068e-04,1.942339e-04,2.088390e-05,1.441178e-05,7.939058e-06,1.468064e-06,-5.009662e-06,-1.130710e-05,-1.735653e-05,-2.367036e-05,-3.045373e-05,-3.726958e-05,-4.383825e-05,-5.006626e-05,-5.603725e-05,-6.184468e-05,-6.757143e-05,-7.331622e-05,-7.909312e-05,-8.486499e-05,1.087456e-05,1.091833e-05,1.096619e-05,1.087884e-05,1.058140e-05,1.029820e-05,1.007898e-05,9.834380e-06,9.526789e-06,8.707304e-06,7.033401e-06,4.620135e-06,1.630872e-06,-1.765177e-06,-5.459443e-06,-9.345821e-06,-1.330158e-05,-1.725012e-05,4.406394e-05,4.088808e-05,3.771427e-05,3.451698e-05,3.126605e-05,2.775423e-05,2.382116e-05,1.961046e-05,1.510353e-05,9.970276e-06,3.986684e-06,-2.926403e-06,-1.070624e-05,-1.915114e-05,-2.795939e-05,-3.689808e-05,-4.584654e-05,-5.479130e-05,2.294688e-06,1.188497e-06,6.750770e-08,-8.872855e-07,-1.580816e-06,-2.186501e-06,-2.770733e-06,-3.335671e-06,-3.914213e-06,-4.347023e-06,-4.556683e-06,-4.713704e-06,-5.064371e-06,-5.770693e-06,-6.867806e-06,-8.251213e-06,-9.727647e-06,-1.119568e-05
2.001003e-06,-4.525644e-07,-3.641268e-05,2.802678e-04,2.907197e-04,3.010339e-04,3.106118e-04,3.220009e-04,3.356108e-04,3.527753e-04,3.691128e-04,3.816892e-04,3.636175e-04,3.394087e-04,3.113534e-04,2.824419e-04,2.543689e-04,2.279459e-04,2.037366e-04,1.807154e-04,1.575661e-04,2.771921e-05,1.894388e-05,1.016815e-05,1.393313e-06,-7.385376e-06,-1.602134e-05,-2.446666e-05,-3.312329e-05,-4.210754e-05,-5.090090e-05,-5.916082e-05,-6.678416e-05,-7.389895e-05,-8.066847e-05,-8.726818e-05,-9.386738e-05,-1.004992e-04,-1.071262e-04,1.483518e-05,1.501454e-05,1.519789e-05,1.523958e-05,1.503126e-05,1.469665e-05,1.421950e-05,1.346795e-05,1.235902e-05,1.038955e-05,7.185369e-06,2.937703e-06,-2.079788e-06,-7.612024e-06,-1.350153e-05,-1.961175e-05,-2.580787e-05,-3.199595e-05,4.223959e-05,3.922124e-05,3.620486e-05,3.316559e-05,3.007336e-05,2.673093e-05,2.298438e-05,1.896168e-05,1.463443e-05,9.668325e-06,3.835664e-06,-2.943240e-06,-1.060149e-05,-1.893349e-05,-2.763238e-05,-3.646168e-05,-4.530075e-05,-5.413620e-05,2.425014e-06,1.188135e-06,-6.319009e-08,-1.151309e-06,-1.979702e-06,-2.705764e-06,-3.386906e-06,-4.019580e-06,-4.630056e-06,-5.054310e-06,-5.211556e-06,-5.279055e-06,-5.512282e-06,-6.081150e-06,-7.026066e-06,-8.248575e-06,-9.560323e-06,-1.086398e-05
1.940563e-06,-6.122040e-07,-3.519127e-05,2.758375e-04,2.828101e-04,2.896714e-04,2.955333e-04,3.027219e-04,3.121362e-04,3.260610e-04,3.441228e-04,3.636175e-04,3.771308e-04,3.597325e-04,3.325388e-04,2.977729e-04,2.605995e-04,2.232007e-04,1.874688e-04,1.528012e-04,1.180276e-04,2.845736e-05,1.796718e-05,7.476727e-06,-3.013431e-06,-1.350604e-05,-2.387739e-05,-3.408171e-05,-4.440086e-05,-5.484819e-05,-6.485140e-05,-7.399853e-05,-8.215344e-05,-8.947628e-05,-9.621360e-05,-1.026568e-04,-1.090631e-04,-1.154966e-04,-1.219264e-04,2.197224e-05,2.141218e-05,2.085676e-05,2.014455e-05,1.912805e-05,1.784969e-05,1.624429e-05,1.415323e-05,1.145975e-05,7.658228e-06,2.359015e-06,-4.177459e-06,-1.156487e-05,-1.947218e-05,-2.771519e-05,-3.615363e-05,-4.467292e-05,-5.318487e-05,4.033663e-05,3.751705e-05,3.469933e-05,3.185943e-05,2.896820e-05,2.583803e-05,2.232104e-05,1.852804e-05,1.441979e-05,9.665135e-06,4.034095e-06,-2.556094e-06,-1.003661e-05,-1.819876e-05,-2.673067e-05,-3.539278e-05,-4.406470e-05,-5.273304e-05,1.495788e-06,2.038389e-07,-1.102183e-06,-2.248057e-06,-3.135252e-06,-3.905809e-06,-4.609440e-06,-5.238490e-06,-5.813689e-06,-6.173971e-06,-6.237559e-06,-6.186046e-06,-6.282145e-06,-6.701523e-06,-7.487185e-06,-8.544799e-06,-9.689089e-06,-1.082549e-05
1.984170e-06,-7.114245e-07,-3.401324e-05,2.705732e-04,2.753113e-04,2.799628e-04,2.833841e-04,2.875838e-04,2.932169e-04,3.029883e-04,3.180213e-04,3.394087e-04,3.597325e-04,3.740969e-04,3.536952e-04,3.198392e-04,2.769103e-04,2.304248e-04,1.838111e-04,1.376676e-04,9.147326e-05,2.118994e-05,1.050739e-05,-1.753856e-07,-1.085815e-05,-2.154307e-05,-3.211068e-05,-4.249600e-05,-5.286157e-05,-6.311995e-05,-7.267647e-05,-8.106744e-05,-8.811021e-05,-9.396340e-05,-9.895700e-05,-1.035051e-04,-1.079570e-04,-1.124213e-04,-1.168840e-04,2.864239e-05,2.627190e-05,2.390682e-05,2.137147e-05,1.849174e-05,1.527024e-05,1.163328e-05,7.434716e-06,2.561209e-06,-3.430794e-06,-1.089451e-05,-1.952087e-05,-2.884459e-05,-3.849893e-05,-4.832088e-05,-5.821848e-05,-6.815243e-05,-7.808235e-05,3.920050e-05,3.657029e-05,3.394183e-05,3.129194e-05,2.859307e-05,2.566483e-05,2.236255e-05,1.877996e-05,1.486702e-05,1.029984e-05,4.848626e-06,-1.573536e-06,-8.899681e-06,-1.691809e-05,-2.531109e-05,-3.383560e-05,-4.237032e-05,-5.090131e-05,3.859996e-07,-8.417330e-07,-2.083217e-06,-3.167419e-06,-3.994578e-06,-4.696489e-06,-5.319987e-06,-5.858147e-06,-6.330700e-06,-6.587324e-06,-6.551611e-06,-6.406536e-06,-6.417492e-06,-6.761228e-06,-7.477866e-06,-8.471285e-06,-9.553006e-06,-1.062667e-05
2.071818e-06,-7.504228e-07,-3.296005e-05,2.652036e-04,2.686285e-04,2.719847e-04,2.739569e-04,2.762322e-04,2.788269e-04,2.841462e-04,2.941915e-04,3.113534e-04,3.325388e-04,3.536952e-04,3.658964e-04,3.410892e-04,3.022506e-04,2.538625e-04,2.026131e-04,1.506107e-04,9.867163e-05,1.180543e-06,-6.895192e-06,-1.497116e-05,-2.304712e-05,-3.112582e-05,-3.907553e-05,-4.679498e-05,-5.433489e-05,-6.152197e-05,-6.777352e-05,-7.261541e-05,-7.583357e-05,-7.754032e-05,-7.812994e-05,-7.812416e-05,-7.794698e-05,-7.775758e-05,-7.756993e-05,3.326247e-05,2.887614e-05,2.449587e-05,1.993655e-05,1.501096e-05,9.719349e-06,4.014689e-06,-2.204296e-06,-9.015351e-06,-1.675217e-05,-2.567550e-05,-3.542834e-05,-4.549267e-05,-5.549484e-05,-6.533141e-05,-7.501782e-05,-8.465070e-05,-9.428577e-05,3.850348e-05,3.604245e-05,3.358309e-05,3.110305e-05,2.857673e-05,2.582820e-05,2.271316e-05,1.930925e-05,1.555718e-05,1.114393e-05,5.845167e-06,-4.273433e-07,-7.613656e-06,-1.550077e-05,-2.376607e-05,-3.216490e-05,-4.057464e-05,-4.898031e-05,-8.468618e-07,-1.906483e-06,-2.979581e-06,-3.898127e-06,-4.561887e-06,-5.097263e-06,-5.552307e-06,-5.924564e-06,-6.236530e-06,-6.354024e-06,-6.212760e-06,-5.996710e-06,-5.971104e-06,-6.310776e-06,-7.048576e-06,-8.079753e-06,-9.205739e-06,-1.032307e-05
2.316281e-06,-5.868609e-07,-3.202266e-05,2.603250e-04,2.629088e-04,2.654351e-04,2.665206e-04,2.676068e-04,2.677883e-04,2.687573e-04,2.725569e-04,2.824419e-04,2.977729e-04,3.198392e-04,3.410892e-04,3.539912e-04,3.311640e-04,2.954408e-04,2.519849e-04,2.063214e-04,1.608011e-04,-3.697760e-05,-3.878254e-05,-4.058778e-05,-4.239274e-05,-4.420175e-05,-4.585551e-05,-4.720197e-05,-4.818432e-05,-4.855840e-05,-4.777975e-05,-4.539189e-05,-4.116266e-05,-3.516390e-05,-2.783531e-05,-1.978047e-05,-1.146862e-05,-3.111123e-06,5.240397e-06,3.270905e-05,2.733895e-05,2.197524e-05,1.643081e-05,1.051860e-05,4.270008e-06,-2.304524e-06,-9.233802e-06,-1.653193e-05,-2.438917e-05,-3.293638e-05,-4.178049e-05,-5.037508e-05,-5.835302e-05,-6.567993e-05,-7.253281e-05,-7.920000e-05,-8.587822e-05,3.917881e-05,3.684518e-05,3.451312e-05,3.216119e-05,2.976621e-05,2.715403e-05,2.417795e-05,2.089959e-05,1.725137e-05,1.293299e-05,7.728588e-06,1.551089e-06,-5.544773e-06,-1.334558e-05,-2.152541e-05,-2.984095e-05,-3.816835e-05,-4.649119e-05,-1.081486e-06,-1.895328e-06,-2.722391e-06,-3.398084e-06,-3.822855e-06,-4.122872e-06,-4.351724e-06,-4.515252e-06,-4.642257e-06,-4.618617e-06,-4.396315e-06,-4.158502e-06,-4.166848e-06,-4.592030e-06,-5.458235e-06,-6.645591e-06,-7.938968e-06,-9.222698e-06
2.781628e-06,-2.595726e-07,-3.120967e-05,2.568456e-04,2.586254e-04,2.603480e-04,2.607200e-04,2.610485e-04,2.593442e-04,2.562972e-04,2.534793e-04,2.543689e-04,2.605995e-04,2.769103e-04,3.022506e-04,3.311640e-04,3.557676e-04,3.483338e-04,3.313280e-04,3.092438e-04,2.876732e-04,-9.002823e-05,-8.263558e-05,-7.524335e-05,-6.785032e-05,-6.046310e-05,-5.288313e-05,-4.489779e-05,-3.634811e-05,-2.693328e-05,-1.616110e-05,-3.604527e-06,1.098992e-05,2.759296e-05,4.572509e-05,6.471596e-05,8.406880e-05,1.035077e-04,1.229355e-04,2.453750e-05,2.008019e-05,1.562913e-05,1.100630e-05,6.044010e-06,8.405618e-07,-4.503884e-06,-9.916755e-06,-1.531858e-05,-2.073091e-05,-2.612962e-05,-3.111256e-05,-3.514301e-05,-3.788849e-05,-3.938511e-05,-4.001267e-05,-4.029286e-05,-4.059489e-05,4.187688e-05,3.958429e-05,3.729318e-05,3.498304e-05,3.263368e-05,3.007046e-05,2.714235e-05,2.389527e-05,2.025449e-05,1.593251e-05,1.072291e-05,4.540178e-06,-2.565165e-06,-1.037870e-05,-1.857189e-05,-2.690438e-05,-3.524973e-05,-4.358990e-05,-4.836713e-07,-9.889474e-07,-1.507178e-06,-1.878033e-06,-2.004600e-06,-2.018328e-06,-1.983063e-06,-1.917167e-06,-1.859873e-06,-1.720239e-06,-1.469299e-06,-1.285637e-06,-1.421923e-06,-2.040643e-06,-3.157089e-06,-4.631078e-06,-6.225707e-06,-7.809393e-06
3.268160e-06,2.796389e-07,-3.049833e-05,2.554443e-04,2.560629e-04,2.566090e-04,2.561017e-04,2.558244e-04,2.526025e-04,2.459662e-04,2.366305e-04,2.279459e-04,2.232007e-04,2.304248e-04,2.538625e-04,2.954408e-04,3.483338e-04,4.037292e-04,4.320256e-04,4.560441e-04,4.799915e-04,-1.471579e-04,-1.294225e-04,-1.116877e-04,-9.395144e-05,-7.622287e-05,-5.825771e-05,-3.977837e-05,-2.053238e-05,-1.765619e-07,2.172119e-05,4.555686e-05,7.161929e-05,9.994406e-05,1.300279e-04,1.611471e-04,1.927782e-04,2.245421e-04,2.562890e-04,6.216835e-06,4.772454e-06,3.333630e-06,1.746381e-06,-1.089274e-07,-2.024945e-06,-3.773676e-06,-5.145516e-06,-5.930711e-06,-5.954298e-06,-5.013712e-06,-2.722740e-06,1.411860e-06,7.651841e-06,1.583169e-05,2.532673e-05,3.534999e-05,4.533887e-05,4.490013e-05,4.263213e-05,4.036556e-05,3.808098e-05,3.576147e-05,3.323053e-05,3.033148e-05,2.709530e-05,2.344121e-05,1.909412e-05,1.385620e-05,7.641696e-06,4.946173e-07,-7.370875e-06,-1.562420e-05,-2.402683e-05,-3.244402e-05,-4.085527e-05,1.373548e-06,1.234446e-06,1.082693e-06,1.072864e-06,1.295760e-06,1.608475e-06,1.931787e-06,2.230073e-06,2.449140e-06,2.653427e-06,2.850189e-06,2.868334e-06,2.468212e-06,1.500167e-06,-3.444451e-08,-1.969451e-06,-4.042012e-06,-6.102103e-06
3.777010e-06,1.036029e-06,-2.988018e-05,2.560577e-04,2.551024e-04,2.540448e-04,2.524125e-04,2.515412e-04,2.470550e-04,2.372837e-04,2.218543e-04,2.037366e-04,1.874688e-04,1.838111e-04,2.026131e-04,2.519849e-04,3.313280e-04,4.320256e-04,5.419959e-04,6.336435e-04,7.283150e-04,-2.002399e-04,-1.725413e-04,-1.448435e-04,-1.171433e-04,-8.945274e-05,-6.148090e-05,-3.288718e-05,-3.339700e-06,2.753044e-05,6.008746e-05,9.469297e-05,1.316792e-04,1.711663e-04,2.126518e-04,2.553827e-04,2.988220e-04,3.424466e-04,3.860475e-04,-2.083254e-05,-1.774363e-05,-1.465031e-05,-1.166984e-05,-8.847982e-06,-5.835372e-06,-2.247799e-06,2.287876e-06,8.139130e-06,1.569594e-05,2.535388e-05,3.746878e-05,5.246894e-05,7.052431e-05,9.129749e-05,1.138779e-04,1.371840e-04,1.604415e-04,4.833625e-05,4.605658e-05,4.377830e-05,4.148314e-05,3.915751e-05,3.662248e-05,3.371511e-05,3.045279e-05,2.675008e-05,2.234400e-05,1.704487e-05,1.076565e-05,3.541738e-06,-4.415214e-06,-1.277440e-05,-2.129941e-05,-2.984138e-05,-3.837651e-05,4.692707e-06,4.940865e-06,5.176705e-06,5.547686e-06,6.135132e-06,6.779583e-06,7.382439e-06,7.887100e-06,8.221040e-06,8.420172e-06,8.468739e-06,8.204769e-06,7.404057e-06,5.932703e-06,3.814583e-06,1.247465e-06,-1.476136e-06,-4.185523e-06
4.313206e-06,1.809174e-06,-2.931241e-05,2.577412e-04,2.549927e-04,2.521050e-04,2.492069e-04,2.477089e-04,2.420521e-04,2.293771e-04,2.081068e-04,1.807154e-04,1.528012e-04,1.376676e-04,1.506107e-04,2.063214e-04,3.092438e-04,4.560441e-04,6.336435e-04,8.332753e-04,1.025387e-03,-2.484412e-04,-2.114270e-04,-1.744137e-04,-1.373973e-04,-1.003920e-04,-6.306266e-05,-2.500943e-05,1.416699e-05,5.484756e-05,9.731810e-05,1.418969e-04,1.889551e-04,2.387004e-04,2.906435e-04,3.440156e-04,3.982804e-04,4.527849e-04,5.072587e-04,-5.135389e-05,-4.314879e-05,-3.494061e-05,-2.680418e-05,-1.869873e-05,-1.011871e-05,-5.127679e-07,1.066560e-05,2.395187e-05,3.995793e-05,5.927797e-05,8.223366e-05,1.091809e-04,1.401927e-04,1.747506e-04,2.116420e-04,2.494732e-04,2.872411e-04,5.208144e-05,4.977298e-05,4.746584e-05,4.514305e-05,4.279438e-05,4.023864e-05,3.730716e-05,3.400544e-05,3.024514e-05,2.577635e-05,2.041842e-05,1.408352e-05,6.798018e-06,-1.230257e-06,-9.671460e-06,-1.829295e-05,-2.693365e-05,-3.556657e-05,7.917660e-06,8.601864e-06,9.274087e-06,1.007432e-05,1.107316e-05,1.209299e-05,1.301483e-05,1.376016e-05,1.423705e-05,1.445234e-05,1.436666e-05,1.382742e-05,1.262636e-05,1.064566e-05,7.932639e-06,4.718371e-06,1.326939e-06,-2.048414e-06
4.830926e-06,2.568616e-06,-2.873459e-05,2.593019e-04,2.547724e-04,2.500672e-04,2.459106e-04,2.437855e-04,2.369506e-04,2.213576e-04,1.942339e-04,1.575661e-04,1.180276e-04,9.147326e-05,9.867163e-05,1.608011e-04,2.876732e-04,4.799915e-04,7.283150e-04,1.025387e-03,1.355323e-03,-2.967248e-04,-2.503734e-04,-2.040230e-04,-1.576686e-04,-1.113272e-04,-6.461871e-05,-1.708433e-05,3.174341e-05,8.225815e-05,1.346678e-04,1.892475e-04,2.464075e-04,3.064423e-04,3.688750e-04,4.329203e-04,4.980416e-04,5.634561e-04,6.288334e-04,-8.156807e-05,-6.829122e-05,-5.501262e-05,-4.176501e-05,-2.842182e-05,-1.432238e-05,1.251057e-06,1.901760e-05,3.967997e-05,6.407151e-05,9.298466e-05,1.267073e-04,1.655236e-04,2.094105e-04,2.576690e-04,3.087860e-04,3.610571e-04,4.132500e-04,5.564477e-05,5.331693e-05,5.099039e-05,4.864939e-05,4.628714e-05,4.372025e-05,4.077436e-05,3.744307e-05,3.363519e-05,2.911393e-05,2.370772e-05,1.732795e-05,9.991974e-06,1.903856e-06,-6.607521e-06,-1.531333e-05,-2.404039e-05,-3.275876e-05,1.103467e-05,1.215700e-05,1.326769e-05,1.449928e-05,1.591175e-05,1.730960e-05,1.855365e-05,1.954367e-05,2.016850e-05,2.040597e-05,2.019312e-05,1.938670e-05,1.779432e-05,1.531418e-05,1.201685e-05,8.166511e-06,4.118498e-06,8.840383e-08
-1.441985e-04,5.187386e-06,-1.781999e-06,9.204729e-05,6.754231e-05,4.260754e-05,2.227806e-05,1.758908e-06,-6.649165e-06,5.854344e-06,2.088390e-05,2.771921e-05,2.845736e-05,2.118994e-05,1.180543e-06,-3.697760e-05,-9.002823e-05,-1.471579e-04,-2.002399e-04,-2.484412e-04,-2.967248e-04,2.220839e-03,2.041469e-03,1.865268e-03,1.695397e-03,1.535061e-03,1.386388e-03,1.250903e-03,1.128380e-03,1.017871e-03,9.175706e-04,8.255998e-04,7.399537e-04,6.585811e-04,5.800371e-04,5.031001e-04,4.266712e-04,3.502330e-04,2.737863e-04,-2.263608e-04,-2.100564e-04,-1.937518e-04,-1.771991e-04,-1.595441e-04,-1.406823e-04,-1.212286e-04,-1.021326e-04,-8.427335e-05,-6.814255e-05,-5.407035e-05,-4.208811e-05,-3.233134e-05,-2.463635e-05,-1.839581e-05,-1.303968e-05,-8.169215e-06,-3.280179e-06,-1.079419e-03,-1.049286e-03,-1.019137e-03,-9.890428e-04,-9.594449e-04,-9.305644e-04,-9.027812e-04,-8.760335e-04,-8.502568e-04,-8.251748e-04,-8.009152e-04,-7.775185e-04,-7.548247e-04,-7.325767e-04,-7.106286e-04,-6.889426e-04,-6.673959e-04,-6.458382e-04,8.599998e-05,7.771490e-05,6.943093e-05,6.109707e-05,5.251989e-05,4.378172e-05,3.526823e-05,2.744475e-05,2.076949e-05,1.547427e-05,1.159928e-05,8.951093e-06,7.218018e-06,6.220779e-06,5.874266e-06,5.963781e-06,6.185153e-06,6.391611e-06
-1.439602e-04,5.070723e-06,-1.341203e-06,8.079474e-05,5.849805e-05,3.581876e-05,1.728841e-05,-1.382296e-06,-9.145140e-06,1.793359e-06,1.441178e-05,1.894388e-05,1.796718e-05,1.050739e-05,-6.895192e-06,-3.878254e-05,-8.263558e-05,-1.294225e-04,-1.725413e-04,-2.114270e-04,-2.503734e-04,2.041469e-03,1.896555e-03,1.750795e-03,1.608425e-03,1.472357e-03,1.344898e-03,1.227714e-03,1.120895e-03,1.023848e-03,9.351524e-04,8.533240e-04,7.767548e-04,7.037493e-04,6.330980e-04,5.637830e-04,4.948953e-04,4.260026e-04,3.571019e-04,-2.064098e-04,-1.913264e-04,-1.762429e-04,-1.609336e-04,-1.446308e-04,-1.272431e-04,-1.093249e-04,-9.174191e-05,-7.529417e-05,-6.040461e-05,-4.734605e-05,-3.613265e-05,-2.686774e-05,-1.939942e-05,-1.319409e-05,-7.757720e-06,-2.745768e-06,2.281927e-06,-1.089559e-03,-1.058043e-03,-1.026512e-03,-9.950290e-04,-9.640165e-04,-9.336828e-04,-9.043963e-04,-8.761003e-04,-8.487373e-04,-8.220374e-04,-7.961367e-04,-7.710875e-04,-7.467390e-04,-7.228354e-04,-6.992324e-04,-6.758981e-04,-6.527085e-04,-6.295073e-04,8.369372e-05,7.560637e-05,6.752022e-05,5.938584e-05,5.102233e-05,4.251460e-05,3.423926e-05,2.665106e-05,2.019883e-05,1.510489e-05,1.140236e-05,8.898970e-06,7.283895e-06,6.381209e-06,6.115968e-06,6.280861e-06,6.572879e-06,6.850301e-06
-1.437219e-04,4.954159e-06,-9.003637e-07,6.954168e-05,4.945301e-05,2.902892e-05,1.229745e-05,-4.524866e-06,-1.164229e-05,-2.268497e-06,7.939058e-06,1.016815e-05,7.476727e-06,-1.753856e-07,-1.497116e-05,-4.058778e-05,-7.524335e-05,-1.116877e-04,-1.448435e-04,-1.744137e-04,-2.040230e-04,1.865268e-03,1.750795e-03,1.636551e-03,1.521393e-03,1.409670e-03,1.303404e-03,1.204527e-03,1.113410e-03,1.029825e-03,9.527338e-04,8.810477e-04,8.135552e-04,7.489166e-04,6.861580e-04,6.244648e-04,5.631182e-04,5.017708e-04,4.404158e-04,-1.864580e-04,-1.725957e-04,-1.587335e-04,-1.446678e-04,-1.297173e-04,-1.138039e-04,-9.742125e-05,-8.135134e-05,-6.631522e-05,-5.266700e-05,-4.062218e-05,-3.017773e-05,-2.140478e-05,-1.416322e-05,-7.993182e-06,-2.476684e-06,2.676658e-06,7.842914e-06,-1.099698e-03,-1.066799e-03,-1.033886e-03,-1.001015e-03,-9.685877e-04,-9.368006e-04,-9.060108e-04,-8.761667e-04,-8.472173e-04,-8.188994e-04,-7.913577e-04,-7.646560e-04,-7.386528e-04,-7.130937e-04,-6.878357e-04,-6.628531e-04,-6.380207e-04,-6.131761e-04,8.138814e-05,7.349852e-05,6.561019e-05,5.767527e-05,4.952543e-05,4.124813e-05,3.321095e-05,2.585800e-05,1.962879e-05,1.473612e-05,1.120603e-05,8.847422e-06,7.350326e-06,6.542176e-06,6.358189e-06,6.598441e-06,6.961085e-06,7.309454e-06
-1.434839e-04,4.837272e-06,-4.595930e-07,5.828532e-05,4.040680e-05,2.224006e-05,7.309410e-06,-7.663530e-06,-1.413579e-05,-6.327639e-06,1.468064e-06,1.393313e-06,-3.013431e-06,-1.085815e-05,-2.304712e-05,-4.239274e-05,-6.785032e-05,-9.395144e-05,-1.171433e-04,-1.373973e-04,-1.576686e-04,1.695397e-03,1.608425e-03,1.521393e-03,1.434602e-03,1.346915e-03,1.261926e-03,1.181335e-03,1.105926e-03,1.035802e-03,9.703169e-04,9.087736e-04,8.503584e-04,7.940874e-04,7.392219e-04,6.851511e-04,6.313461e-04,5.775445e-04,5.237359e-04,-1.665154e-04,-1.538731e-04,-1.412310e-04,-1.284076e-04,-1.148084e-04,-1.003681e-04,-8.552011e-05,-7.096236e-05,-5.733696e-05,-4.492923e-05,-3.389735e-05,-2.422108e-05,-1.593933e-05,-8.923824e-06,-2.788369e-06,2.808968e-06,8.104405e-06,1.340993e-05,-1.109841e-03,-1.075559e-03,-1.041263e-03,-1.007003e-03,-9.731613e-04,-9.399208e-04,-9.076277e-04,-8.762353e-04,-8.456995e-04,-8.157637e-04,-7.865807e-04,-7.582265e-04,-7.305685e-04,-7.033537e-04,-6.764408e-04,-6.498098e-04,-6.233344e-04,-5.968462e-04,7.908030e-05,7.138841e-05,6.369790e-05,5.596245e-05,4.802628e-05,3.997942e-05,3.218042e-05,2.506278e-05,1.905662e-05,1.436529e-05,1.100771e-05,8.793958e-06,7.414924e-06,6.701394e-06,6.598748e-06,6.914447e-06,7.347804e-06,7.767209e-06
-1.432447e-04,4.721546e-06,-1.827633e-08,4.698722e-05,3.132250e-05,1.541677e-05,2.290605e-06,-1.082763e-05,-1.664778e-05,-1.039846e-05,-5.009662e-06,-7.385376e-06,-1.350604e-05,-2.154307e-05,-3.112582e-05,-4.420175e-05,-6.046310e-05,-7.622287e-05,-8.945274e-05,-1.003920e-04,-1.113272e-04,1.535061e-03,1.472357e-03,1.409670e-03,1.346915e-03,1.284420e-03,1.220393e-03,1.158166e-03,1.098440e-03,1.041780e-03,9.878953e-04,9.364922e-04,8.871513e-04,8.392451e-04,7.922703e-04,7.458192e-04,6.995533e-04,6.532950e-04,6.070301e-04,-1.465816e-04,-1.351590e-04,-1.237365e-04,-1.121552e-04,-9.990680e-05,-8.693944e-05,-7.362570e-05,-6.057984e-05,-4.836499e-05,-3.719768e-05,-2.717873e-05,-1.827073e-05,-1.048036e-05,-3.691110e-06,2.409508e-06,8.087407e-06,1.352465e-05,1.896915e-05,-1.119974e-03,-1.084309e-03,-1.048631e-03,-1.012983e-03,-9.777266e-04,-9.430329e-04,-9.092366e-04,-8.762961e-04,-8.441742e-04,-8.126205e-04,-7.817966e-04,-7.517902e-04,-7.224775e-04,-6.936075e-04,-6.650397e-04,-6.367607e-04,-6.086426e-04,-5.805112e-04,7.678114e-05,6.928683e-05,6.179399e-05,5.425786e-05,4.653520e-05,3.871861e-05,3.115761e-05,2.427507e-05,1.849177e-05,1.400156e-05,1.081626e-05,8.747137e-06,7.485939e-06,6.866808e-06,6.845287e-06,7.236221e-06,7.740080e-06,8.230308e-06
-1.429901e-04,4.617723e-06,4.048139e-07,3.598792e-05,2.255613e-05,8.930401e-06,-2.372256e-06,-1.364722e-05,-1.885928e-05,-1.423303e-05,-1.130710e-05,-1.602134e-05,-2.387739e-05,-3.211068e-05,-3.907553e-05,-4.585551e-05,-5.288313e-05,-5.825771e-05,-6.148090e-05,-6.306266e-05,-6.461871e-05,1.386388e-03,1.344898e-03,1.303404e-03,1.261926e-03,1.220393e-03,1.178583e-03,1.134501e-03,1.090626e-03,1.047487e-03,1.005284e-03,9.640899e-04,9.238912e-04,8.844147e-04,8.453938e-04,8.066248e-04,7.679599e-04,7.293068e-04,6.906475e-04,-1.270212e-04,-1.167973e-04,-1.065735e-04,-9.621349e-05,-8.529424e-05,-7.377755e-05,-6.197575e-05,-5.041900e-05,-3.959129e-05,-2.964049e-05,-2.061025e-05,-1.244589e-05,-5.121751e-06,1.466914e-06,7.558844e-06,1.334376e-05,1.894944e-05,2.455955e-05,-1.129946e-03,-1.092907e-03,-1.055856e-03,-1.018828e-03,-9.821662e-04,-9.460278e-04,-9.107365e-04,-8.762555e-04,-8.425544e-04,-8.093898e-04,-7.769316e-04,-7.452797e-04,-7.143193e-04,-6.838007e-04,-6.535852e-04,-6.236650e-04,-5.939112e-04,-5.641434e-04,7.458659e-05,6.728719e-05,5.998934e-05,5.264992e-05,4.513809e-05,3.754900e-05,3.022310e-05,2.357257e-05,1.800878e-05,1.371616e-05,1.069955e-05,8.771335e-06,7.624032e-06,7.095096e-06,7.150223e-06,7.611710e-06,8.181310e-06,8.737606e-06
-1.427124e-04,4.521785e-06,7.990628e-07,2.561959e-05,1.440383e-05,3.039781e-06,-6.445422e-06,-1.592584e-05,-2.061247e-05,-1.772290e-05,-1.735653e-05,-2.446666e-05,-3.408171e-05,-4.249600e-05,-4.679498e-05,-4.720197e-05,-4.489779e-05,-3.977837e-05,-3.288718e-05,-2.500943e-05,-1.708433e-05,1.250903e-03,1.227714e-03,1.204527e-03,1.181335e-03,1.158166e-03,1.134501e-03,1.109969e-03,1.081865e-03,1.052549e-03,1.022212e-03,9.914308e-04,9.605624e-04,9.297002e-04,8.988131e-04,8.679039e-04,8.370166e-04,8.061454e-04,7.752684e-04,-1.083827e-04,-9.931243e-05,-9.024230e-05,-8.105811e-05,-7.141836e-05,-6.129736e-05,-5.094778e-05,-4.081596e-05,-3.130712e-05,-2.250127e-05,-1.438594e-05,-6.889273e-06,4.662947e-08,6.514570e-06,1.267924e-05,1.865360e-05,2.451073e-05,3.036943e-05,-1.139643e-03,-1.101248e-03,-1.062841e-03,-1.024452e-03,-9.864018e-04,-9.488362e-04,-9.120661e-04,-8.760595e-04,-8.407925e-04,-8.060291e-04,-7.719483e-04,-7.386619e-04,-7.060646e-04,-6.739083e-04,-6.420556e-04,-6.105048e-04,-5.791258e-04,-5.477323e-04,7.248897e-05,6.538239e-05,5.827742e-05,5.113266e-05,4.382914e-05,3.646435e-05,2.936969e-05,2.294669e-05,1.759733e-05,1.349686e-05,1.064333e-05,8.850160e-06,7.810520e-06,7.365090e-06,7.489704e-06,8.014245e-06,8.641947e-06,9.256682e-06
-1.423950e-04,4.431830e-06,1.187611e-06,1.597029e-05,6.802965e-06,-2.469703e-06,-1.028020e-05,-1.813515e-05,-2.246116e-05,-2.143759e-05,-2.367036e-05,-3.312329e-05,-4.440086e-05,-5.286157e-05,-5.433489e-05,-4.818432e-05,-3.634811e-05,-2.053238e-05,-3.339700e-06,1.416699e-05,3.174341e-05,1.128380e-03,1.120895e-03,1.113410e-03,1.105926e-03,1.098440e-03,1.090626e-03,1.081865e-03,1.071222e-03,1.055924e-03,1.038023e-03,1.018100e-03,9.970209e-04,9.752129e-04,9.528935e-04,9.302726e-04,9.075900e-04,8.849278e-04,8.622604e-04,-9.112956e-05,-8.316924e-05,-7.520898e-05,-6.715562e-05,-5.874287e-05,-4.995499e-05,-4.098485e-05,-3.219479e-05,-2.391115e-05,-1.614642e-05,-8.833465e-06,-1.884038e-06,4.791261e-06,1.127227e-05,1.764839e-05,2.395409e-05,3.020619e-05,3.645693e-05,-1.148924e-03,-1.109198e-03,-1.069461e-03,-1.029735e-03,-9.903225e-04,-9.513543e-04,-9.131281e-04,-8.756154e-04,-8.387992e-04,-8.024508e-04,-7.667588e-04,-7.318472e-04,-6.976207e-04,-6.638331e-04,-6.303490e-04,-5.971729e-04,-5.641740e-04,-5.311600e-04,7.045544e-05,6.354488e-05,5.663598e-05,4.968894e-05,4.259581e-05,3.545616e-05,2.859235e-05,2.239516e-05,1.725719e-05,1.334460e-05,1.064893e-05,8.984742e-06,8.045965e-06,7.676602e-06,7.862703e-06,8.441923e-06,9.119164e-06,9.783792e-06
-1.420491e-04,4.337204e-06,1.581604e-06,7.048573e-06,-3.107101e-07,-7.735976e-06,-1.407794e-05,-2.052215e-05,-2.467641e-05,-2.563035e-05,-3.045373e-05,-4.210754e-05,-5.484819e-05,-6.311995e-05,-6.152197e-05,-4.855840e-05,-2.693328e-05,-1.765619e-07,2.753044e-05,5.484756e-05,8.225815e-05,1.017871e-03,1.023848e-03,1.029825e-03,1.035802e-03,1.041780e-03,1.047487e-03,1.052549e-03,1.055924e-03,1.056662e-03,1.051718e-03,1.043543e-03,1.033015e-03,1.021035e-03,1.008038e-03,9.944546e-04,9.807232e-04,9.670169e-04,9.533059e-04,-7.541475e-05,-6.855240e-05,-6.169000e-05,-5.475352e-05,-4.754426e-05,-4.005232e-05,-3.240887e-05,-2.489024e-05,-1.774191e-05,-1.090914e-05,-4.272869e-06,2.269888e-06,8.838268e-06,1.549708e-05,2.225811e-05,2.907433e-05,3.590337e-05,4.272800e-05,-1.157883e-03,-1.116850e-03,-1.075806e-03,-1.034768e-03,-9.940167e-04,-9.536689e-04,-9.140076e-04,-8.750067e-04,-8.366550e-04,-7.987317e-04,-7.614342e-04,-7.249000e-04,-6.890440e-04,-6.536231e-04,-6.185042e-04,-5.836989e-04,-5.490762e-04,-5.144376e-04,6.838043e-05,6.167528e-05,5.497184e-05,4.823167e-05,4.135688e-05,3.444878e-05,2.782062e-05,2.185222e-05,1.692658e-05,1.320088e-05,1.066053e-05,9.121484e-06,8.278635e-06,7.979509e-06,8.220553e-06,8.847444e-06,9.566966e-06,1.027425e-05
-1.416725e-04,4.221123e-06,1.967476e-06,-1.218549e-06,-6.960354e-06,-1.273255e-05,-1.776115e-05,-2.294094e-05,-2.702570e-05,-2.996404e-05,-3.726958e-05,-5.090090e-05,-6.485140e-05,-7.267647e-05,-6.777352e-05,-4.777975e-05,-1.616110e-05,2.172119e-05,6.008746e-05,9.731810e-05,1.346678e-04,9.175706e-04,9.351524e-04,9.527338e-04,9.703169e-04,9.878953e-04,1.005284e-03,1.022212e-03,1.038023e-03,1.051718e-03,1.062107e-03,1.066559e-03,1.067828e-03,1.066796e-03,1.064256e-03,1.060827e-03,1.057163e-03,1.053528e-03,1.049889e-03,-6.095542e-05,-5.522211e-05,-4.948866e-05,-4.369806e-05,-3.771193e-05,-3.152156e-05,-2.519399e-05,-1.891704e-05,-1.285280e-05,-6.878712e-06,-8.270443e-07,5.418510e-06,1.200534e-05,1.898135e-05,2.627807e-05,3.376314e-05,4.133124e-05,4.889169e-05,-1.166501e-03,-1.124187e-03,-1.081862e-03,-1.039537e-03,-9.974734e-04,-9.557711e-04,-9.146980e-04,-8.742291e-04,-8.343582e-04,-7.948715e-04,-7.559761e-04,-7.178225e-04,-6.803373e-04,-6.432810e-04,-6.065237e-04,-5.700850e-04,-5.338340e-04,-4.975665e-04,6.611794e-05,5.963191e-05,5.314765e-05,4.662792e-05,3.998405e-05,3.331875e-05,2.693603e-05,2.120458e-05,1.649747e-05,1.296296e-05,1.058079e-05,9.168371e-06,8.421629e-06,8.191660e-06,8.485474e-06,9.157140e-06,9.915680e-06,1.066238e-05
