3.494541e-05,-5.516170e-07,-1.450935e-07,9.063293e-07,1.393768e-06,1.858806e-06,1.945441e-06,1.915951e-06,2.100062e-06,3.302423e-06,3.440534e-06,2.118033e-06,1.257236e-06,1.059971e-06,4.444089e-07,1.098234e-06,4.031448e-06,6.632024e-06,8.917322e-06,1.126649e-05,1.335352e-05,-2.176200e-04,-2.181600e-04,-2.186988e-04,-2.192431e-04,-2.197676e-04,-2.200746e-04,-2.200767e-04,-2.195552e-04,-2.187094e-04,-2.175107e-04,-2.161823e-04,-2.149387e-04,-2.136987e-04,-2.123492e-04,-2.108901e-04,-2.094277e-04,-2.080398e-04,-2.066350e-04,1.627907e-06,2.499899e-06,3.371129e-06,4.198918e-06,4.896871e-06,5.508152e-06,5.918556e-06,6.167336e-06,6.231085e-06,6.042529e-06,5.756775e-06,5.441043e-06,5.283366e-06,5.323316e-06,5.425177e-06,5.531850e-06,5.713925e-06,5.903549e-06,3.000221e-04,2.877627e-04,2.754842e-04,2.631404e-04,2.511916e-04,2.396731e-04,2.290031e-04,2.189222e-04,2.093202e-04,1.997259e-04,1.906972e-04,1.826544e-04,1.755388e-04,1.689460e-04,1.627271e-04,1.570375e-04,1.517096e-04,1.463514e-04,-2.502668e-05,-2.105035e-05,-1.708200e-05,-1.299988e-05,-8.473079e-06,-3.550192e-06,1.304250e-06,5.453978e-06,8.207202e-06,9.243703e-06,8.528123e-06,6.387666e-06,3.386689e-06,-2.959445e-07,-4.848125e-06,-1.007729e-05,-1.546678e-05,-2.083384e-05
-5.516170e-07,3.326429e-05,-8.708767e-08,2.799657e-06,1.972734e-06,1.734480e-06,1.198234e-06,4.094129e-07,4.825053e-07,1.569201e-06,1.922097e-06,2.011363e-06,5.957203e-07,-1.019202e-06,-3.130801e-06,-3.567411e-06,-2.760387e-06,7.723752e-08,5.066089e-06,9.979968e-06,1.469581e-05,6.093932e-06,6.259768e-06,6.427199e-06,6.589386e-06,6.770485e-06,7.136778e-06,7.633657e-06,8.217742e-06,8.694504e-06,8.803906e-06,8.534417e-06,7.908403e-06,7.069326e-06,6.051818e-06,4.780327e-06,3.313390e-06,1.793198e-06,2.832656e-07,-2.136801e-04,-2.125167e-04,-2.113304e-04,-2.099706e-04,-2.086321e-04,-2.071997e-04,-2.058091e-04,-2.044912e-04,-2.032660e-04,-2.021362e-04,-2.013236e-04,-2.006894e-04,-2.002107e-04,-1.999528e-04,-1.998059e-04,-1.996403e-04,-1.994228e-04,-1.991934e-04,-2.382392e-05,-2.000807e-05,-1.619893e-05,-1.229046e-05,-7.987698e-06,-3.323109e-06,1.258640e-06,5.149633e-06,7.716650e-06,8.651038e-06,7.928225e-06,5.863461e-06,3.008611e-06,-4.436349e-07,-4.669415e-06,-9.507595e-06,-1.448290e-05,-1.943703e-05,2.194329e-04,2.229488e-04,2.264531e-04,2.294715e-04,2.315856e-04,2.317992e-04,2.296553e-04,2.247668e-04,2.177100e-04,2.089762e-04,1.997597e-04,1.903009e-04,1.808761e-04,1.718773e-04,1.632470e-04,1.545893e-04,1.457448e-04,1.368987e-04
-1.450935e-07,-8.708767e-08,7.098061e-06,-5.872551e-05,-5.975066e-05,-6.052122e-05,-5.983501e-05,-6.017719e-05,-5.965596e-05,-6.048679e-05,-5.968141e-05,-5.867276e-05,-5.446014e-05,-5.127530e-05,-4.936214e-05,-4.832002e-05,-4.818231e-05,-4.862951e-05,-4.942259e-05,-5.041742e-05,-5.128536e-05,-4.679085e-06,-3.823656e-06,-2.967604e-06,-2.112677e-06,-1.251078e-06,-6.556129e-07,-4.620237e-07,-2.417272e-07,2.417370e-07,7.931769e-07,1.297940e-06,1.700161e-06,2.042830e-06,2.368409e-06,2.665163e-06,2.977709e-06,3.323763e-06,3.663002e-06,2.724150e-06,1.825730e-06,9.155836e-07,2.896343e-07,7.915176e-08,-7.366122e-08,-3.272648e-07,-6.883866e-07,-1.201498e-06,-1.634264e-06,-1.794358e-06,-1.758929e-06,-1.570241e-06,-1.327570e-06,-1.058109e-06,-7.575989e-07,-4.743427e-07,-1.960432e-07,1.360002e-06,1.304000e-07,-1.100165e-06,-2.322256e-06,-3.570344e-06,-4.578126e-06,-5.158507e-06,-5.624072e-06,-6.004809e-06,-5.816530e-06,-4.685236e-06,-2.428462e-06,9.274840e-07,5.114948e-06,9.708503e-06,1.439868e-05,1.906284e-05,2.372367e-05,-3.123956e-06,-2.148848e-06,-1.145253e-06,-4.558978e-07,-2.514211e-07,-2.089847e-07,-2.016746e-07,-2.196596e-07,-2.096570e-07,-4.153665e-07,-9.460910e-07,-1.507769e-06,-1.671285e-06,-1.153840e-06,1.012235e-07,1.893451e-06,3.865943e-06,5.822378e-06
9.063293e-07,2.799657e-06,-5.872551e-05,3.355131e-03,1.754203e-03,6.500524e-04,2.529990e-04,2.767856e-04,3.739809e-04,4.815108e-04,5.248410e-04,5.236387e-04,4.829623e-04,4.309641e-04,3.802717e-04,3.411377e-04,3.298788e-04,3.469680e-04,3.846121e-04,4.346406e-04,4.829420e-04,3.371323e-04,3.015491e-04,2.659950e-04,2.302231e-04,1.941825e-04,1.570091e-04,1.213036e-04,8.842461e-05,5.768807e-05,3.031226e-05,6.437536e-06,-1.428263e-05,-3.296938e-05,-5.032138e-05,-6.679749e-05,-8.315222e-05,-9.995140e-05,-1.166782e-04,-1.104558e-03,-8.887818e-04,-6.712463e-04,-4.755398e-04,-3.124159e-04,-1.807577e-04,-7.889463e-05,-2.540655e-06,5.206058e-05,8.689893e-05,1.050272e-04,1.104447e-04,1.065638e-04,9.724273e-05,8.459713e-05,6.970968e-05,5.405420e-05,3.849353e-05,-2.440497e-05,-1.207273e-05,2.641157e-07,1.231377e-05,2.427790e-05,3.456596e-05,4.150574e-05,4.700386e-05,5.113831e-05,4.993632e-05,4.039736e-05,2.113889e-05,-7.492165e-06,-4.321655e-05,-8.243725e-05,-1.225359e-04,-1.624182e-04,-2.022752e-04,7.857816e-05,5.786350e-05,3.668484e-05,2.035439e-05,1.107885e-05,6.141119e-06,4.121994e-06,4.107382e-06,5.129723e-06,8.715911e-06,1.534787e-05,2.236960e-05,2.609454e-05,2.407920e-05,1.588928e-05,3.237552e-06,-1.088530e-05,-2.487670e-05
1.393768e-06,1.972734e-06,-5.975066e-05,1.754203e-03,1.285849e-03,7.012932e-04,4.480487e-04,4.090502e-04,4.340529e-04,4.902402e-04,5.132219e-04,5.152664e-04,4.819989e-04,4.429502e-04,4.068697e-04,3.786035e-04,3.680266e-04,3.739644e-04,3.924241e-04,4.185125e-04,4.431536e-04,2.500183e-04,2.191089e-04,1.882085e-04,1.571984e-04,1.258142e-04,9.588112e-05,6.996723e-05,4.700545e-05,2.533802e-05,5.966876e-06,-1.077751e-05,-2.496508e-05,-3.747817e-05,-4.894950e-05,-5.969376e-05,-7.041473e-05,-8.151115e-05,-9.254128e-05,-6.113821e-04,-4.821958e-04,-3.517254e-04,-2.371067e-04,-1.460898e-04,-7.476559e-05,-2.072123e-05,1.884201e-05,4.668413e-05,6.336444e-05,7.000017e-05,6.905481e-05,6.254512e-05,5.293474e-05,4.137697e-05,2.845998e-05,1.518524e-05,1.982268e-06,-1.786343e-05,-5.917259e-06,6.035848e-06,1.777854e-05,2.959615e-05,3.943069e-05,4.557980e-05,5.034065e-05,5.393303e-05,5.235556e-05,4.253621e-05,2.301671e-05,-5.907465e-06,-4.195095e-05,-8.148905e-05,-1.218757e-04,-1.620373e-04,-2.021725e-04,5.858109e-05,4.233544e-05,2.568491e-05,1.327433e-05,7.144368e-06,4.275853e-06,3.268306e-06,3.524014e-06,4.237194e-06,7.144004e-06,1.291708e-05,1.897036e-05,2.162999e-05,1.846986e-05,9.047432e-06,-4.917417e-06,-2.039153e-05,-3.573094e-05
1.858806e-06,1.734480e-06,-6.052122e-05,6.500524e-04,7.012932e-04,7.940124e-04,6.359643e-04,5.425227e-04,4.908939e-04,4.961093e-04,4.984590e-04,5.044758e-04,4.791842e-04,4.533939e-04,4.322078e-04,4.151611e-04,4.053922e-04,3.997997e-04,3.982661e-04,3.993435e-04,3.992699e-04,1.526352e-04,1.278318e-04,1.030171e-04,7.820075e-05,5.290697e-05,3.161482e-05,1.670632e-05,4.631758e-06,-7.258708e-06,-1.816773e-05,-2.751967e-05,-3.503914e-05,-4.131333e-05,-4.688202e-05,-5.189584e-05,-5.699057e-05,-6.238773e-05,-6.772502e-05,-1.014580e-04,-6.132284e-05,-2.039108e-05,1.048010e-05,2.671899e-05,3.522359e-05,3.922374e-05,4.006631e-05,3.956052e-05,3.684303e-05,3.106290e-05,2.308621e-05,1.347854e-05,3.242615e-06,-7.487473e-06,-1.864540e-05,-2.972864e-05,-4.076440e-05,-1.228384e-05,-5.975679e-07,1.109760e-05,2.264634e-05,3.441150e-05,4.387293e-05,4.931421e-05,5.341304e-05,5.652529e-05,5.463383e-05,4.460424e-05,2.490964e-05,-4.199333e-06,-4.043708e-05,-8.016950e-05,-1.207305e-04,-1.610624e-04,-2.013663e-04,4.064213e-05,2.928442e-05,1.758337e-05,9.504422e-06,6.873496e-06,6.332209e-06,6.488902e-06,7.060475e-06,7.418606e-06,9.515874e-06,1.424252e-05,1.910779e-05,2.047925e-05,1.597288e-05,5.144844e-06,-1.028998e-05,-2.727067e-05,-4.411388e-05
1.945441e-06,1.198234e-06,-5.983501e-05,2.529990e-04,4.480487e-04,6.359643e-04,8.006729e-04,6.451909e-04,5.437013e-04,4.987737e-04,4.821042e-04,4.865313e-04,4.660252e-04,4.503692e-04,4.396579e-04,4.292898e-04,4.193348e-04,4.074675e-04,3.961284e-04,3.851078e-04,3.730906e-04,1.505134e-04,1.195501e-04,8.855612e-05,5.765601e-05,2.617904e-05,1.436571e-06,-1.306320e-05,-2.268865e-05,-3.091531e-05,-3.742290e-05,-4.195838e-05,-4.450258e-05,-4.575708e-05,-4.634027e-05,-4.641444e-05,-4.663958e-05,-4.712856e-05,-4.756183e-05,1.337319e-04,1.278321e-04,1.223189e-04,1.108420e-04,9.002705e-05,6.846693e-05,4.985358e-05,3.430059e-05,2.274871e-05,1.342588e-05,4.324958e-06,-4.493452e-06,-1.321110e-05,-2.153639e-05,-2.972873e-05,-3.792757e-05,-4.586130e-05,-5.375887e-05,-1.266600e-05,-7.079659e-07,1.126005e-05,2.311991e-05,3.531420e-05,4.493879e-05,5.015705e-05,5.389316e-05,5.662529e-05,5.445427e-05,4.432012e-05,2.472496e-05,-4.096805e-06,-3.989841e-05,-7.910564e-05,-1.190956e-04,-1.588536e-04,-1.985840e-04,2.685884e-05,1.854199e-05,9.942054e-06,4.442624e-06,3.820060e-06,4.572774e-06,5.334707e-06,6.050009e-06,6.227983e-06,7.920076e-06,1.212175e-05,1.642805e-05,1.728470e-05,1.236087e-05,1.205891e-06,-1.450090e-05,-3.173998e-05,-4.884286e-05
1.915951e-06,4.094129e-07,-6.017719e-05,2.767856e-04,4.090502e-04,5.425227e-04,6.451909e-04,7.830910e-04,6.431313e-04,5.526361e-04,4.937443e-04,4.762780e-04,4.451869e-04,4.315245e-04,4.289423e-04,4.301642e-04,4.322888e-04,4.337740e-04,4.340202e-04,4.326764e-04,4.304400e-04,-9.008128e-06,-2.139570e-05,-3.381835e-05,-4.611505e-05,-5.892841e-05,-6.444790e-05,-5.918277e-05,-5.116083e-05,-4.441427e-05,-3.804676e-05,-3.166842e-05,-2.510319e-05,-1.864796e-05,-1.257231e-05,-6.608058e-06,-9.633482e-07,4.441250e-06,9.900297e-06,1.243074e-04,1.046052e-04,8.500832e-05,6.255481e-05,3.516995e-05,1.141587e-05,-5.408451e-06,-1.612939e-05,-2.065597e-05,-2.147851e-05,-2.119100e-05,-1.987648e-05,-1.792185e-05,-1.518107e-05,-1.177268e-05,-8.024574e-06,-3.845038e-06,3.616278e-07,-1.026192e-05,1.189030e-06,1.265088e-05,2.402954e-05,3.575993e-05,4.481447e-05,4.932487e-05,5.256362e-05,5.506198e-05,5.282517e-05,4.276869e-05,2.337353e-05,-5.171455e-06,-4.063499e-05,-7.945157e-05,-1.190307e-04,-1.583794e-04,-1.977000e-04,1.680723e-05,1.011890e-05,3.185941e-06,-9.984461e-07,-7.544257e-07,4.485706e-07,1.334699e-06,1.983746e-06,2.001292e-06,3.541606e-06,7.648179e-06,1.190208e-05,1.272758e-05,7.767946e-06,-3.471227e-06,-1.929260e-05,-3.665992e-05,-5.388969e-05
2.100062e-06,4.825053e-07,-5.965596e-05,3.739809e-04,4.340529e-04,4.908939e-04,5.437013e-04,6.431313e-04,7.805347e-04,6.323096e-04,5.353230e-04,4.737807e-04,4.208193e-04,3.985758e-04,3.981243e-04,4.097356e-04,4.267234e-04,4.457713e-04,4.617353e-04,4.749390e-04,4.873324e-04,-1.472894e-04,-1.378259e-04,-1.283868e-04,-1.188598e-04,-1.096448e-04,-9.441366e-05,-6.939152e-05,-4.526599e-05,-2.711035e-05,-1.273331e-05,-1.127380e-06,8.459452e-06,1.637647e-05,2.283407e-05,2.863050e-05,3.406334e-05,3.927520e-05,4.453998e-05,6.896348e-05,5.195600e-05,3.496728e-05,1.616812e-05,-5.907727e-06,-2.440364e-05,-3.626776e-05,-4.174467e-05,-4.033119e-05,-3.480387e-05,-2.772448e-05,-1.915098e-05,-9.576385e-06,1.078859e-06,1.280227e-05,2.508504e-05,3.789903e-05,5.073292e-05,-5.267530e-06,5.169007e-06,1.561542e-05,2.598592e-05,3.665080e-05,4.478185e-05,4.844243e-05,5.117741e-05,5.361100e-05,5.157812e-05,4.194568e-05,2.316556e-05,-4.618032e-06,-3.921777e-05,-7.712858e-05,-1.158156e-04,-1.542829e-04,-1.927214e-04,1.609489e-05,9.769196e-06,3.212885e-06,-7.429900e-07,-5.005039e-07,7.484333e-07,1.780345e-06,2.560520e-06,2.626876e-06,4.151297e-06,8.165658e-06,1.227626e-05,1.296194e-05,7.897838e-06,-3.421787e-06,-1.929672e-05,-3.671295e-05,-5.399208e-05
3.302423e-06,1.569201e-06,-6.048679e-05,4.815108e-04,4.902402e-04,4.961093e-04,4.987737e-04,5.526361e-04,6.323096e-04,7.771395e-04,6.382573e-04,5.274958e-04,4.254402e-04,3.743432e-04,3.616873e-04,3.748034e-04,4.028611e-04,4.393189e-04,4.747171e-04,5.103703e-04,5.450532e-04,-8.475572e-05,-6.934844e-05,-5.395068e-05,-3.852296e-05,-2.318593e-05,-4.501878e-06,1.976035e-05,3.825047e-05,4.613643e-05,4.830275e-05,4.702867e-05,4.360176e-05,3.848989e-05,3.199613e-05,2.508003e-05,1.810910e-05,1.087941e-05,3.705447e-06,-1.349227e-05,-1.817352e-05,-2.281694e-05,-2.913601e-05,-3.761081e-05,-4.326516e-05,-4.372530e-05,-3.877784e-05,-2.756490e-05,-1.416494e-05,-1.112633e-06,1.189155e-05,2.457010e-05,3.731205e-05,5.043247e-05,6.357895e-05,7.699954e-05,9.045170e-05,8.764023e-06,1.786483e-05,2.697438e-05,3.600274e-05,4.526078e-05,5.228162e-05,5.529050e-05,5.789064e-05,6.062129e-05,5.883048e-05,4.918543e-05,3.010478e-05,1.776781e-06,-3.356273e-05,-7.235709e-05,-1.120091e-04,-1.514376e-04,-1.908372e-04,2.531435e-05,1.877507e-05,1.199984e-05,7.823838e-06,7.691387e-06,8.619329e-06,9.419187e-06,9.925339e-06,9.588348e-06,1.074829e-05,1.445677e-05,1.827085e-05,1.864470e-05,1.322731e-05,1.485232e-06,-1.485995e-05,-3.275627e-05,-5.051433e-05
3.440534e-06,1.922097e-06,-5.968141e-05,5.248410e-04,5.132219e-04,4.984590e-04,4.821042e-04,4.937443e-04,5.353230e-04,6.382573e-04,7.729513e-04,6.102601e-04,4.793743e-04,3.899946e-04,3.529463e-04,3.477385e-04,3.668890e-04,4.027454e-04,4.449684e-04,4.923952e-04,5.385589e-04,1.244281e-05,2.023042e-05,2.801539e-05,3.580310e-05,4.359269e-05,5.317674e-05,6.529953e-05,7.056024e-05,6.406480e-05,5.288671e-05,4.052776e-05,2.804822e-05,1.514687e-05,1.770704e-06,-1.148795e-05,-2.462177e-05,-3.808489e-05,-5.148645e-05,-6.073131e-05,-5.613473e-05,-5.146968e-05,-4.853113e-05,-4.708422e-05,-4.293200e-05,-3.402417e-05,-1.994874e-05,5.663856e-07,2.072168e-05,3.654314e-05,4.890170e-05,5.825346e-05,6.575404e-05,7.222784e-05,7.781157e-05,8.324481e-05,8.873330e-05,1.166932e-05,2.016251e-05,2.866391e-05,3.708511e-05,4.570774e-05,5.233085e-05,5.541402e-05,5.826455e-05,6.146341e-05,6.008629e-05,5.066799e-05,3.167552e-05,3.391812e-06,-3.193235e-05,-7.074538e-05,-1.104374e-04,-1.499041e-04,-1.893437e-04,2.954373e-05,2.285985e-05,1.593959e-05,1.158282e-05,1.108440e-05,1.158661e-05,1.192675e-05,1.189222e-05,1.086311e-05,1.147659e-05,1.495175e-05,1.880116e-05,1.944482e-05,1.449396e-05,3.389218e-06,-1.220163e-05,-2.929176e-05,-4.624798e-05
2.118033e-06,2.011363e-06,-5.867276e-05,5.236387e-04,5.152664e-04,5.044758e-04,4.865313e-04,4.762780e-04,4.737807e-04,5.274958e-04,6.102601e-04,7.710967e-04,6.432106e-04,5.372028e-04,4.417526e-04,3.684656e-04,3.276978e-04,3.150741e-04,3.267789e-04,3.522974e-04,3.759233e-04,1.090688e-04,9.265047e-05,7.623086e-05,5.980693e-05,4.338861e-05,2.815413e-05,1.372177e-05,-5.846413e-06,-3.375604e-05,-6.145379e-05,-8.437267e-05,-1.019413e-04,-1.161780e-04,-1.281824e-04,-1.388744e-04,-1.495519e-04,-1.607131e-04,-1.717965e-04,-8.835128e-05,-6.251457e-05,-3.658285e-05,-1.266602e-05,8.980489e-06,3.118444e-05,5.461774e-05,7.838315e-05,1.025759e-04,1.181093e-04,1.194690e-04,1.092249e-04,9.040287e-05,6.632331e-05,3.844661e-05,8.044443e-06,-2.322522e-05,-5.439003e-05,-1.643045e-06,7.609663e-06,1.686991e-05,2.606342e-05,3.547306e-05,4.304624e-05,4.745317e-05,5.159057e-05,5.589931e-05,5.536315e-05,4.640676e-05,2.750998e-05,-8.919544e-07,-3.649299e-05,-7.564559e-05,-1.156547e-04,-1.554346e-04,-1.951907e-04,3.772906e-05,2.945535e-05,2.094773e-05,1.496696e-05,1.274704e-05,1.154401e-05,1.029403e-05,8.928175e-06,6.972558e-06,7.318944e-06,1.138234e-05,1.648614e-05,1.878663e-05,1.571556e-05,6.739002e-06,-6.566434e-06,-2.129715e-05,-3.590073e-05
1.257236e-06,5.957203e-07,-5.446014e-05,4.829623e-04,4.819989e-04,4.791842e-04,4.660252e-04,4.451869e-04,4.208193e-04,4.254402e-04,4.793743e-04,6.432106e-04,8.481777e-04,7.296546e-04,5.923288e-04,4.274318e-04,2.958145e-04,1.942877e-04,1.374618e-04,1.043373e-04,6.871328e-05,2.212511e-04,1.759456e-04,1.306396e-04,8.532605e-05,4.001472e-05,-4.679696e-06,-5.018914e-05,-1.005558e-04,-1.571212e-04,-2.104885e-04,-2.528656e-04,-2.817433e-04,-3.006795e-04,-3.124815e-04,-3.207194e-04,-3.289603e-04,-3.378369e-04,-3.466231e-04,-9.004731e-05,-5.083734e-05,-1.152136e-05,2.569621e-05,6.022711e-05,9.372665e-05,1.255009e-04,1.533039e-04,1.757436e-04,1.828387e-04,1.657397e-04,1.279358e-04,7.577197e-05,1.473891e-05,-5.342216e-05,-1.260090e-04,-2.003290e-04,-2.744884e-04,-8.526863e-06,3.545594e-07,9.242684e-06,1.807448e-05,2.711445e-05,3.455734e-05,3.938409e-05,4.420903e-05,4.934625e-05,5.005985e-05,4.257383e-05,2.510352e-05,-1.827037e-06,-3.593845e-05,-7.355765e-05,-1.119413e-04,-1.500906e-04,-1.882225e-04,3.384453e-05,2.452166e-05,1.498189e-05,7.803537e-06,4.101524e-06,1.391624e-06,-1.221412e-06,-3.654894e-06,-6.205634e-06,-6.032399e-06,-1.353461e-06,5.169240e-06,9.510213e-06,9.006661e-06,3.202740e-06,-6.526824e-06,-1.751011e-05,-2.838074e-05
1.059971e-06,-1.019202e-06,-5.127530e-05,4.309641e-04,4.429502e-04,4.533939e-04,4.503692e-04,4.315245e-04,3.985758e-04,3.743432e-04,3.899946e-04,5.372028e-04,7.296546e-04,9.634697e-04,8.287183e-04,6.202161e-04,3.825087e-04,1.456056e-04,-4.389008e-05,-2.083500e-04,-3.753310e-04,3.516860e-04,2.748124e-04,1.979385e-04,1.210549e-04,4.417109e-05,-3.239644e-05,-1.102535e-04,-1.921911e-04,-2.774081e-04,-3.562419e-04,-4.181653e-04,-4.578105e-04,-4.784045e-04,-4.851466e-04,-4.852309e-04,-4.853051e-04,-4.860022e-04,-4.866164e-04,-4.148081e-05,-1.544509e-05,1.070631e-05,3.456597e-05,5.523387e-05,7.367882e-05,8.871207e-05,9.785283e-05,9.917927e-05,8.427237e-05,4.322784e-05,-2.037333e-05,-9.838517e-05,-1.850365e-04,-2.797960e-04,-3.792272e-04,-4.805470e-04,-5.816943e-04,-1.099332e-05,-2.411311e-06,6.176068e-06,1.471502e-05,2.347848e-05,3.086376e-05,3.604435e-05,4.146850e-05,4.728038e-05,4.906021e-05,4.287982e-05,2.658593e-05,5.750341e-07,-3.281885e-05,-6.976271e-05,-1.073497e-04,-1.446922e-04,-1.820204e-04,2.422529e-05,1.458352e-05,4.736763e-06,-2.841277e-06,-7.069281e-06,-1.019359e-05,-1.299642e-05,-1.534757e-05,-1.746448e-05,-1.678367e-05,-1.143229e-05,-3.991972e-06,1.451472e-06,2.257903e-06,-1.874259e-06,-9.731984e-06,-1.875600e-05,-2.767449e-05
4.444089e-07,-3.130801e-06,-4.936214e-05,3.802717e-04,4.068697e-04,4.322078e-04,4.396579e-04,4.289423e-04,3.981243e-04,3.616873e-04,3.529463e-04,4.417526e-04,5.923288e-04,8.287183e-04,1.050745e-03,8.567204e-04,5.774563e-04,2.185137e-04,-1.151158e-04,-4.404360e-04,-7.668672e-04,3.947016e-04,3.066339e-04,2.185653e-04,1.304877e-04,4.239668e-05,-4.524680e-05,-1.334674e-04,-2.242324e-04,-3.152221e-04,-3.976313e-04,-4.615309e-04,-5.011937e-04,-5.160349e-04,-5.125048e-04,-5.005624e-04,-4.888241e-04,-4.774207e-04,-4.659694e-04,3.451079e-05,3.751015e-05,4.063046e-05,4.114386e-05,3.748719e-05,2.997955e-05,1.720712e-05,-3.264262e-06,-3.356966e-05,-7.972861e-05,-1.496440e-04,-2.377804e-04,-3.344636e-04,-4.341074e-04,-5.380574e-04,-6.437534e-04,-7.500920e-04,-8.563299e-04,-1.673968e-05,-8.173760e-06,3.970408e-07,8.918477e-06,1.765636e-05,2.508513e-05,3.040494e-05,3.596667e-05,4.179296e-05,4.382749e-05,3.839597e-05,2.335495e-05,-1.451373e-06,-3.371304e-05,-6.943930e-05,-1.056467e-04,-1.416149e-04,-1.775658e-04,1.025689e-05,1.323076e-07,-1.019016e-05,-1.825925e-05,-2.292144e-05,-2.619234e-05,-2.873980e-05,-3.037493e-05,-3.124478e-05,-2.908942e-05,-2.230420e-05,-1.361519e-05,-7.227059e-06,-5.798314e-06,-9.454752e-06,-1.697968e-05,-2.573551e-05,-3.438019e-05
1.098234e-06,-3.567411e-06,-4.832002e-05,3.411377e-04,3.786035e-04,4.151611e-04,4.292898e-04,4.301642e-04,4.097356e-04,3.748034e-04,3.477385e-04,3.684656e-04,4.274318e-04,6.202161e-04,8.567204e-04,1.063315e-03,8.282264e-04,4.634020e-04,5.140037e-05,-3.863951e-04,-8.235880e-04,2.756652e-04,2.078160e-04,1.399636e-04,7.210921e-05,4.208753e-06,-6.247049e-05,-1.275740e-04,-1.920287e-04,-2.524959e-04,-3.018025e-04,-3.323644e-04,-3.400392e-04,-3.234464e-04,-2.892137e-04,-2.479509e-04,-2.076623e-04,-1.670944e-04,-1.265435e-04,9.362262e-05,7.851552e-05,6.352436e-05,4.566324e-05,2.242624e-05,-6.278628e-06,-4.170988e-05,-8.593845e-05,-1.409398e-04,-2.100368e-04,-2.977312e-04,-3.964351e-04,-4.952430e-04,-5.876069e-04,-6.744037e-04,-7.559622e-04,-8.351021e-04,-9.143154e-04,-1.376685e-05,-4.922296e-06,3.925605e-06,1.272780e-05,2.178604e-05,2.952280e-05,3.500407e-05,4.041259e-05,4.562635e-05,4.688914e-05,4.093328e-05,2.589893e-05,1.531594e-06,-2.988146e-05,-6.431813e-05,-9.897231e-05,-1.333959e-04,-1.677926e-04,4.658277e-06,-5.388230e-06,-1.562917e-05,-2.361284e-05,-2.803707e-05,-3.078181e-05,-3.247626e-05,-3.293040e-05,-3.225566e-05,-2.850052e-05,-2.045454e-05,-1.099140e-05,-4.384529e-06,-3.409780e-06,-8.313385e-06,-1.766452e-05,-2.851383e-05,-3.923050e-05
4.031448e-06,-2.760387e-06,-4.818231e-05,3.298788e-04,3.680266e-04,4.053922e-04,4.193348e-04,4.322888e-04,4.267234e-04,4.028611e-04,3.668890e-04,3.276978e-04,2.958145e-04,3.825087e-04,5.774563e-04,8.282264e-04,1.030269e-03,8.024960e-04,4.862405e-04,8.332856e-05,-3.123719e-04,4.233232e-05,1.548760e-05,-1.136328e-05,-3.820422e-05,-6.513153e-05,-8.964816e-05,-1.095606e-04,-1.245075e-04,-1.305325e-04,-1.218926e-04,-9.344984e-05,-4.253747e-05,3.144664e-05,1.210962e-04,2.158834e-04,3.096841e-04,4.046037e-04,4.994124e-04,1.107953e-04,8.891378e-05,6.713067e-05,4.249106e-05,1.194575e-05,-2.413114e-05,-6.593504e-05,-1.143221e-04,-1.701658e-04,-2.340421e-04,-3.065501e-04,-3.798352e-04,-4.439719e-04,-4.923686e-04,-5.220759e-04,-5.374088e-04,-5.464234e-04,-5.557434e-04,7.666921e-06,1.636989e-05,2.507344e-05,3.373964e-05,4.275927e-05,5.041884e-05,5.557107e-05,6.018453e-05,6.400001e-05,6.339235e-05,5.547333e-05,3.870528e-05,1.303635e-05,-1.910024e-05,-5.368336e-05,-8.821799e-05,-1.225026e-04,-1.567493e-04,2.514114e-06,-6.270961e-06,-1.525086e-05,-2.195884e-05,-2.492700e-05,-2.604486e-05,-2.603945e-05,-2.484949e-05,-2.268918e-05,-1.791955e-05,-9.773095e-06,-1.045806e-06,4.237708e-06,3.319582e-06,-4.633434e-06,-1.786610e-05,-3.296155e-05,-4.789450e-05
6.632024e-06,7.723752e-08,-4.862951e-05,3.469680e-04,3.739644e-04,3.997997e-04,4.074675e-04,4.337740e-04,4.457713e-04,4.393189e-04,4.027454e-04,3.150741e-04,1.942877e-04,1.456056e-04,2.185137e-04,4.634020e-04,8.024960e-04,1.186394e-03,1.166049e-03,1.055416e-03,9.446378e-04,-2.006650e-04,-1.823342e-04,-1.640128e-04,-1.456665e-04,-1.274410e-04,-1.054674e-04,-7.538474e-05,-3.538173e-05,1.898783e-05,9.246695e-05,1.881152e-04,3.079838e-04,4.528960e-04,6.155742e-04,7.861963e-04,9.599517e-04,1.135907e-03,1.311610e-03,8.217516e-05,5.741407e-05,3.272379e-05,5.590187e-06,-2.659740e-05,-6.155795e-05,-9.687103e-05,-1.305377e-04,-1.606486e-04,-1.839928e-04,-1.960605e-04,-1.895883e-04,-1.568386e-04,-9.264384e-05,5.953221e-06,1.288588e-04,2.620170e-04,3.945822e-04,2.412349e-05,3.331448e-05,4.250298e-05,5.168063e-05,6.136605e-05,6.969987e-05,7.525526e-05,7.976404e-05,8.281527e-05,8.078226e-05,7.103447e-05,5.222363e-05,2.438109e-05,-1.000865e-05,-4.697380e-05,-8.419485e-05,-1.211826e-04,-1.581159e-04,6.659926e-06,1.090434e-06,-4.677954e-06,-8.177871e-06,-7.829007e-06,-5.686171e-06,-2.696982e-06,9.289907e-07,4.744634e-06,9.993444e-06,1.686397e-05,2.266721e-05,2.367821e-05,1.727329e-05,2.457122e-06,-1.850388e-05,-4.168066e-05,-6.466314e-05
8.917322e-06,5.066089e-06,-4.942259e-05,3.846121e-04,3.924241e-04,3.982661e-04,3.961284e-04,4.340202e-04,4.617353e-04,4.747171e-04,4.449684e-04,3.267789e-04,1.374618e-04,-4.389008e-05,-1.151158e-04,5.140037e-05,4.862405e-04,1.166049e-03,1.894646e-03,2.304967e-03,2.764333e-03,-3.732697e-04,-3.205344e-04,-2.678108e-04,-2.150496e-04,-1.624236e-04,-1.049871e-04,-3.650251e-05,4.585076e-05,1.465034e-04,2.692905e-04,4.153800e-04,5.865900e-04,7.849291e-04,1.005244e-03,1.240412e-03,1.487689e-03,1.738568e-03,1.988990e-03,1.617888e-05,-1.074200e-05,-3.762034e-05,-6.624947e-05,-9.788885e-05,-1.273927e-04,-1.488437e-04,-1.564419e-04,-1.445203e-04,-1.056438e-04,-2.984837e-05,8.964085e-05,2.583213e-04,4.798802e-04,7.548523e-04,1.065098e-03,1.389569e-03,1.713087e-03,3.817993e-05,4.794151e-05,5.769806e-05,6.747540e-05,7.792195e-05,8.705399e-05,9.315110e-05,9.771996e-05,1.002090e-04,9.691711e-05,8.540262e-05,6.444528e-05,3.404870e-05,-3.460318e-06,-4.434232e-05,-8.646637e-05,-1.284281e-04,-1.703110e-04,2.111023e-05,2.003867e-05,1.876132e-05,1.971820e-05,2.450787e-05,3.078234e-05,3.729642e-05,4.347676e-05,4.858506e-05,5.346197e-05,5.772126e-05,5.871543e-05,5.295064e-05,3.792565e-05,1.278386e-05,-1.942708e-05,-5.419899e-05,-8.874114e-05
1.126649e-05,9.979968e-06,-5.041742e-05,4.346406e-04,4.185125e-04,3.993435e-04,3.851078e-04,4.326764e-04,4.749390e-04,5.103703e-04,4.923952e-04,3.522974e-04,1.043373e-04,-2.083500e-04,-4.404360e-04,-3.863951e-04,8.332856e-05,1.055416e-03,2.304967e-03,3.822736e-03,5.232298e-03,-5.083779e-04,-4.257425e-04,-3.431202e-04,-2.604498e-04,-1.779154e-04,-8.974603e-05,1.185242e-05,1.300676e-04,2.684232e-04,4.291016e-04,6.105850e-04,8.137220e-04,1.041253e-03,1.291021e-03,1.559562e-03,1.847408e-03,2.140280e-03,2.432510e-03,-6.374027e-05,-9.194651e-05,-1.201389e-04,-1.492459e-04,-1.786559e-04,-1.999053e-04,-2.032486e-04,-1.787611e-04,-1.166720e-04,-5.190564e-06,1.712952e-04,4.192264e-04,7.418878e-04,1.141794e-03,1.616963e-03,2.140498e-03,2.683401e-03,3.224955e-03,5.499526e-05,6.490814e-05,7.481438e-05,8.476526e-05,9.551234e-05,1.049486e-04,1.110673e-04,1.152045e-04,1.167568e-04,1.120081e-04,9.879060e-05,7.610723e-05,4.400186e-05,4.582449e-06,-3.869053e-05,-8.398184e-05,-1.291764e-04,-1.742665e-04,3.262106e-05,3.659261e-05,4.035000e-05,4.631212e-05,5.606571e-05,6.695602e-05,7.744979e-05,8.661359e-05,9.340558e-05,9.827515e-05,1.002407e-04,9.665463e-05,8.421033e-05,6.045849e-05,2.465779e-05,-1.931722e-05,-6.630499e-05,-1.130220e-04
1.335352e-05,1.469581e-05,-5.128536e-05,4.829420e-04,4.431536e-04,3.992699e-04,3.730906e-04,4.304400e-04,4.873324e-04,5.450532e-04,5.385589e-04,3.759233e-04,6.871328e-05,-3.753310e-04,-7.668672e-04,-8.235880e-04,-3.123719e-04,9.446378e-04,2.764333e-03,5.232298e-03,8.205651e-03,-6.442843e-04,-5.314106e-04,-4.185513e-04,-3.056333e-04,-1.928529e-04,-7.360749e-05,6.146771e-05,2.159609e-04,3.925325e-04,5.917269e-04,8.093563e-04,1.045308e-03,1.303045e-03,1.583331e-03,1.886289e-03,2.215644e-03,2.551358e-03,2.886261e-03,-1.414083e-04,-1.710125e-04,-2.006319e-04,-2.303350e-04,-2.576674e-04,-2.708839e-04,-2.564352e-04,-2.002963e-04,-8.861818e-05,9.474452e-05,3.710518e-04,7.464164e-04,1.221923e-03,1.798920e-03,2.472958e-03,3.208441e-03,3.968507e-03,4.726847e-03,6.956958e-05,7.969740e-05,8.981708e-05,1.000059e-04,1.111150e-04,1.209196e-04,1.271309e-04,1.309155e-04,1.316224e-04,1.255370e-04,1.107713e-04,8.655204e-05,5.296455e-05,1.190425e-05,-3.344683e-05,-8.155308e-05,-1.296023e-04,-1.775233e-04,4.302926e-05,5.197003e-05,6.068889e-05,7.158034e-05,8.621998e-05,1.016613e-04,1.160943e-04,1.282370e-04,1.367526e-04,1.416988e-04,1.414954e-04,1.335002e-04,1.145992e-04,8.239843e-05,3.626941e-05,-1.909867e-05,-7.791700e-05,-1.364263e-04
-2.176200e-04,6.093932e-06,-4.679085e-06,3.371323e-04,2.500183e-04,1.526352e-04,1.505134e-04,-9.008128e-06,-1.472894e-04,-8.475572e-05,1.244281e-05,1.090688e-04,2.212511e-04,3.516860e-04,3.947016e-04,2.756652e-04,4.233232e-05,-2.006650e-04,-3.732697e-04,-5.083779e-04,-6.442843e-04,7.214504e-03,6.025214e-03,4.883959e-03,3.838410e-03,2.937759e-03,2.200943e-03,1.635668e-03,1.226403e-03,9.527148e-04,7.879863e-04,7.073055e-04,6.843775e-04,6.965206e-04,7.302573e-04,7.741346e-04,8.186116e-04,8.629841e-04,9.072937e-04,-4.800063e-04,-5.072885e-04,-5.342959e-04,-5.576483e-04,-5.535644e-04,-5.170696e-04,-4.574024e-04,-3.875264e-04,-3.195577e-04,-2.627787e-04,-2.278979e-04,-2.142928e-04,-2.221775e-04,-2.486334e-04,-2.882551e-04,-3.350349e-04,-3.855806e-04,-4.359520e-04,-1.700439e-03,-1.631875e-03,-1.563106e-03,-1.494834e-03,-1.433046e-03,-1.378182e-03,-1.332875e-03,-1.293748e-03,-1.258551e-03,-1.223083e-03,-1.190017e-03,-1.161161e-03,-1.136010e-03,-1.112507e-03,-1.090037e-03,-1.069575e-03,-1.050855e-03,-1.031998e-03,1.895622e-04,1.675919e-04,1.456300e-04,1.226835e-04,9.340442e-05,5.762189e-05,1.987373e-05,-1.429180e-05,-3.916001e-05,-5.141004e-05,-4.954884e-05,-3.620641e-05,-1.564959e-05,1.033628e-05,4.225788e-05,7.842578e-05,1.157136e-04,1.528508e-04
-2.181600e-04,6.259768e-06,-3.823656e-06,3.015491e-04,2.191089e-04,1.278318e-04,1.195501e-04,-2.139570e-05,-1.378259e-04,-6.934844e-05,2.023042e-05,9.265047e-05,1.759456e-04,2.748124e-04,3.066339e-04,2.078160e-04,1.548760e-05,-1.823342e-04,-3.205344e-04,-4.257425e-04,-5.314106e-04,6.025214e-03,5.165952e-03,4.293892e-03,3.473050e-03,2.748059e-03,2.143016e-03,1.670723e-03,1.322673e-03,1.084731e-03,9.359158e-04,8.565237e-04,8.254332e-04,8.238378e-04,8.403955e-04,8.655722e-04,8.914869e-04,9.173776e-04,9.431980e-04,-4.292764e-04,-4.491903e-04,-4.688730e-04,-4.852951e-04,-4.779421e-04,-4.425513e-04,-3.872335e-04,-3.236543e-04,-2.626530e-04,-2.120826e-04,-1.805876e-04,-1.675683e-04,-1.732701e-04,-1.951752e-04,-2.285240e-04,-2.681602e-04,-3.111759e-04,-3.540482e-04,-1.728026e-03,-1.656554e-03,-1.584886e-03,-1.513604e-03,-1.448328e-03,-1.389615e-03,-1.340298e-03,-1.297336e-03,-1.258668e-03,-1.220154e-03,-1.184515e-03,-1.153628e-03,-1.126923e-03,-1.102203e-03,-1.078777e-03,-1.057608e-03,-1.038268e-03,-1.018781e-03,1.889907e-04,1.665208e-04,1.440662e-04,1.206438e-04,9.135158e-05,5.606420e-05,1.912880e-05,-1.407204e-05,-3.796237e-05,-4.943150e-05,-4.725579e-05,-3.398899e-05,-1.378677e-05,1.167422e-05,4.301453e-05,7.862169e-05,1.153395e-04,1.519076e-04
-2.186988e-04,6.427199e-06,-2.967604e-06,2.659950e-04,1.882085e-04,1.030171e-04,8.855612e-05,-3.381835e-05,-1.283868e-04,-5.395068e-05,2.801539e-05,7.623086e-05,1.306396e-04,1.979385e-04,2.185653e-04,1.399636e-04,-1.136328e-05,-1.640128e-04,-2.678108e-04,-3.431202e-04,-4.185513e-04,4.883959e-03,4.293892e-03,3.707314e-03,3.106802e-03,2.558631e-03,2.085037e-03,1.705801e-03,1.418937e-03,1.216742e-03,1.083835e-03,1.005729e-03,9.664739e-04,9.511386e-04,9.505164e-04,9.569918e-04,9.643435e-04,9.717516e-04,9.790821e-04,-3.785543e-04,-3.911000e-04,-4.034580e-04,-4.129499e-04,-4.023279e-04,-3.680413e-04,-3.170726e-04,-2.597899e-04,-2.057557e-04,-1.613940e-04,-1.332853e-04,-1.208525e-04,-1.243722e-04,-1.417279e-04,-1.688051e-04,-2.012994e-04,-2.367868e-04,-2.721617e-04,-1.755604e-03,-1.681223e-03,-1.606658e-03,-1.532364e-03,-1.463602e-03,-1.401039e-03,-1.347712e-03,-1.300915e-03,-1.258776e-03,-1.217218e-03,-1.179006e-03,-1.146086e-03,-1.117830e-03,-1.091892e-03,-1.067511e-03,-1.045635e-03,-1.025675e-03,-1.005559e-03,1.884284e-04,1.654595e-04,1.425125e-04,1.186147e-04,8.930976e-05,5.451775e-05,1.839518e-05,-1.384113e-05,-3.675387e-05,-4.744255e-05,-4.495287e-05,-3.176228e-05,-1.191522e-05,1.302040e-05,4.377901e-05,7.882503e-05,1.149725e-04,1.509710e-04
-2.192431e-04,6.589386e-06,-2.112677e-06,2.302231e-04,1.571984e-04,7.820075e-05,5.765601e-05,-4.611505e-05,-1.188598e-04,-3.852296e-05,3.580310e-05,5.980693e-05,8.532605e-05,1.210549e-04,1.304877e-04,7.210921e-05,-3.820422e-05,-1.456665e-04,-2.150496e-04,-2.604498e-04,-3.056333e-04,3.838410e-03,3.473050e-03,3.106802e-03,2.744124e-03,2.368132e-03,2.027277e-03,1.740792e-03,1.515230e-03,1.348777e-03,1.231799e-03,1.154988e-03,1.107576e-03,1.078506e-03,1.060707e-03,1.048484e-03,1.037275e-03,1.026203e-03,1.015046e-03,-3.279160e-04,-3.330748e-04,-3.380894e-04,-3.406341e-04,-3.267274e-04,-2.935318e-04,-2.469030e-04,-1.959099e-04,-1.488377e-04,-1.106802e-04,-8.595335e-05,-7.410226e-05,-7.543490e-05,-8.823534e-05,-1.090348e-04,-1.343804e-04,-1.623327e-04,-1.902032e-04,-1.783223e-03,-1.705933e-03,-1.628469e-03,-1.551164e-03,-1.478914e-03,-1.412502e-03,-1.355165e-03,-1.304531e-03,-1.258921e-03,-1.214316e-03,-1.173529e-03,-1.138576e-03,-1.108766e-03,-1.081609e-03,-1.056271e-03,-1.033686e-03,-1.013103e-03,-9.923571e-04,1.878360e-04,1.643659e-04,1.409247e-04,1.165496e-04,8.723043e-05,5.293287e-05,1.762294e-05,-1.364826e-05,-3.558222e-05,-4.548872e-05,-4.268304e-05,-2.956645e-05,-1.007239e-05,1.433987e-05,4.451866e-05,7.900543e-05,1.145844e-04,1.500153e-04
-2.197676e-04,6.770485e-06,-1.251078e-06,1.941825e-04,1.258142e-04,5.290697e-05,2.617904e-05,-5.892841e-05,-1.096448e-04,-2.318593e-05,4.359269e-05,4.338861e-05,4.001472e-05,4.417109e-05,4.239668e-05,4.208753e-06,-6.513153e-05,-1.274410e-04,-1.624236e-04,-1.779154e-04,-1.928529e-04,2.937759e-03,2.748059e-03,2.558631e-03,2.368132e-03,2.181714e-03,1.968749e-03,1.776148e-03,1.611445e-03,1.480745e-03,1.379613e-03,1.304063e-03,1.248464e-03,1.205640e-03,1.170651e-03,1.139718e-03,1.109939e-03,1.080376e-03,1.050722e-03,-2.776680e-04,-2.754028e-04,-2.730370e-04,-2.685952e-04,-2.513680e-04,-2.192290e-04,-1.769047e-04,-1.321689e-04,-9.203241e-05,-6.006087e-05,-3.870663e-05,-2.743600e-05,-2.658704e-05,-3.484331e-05,-4.938019e-05,-6.759479e-05,-8.803087e-05,-1.084159e-04,-1.810702e-03,-1.730503e-03,-1.650142e-03,-1.569826e-03,-1.494090e-03,-1.423828e-03,-1.362481e-03,-1.308013e-03,-1.258936e-03,-1.211289e-03,-1.167934e-03,-1.130955e-03,-1.099597e-03,-1.071226e-03,-1.044936e-03,-1.021648e-03,-1.000448e-03,-9.790759e-04,1.873672e-04,1.633991e-04,1.394666e-04,1.146167e-04,8.528513e-05,5.148293e-05,1.698487e-05,-1.332378e-05,-3.428306e-05,-4.341290e-05,-4.029754e-05,-2.726165e-05,-8.126849e-06,1.575667e-05,4.535093e-05,7.927399e-05,1.142801e-04,1.491390e-04
-2.200746e-04,7.136778e-06,-6.556129e-07,1.570091e-04,9.588112e-05,3.161482e-05,1.436571e-06,-6.444790e-05,-9.441366e-05,-4.501878e-06,5.317674e-05,2.815413e-05,-4.679696e-06,-3.239644e-05,-4.524680e-05,-6.247049e-05,-8.964816e-05,-1.054674e-04,-1.049871e-04,-8.974603e-05,-7.360749e-05,2.200943e-03,2.143016e-03,2.085037e-03,2.027277e-03,1.968749e-03,1.904801e-03,1.804445e-03,1.704314e-03,1.610890e-03,1.527063e-03,1.453720e-03,1.390615e-03,1.334510e-03,1.282672e-03,1.233295e-03,1.185193e-03,1.137388e-03,1.089485e-03,-2.292208e-04,-2.197521e-04,-2.102221e-04,-1.990224e-04,-1.785792e-04,-1.475393e-04,-1.095321e-04,-7.100572e-05,-3.768135e-05,-1.168487e-05,6.598784e-06,1.768193e-05,2.119430e-05,1.804429e-05,1.040466e-05,-2.274907e-10,-1.221823e-05,-2.441689e-05,-1.835784e-03,-1.752845e-03,-1.669753e-03,-1.586598e-03,-1.507552e-03,-1.433599e-03,-1.368367e-03,-1.310142e-03,-1.257635e-03,-1.206982e-03,-1.161111e-03,-1.122185e-03,-1.089391e-03,-1.059944e-03,-1.032856e-03,-1.009023e-03,-9.873645e-04,-9.655246e-04,1.882329e-04,1.637848e-04,1.393777e-04,1.140789e-04,8.475503e-05,5.146067e-05,1.777616e-05,-1.158714e-05,-3.161088e-05,-4.001667e-05,-3.664845e-05,-2.376172e-05,-5.077325e-06,1.815643e-05,4.701104e-05,8.018915e-05,1.144309e-04,1.485271e-04
-2.200767e-04,7.633657e-06,-4.620237e-07,1.213036e-04,6.996723e-05,1.670632e-05,-1.306320e-05,-5.918277e-05,-6.939152e-05,1.976035e-05,6.529953e-05,1.372177e-05,-5.018914e-05,-1.102535e-04,-1.334674e-04,-1.275740e-04,-1.095606e-04,-7.538474e-05,-3.650251e-05,1.185242e-05,6.146771e-05,1.635668e-03,1.670723e-03,1.705801e-03,1.740792e-03,1.776148e-03,1.804445e-03,1.821443e-03,1.787256e-03,1.737092e-03,1.673855e-03,1.605533e-03,1.536931e-03,1.469111e-03,1.401646e-03,1.334862e-03,1.269427e-03,1.204375e-03,1.139217e-03,-1.857140e-04,-1.702969e-04,-1.548509e-04,-1.381037e-04,-1.151874e-04,-8.540724e-05,-5.139787e-05,-1.836400e-05,9.170399e-06,3.045567e-05,4.711735e-05,5.964248e-05,6.762289e-05,7.154350e-05,7.293067e-05,7.256727e-05,7.085126e-05,6.912058e-05,-1.856633e-03,-1.771341e-03,-1.685906e-03,-1.600305e-03,-1.518367e-03,-1.441125e-03,-1.372321e-03,-1.310523e-03,-1.254674e-03,-1.201065e-03,-1.152728e-03,-1.111927e-03,-1.077803e-03,-1.047417e-03,-1.019682e-03,-9.954602e-04,-9.734971e-04,-9.513436e-04,1.899838e-04,1.651915e-04,1.404433e-04,1.148389e-04,8.562506e-05,5.287576e-05,1.998555e-05,-8.495543e-06,-2.767978e-05,-3.546673e-05,-3.194335e-05,-1.930947e-05,-1.205367e-06,2.120754e-05,4.909913e-05,8.127007e-05,1.144699e-04,1.475270e-04
-2.195552e-04,8.217742e-06,-2.417272e-07,8.842461e-05,4.700545e-05,4.631758e-06,-2.268865e-05,-5.116083e-05,-4.526599e-05,3.825047e-05,7.056024e-05,-5.846413e-06,-1.005558e-04,-1.921911e-04,-2.242324e-04,-1.920287e-04,-1.245075e-04,-3.538173e-05,4.585076e-05,1.300676e-04,2.159609e-04,1.226403e-03,1.322673e-03,1.418937e-03,1.515230e-03,1.611445e-03,1.704314e-03,1.787256e-03,1.848487e-03,1.846616e-03,1.813078e-03,1.755684e-03,1.686654e-03,1.611181e-03,1.531559e-03,1.450453e-03,1.370656e-03,1.291338e-03,1.211907e-03,-1.495941e-04,-1.303445e-04,-1.110911e-04,-9.083093e-05,-6.683207e-05,-3.887302e-05,-8.694555e-06,1.964171e-05,4.269254e-05,6.105499e-05,7.825454e-05,9.474118e-05,1.100747e-04,1.242889e-04,1.382601e-04,1.517124e-04,1.643807e-04,1.769951e-04,-1.870510e-03,-1.783579e-03,-1.696512e-03,-1.609188e-03,-1.525115e-03,-1.445307e-03,-1.373521e-03,-1.308542e-03,-1.249563e-03,-1.193077e-03,-1.142236e-03,-1.099427e-03,-1.063774e-03,-1.032206e-03,-1.003556e-03,-9.786704e-04,-9.561273e-04,-9.333843e-04,1.918014e-04,1.669559e-04,1.421568e-04,1.165280e-04,8.762252e-05,5.552530e-05,2.346447e-05,-4.161735e-06,-2.258302e-05,-2.986907e-05,-2.633027e-05,-1.410533e-05,3.251123e-06,2.466488e-05,5.139256e-05,8.233823e-05,1.142680e-04,1.460588e-04
-2.187094e-04,8.694504e-06,2.417370e-07,5.768807e-05,2.533802e-05,-7.258708e-06,-3.091531e-05,-4.441427e-05,-2.711035e-05,4.613643e-05,6.406480e-05,-3.375604e-05,-1.571212e-04,-2.774081e-04,-3.152221e-04,-2.524959e-04,-1.305325e-04,1.898783e-05,1.465034e-04,2.684232e-04,3.925325e-04,9.527148e-04,1.084731e-03,1.216742e-03,1.348777e-03,1.480745e-03,1.610890e-03,1.737092e-03,1.846616e-03,1.926478e-03,1.931409e-03,1.897529e-03,1.837237e-03,1.762376e-03,1.677789e-03,1.588982e-03,1.501216e-03,1.414048e-03,1.326761e-03,-1.179253e-04,-9.862146e-05,-7.933216e-05,-5.924774e-05,-3.717123e-05,-1.310940e-05,1.212168e-05,3.567009e-05,5.522556e-05,7.266838e-05,9.312397e-05,1.169582e-04,1.436766e-04,1.727965e-04,2.045221e-04,2.373356e-04,2.701199e-04,3.028022e-04,-1.878712e-03,-1.790900e-03,-1.702961e-03,-1.614684e-03,-1.529289e-03,-1.447703e-03,-1.373611e-03,-1.305942e-03,-1.244114e-03,-1.184817e-03,-1.131323e-03,-1.086165e-03,-1.048495e-03,-1.015155e-03,-9.849321e-04,-9.587010e-04,-9.349003e-04,-9.108895e-04,1.919845e-04,1.674399e-04,1.429440e-04,1.176298e-04,8.928042e-05,5.799915e-05,2.686766e-05,1.309720e-07,-1.755933e-05,-2.443592e-05,-2.099508e-05,-9.301846e-06,7.186610e-06,2.748778e-05,5.293217e-05,8.252865e-05,1.130560e-04,1.434486e-04
-2.175107e-04,8.803906e-06,7.931769e-07,3.031226e-05,5.966876e-06,-1.816773e-05,-3.742290e-05,-3.804676e-05,-1.273331e-05,4.830275e-05,5.288671e-05,-6.145379e-05,-2.104885e-04,-3.562419e-04,-3.976313e-04,-3.018025e-04,-1.218926e-04,9.246695e-05,2.692905e-04,4.291016e-04,5.917269e-04,7.879863e-04,9.359158e-04,1.083835e-03,1.231799e-03,1.379613e-03,1.527063e-03,1.673855e-03,1.813078e-03,1.931409e-03,2.011977e-03,2.013980e-03,1.978475e-03,1.916924e-03,1.839221e-03,1.753607e-03,1.668444e-03,1.584015e-03,1.499461e-03,-8.718231e-05,-7.194655e-05,-5.673833e-05,-4.088044e-05,-2.418931e-05,-6.659171e-06,1.188996e-05,2.992060e-05,4.634595e-05,6.435285e-05,9.025392e-05,1.243304e-04,1.660855e-04,2.145131e-04,2.691223e-04,3.269300e-04,3.857203e-04,4.443496e-04,-1.881002e-03,-1.793078e-03,-1.705035e-03,-1.616584e-03,-1.530691e-03,-1.448145e-03,-1.372493e-03,-1.302733e-03,-1.238446e-03,-1.176477e-03,-1.120215e-03,-1.072355e-03,-1.032145e-03,-9.963824e-04,-9.638507e-04,-9.354957e-04,-9.096601e-04,-8.836037e-04,1.888120e-04,1.648346e-04,1.409081e-04,1.161727e-04,8.858702e-05,5.828023e-05,2.820461e-05,2.450932e-06,-1.445881e-05,-2.091634e-05,-1.755239e-05,-6.363866e-06,9.273971e-06,2.845428e-05,5.256498e-05,8.073168e-05,1.097573e-04,1.386538e-04
-2.161823e-04,8.534417e-06,1.297940e-06,6.437536e-06,-1.077751e-05,-2.751967e-05,-4.195838e-05,-3.166842e-05,-1.127380e-06,4.702867e-05,4.052776e-05,-8.437267e-05,-2.528656e-04,-4.181653e-04,-4.615309e-04,-3.323644e-04,-9.344984e-05,1.881152e-04,4.153800e-04,6.105850e-04,8.093563e-04,7.073055e-04,8.565237e-04,1.005729e-03,1.154988e-03,1.304063e-03,1.453720e-03,1.605533e-03,1.755684e-03,1.897529e-03,2.013980e-03,2.092479e-03,2.097363e-03,2.068530e-03,2.013924e-03,1.947058e-03,1.879437e-03,1.812742e-03,1.745909e-03,-5.605133e-05,-4.830216e-05,-4.058883e-05,-3.233203e-05,-2.396905e-05,-1.532523e-05,-5.208517e-06,6.194834e-06,1.904826e-05,3.785259e-05,6.985949e-05,1.154850e-04,1.743945e-04,2.451682e-04,3.265990e-04,4.139791e-04,5.036859e-04,5.931595e-04,-1.879564e-03,-1.792143e-03,-1.704609e-03,-1.616608e-03,-1.530885e-03,-1.448060e-03,-1.371496e-03,-1.300187e-03,-1.233815e-03,-1.169327e-03,-1.110187e-03,-1.059247e-03,-1.015919e-03,-9.770166e-04,-9.413469e-04,-9.099835e-04,-8.812310e-04,-8.522464e-04,1.826632e-04,1.593610e-04,1.361108e-04,1.120662e-04,8.532079e-05,5.603987e-05,2.706835e-05,2.354185e-06,-1.370774e-05,-1.965267e-05,-1.621192e-05,-5.352585e-06,9.591232e-06,2.775320e-05,5.056456e-05,7.728621e-05,1.047661e-04,1.321244e-04
