4.641368e-05,-9.446302e-07,-2.895244e-07,1.949176e-06,2.434120e-06,2.917892e-06,3.308032e-06,3.645842e-06,3.940697e-06,4.257085e-06,4.306506e-06,4.093238e-06,3.969547e-06,4.058646e-06,4.237949e-06,4.738007e-06,5.689757e-06,6.684841e-06,7.725580e-06,8.822289e-06,9.881214e-06,-2.948800e-04,-2.943930e-04,-2.939057e-04,-2.934192e-04,-2.929302e-04,-2.924096e-04,-2.918420e-04,-2.911931e-04,-2.904859e-04,-2.897159e-04,-2.889126e-04,-2.881062e-04,-2.872887e-04,-2.864477e-04,-2.855873e-04,-2.847263e-04,-2.838759e-04,-2.830232e-04,7.839214e-06,7.920370e-06,8.001486e-06,8.073295e-06,8.118058e-06,8.136844e-06,8.111188e-06,8.042969e-06,7.925734e-06,7.748664e-06,7.531185e-06,7.286406e-06,7.044717e-06,6.815591e-06,6.580840e-06,6.337718e-06,6.100645e-06,5.864783e-06,3.858188e-04,3.728415e-04,3.598612e-04,3.468777e-04,3.339668e-04,3.211499e-04,3.084996e-04,2.959961e-04,2.836344e-04,2.713563e-04,2.592334e-04,2.473140e-04,2.355793e-04,2.239627e-04,2.124296e-04,2.009868e-04,1.895984e-04,1.782053e-04,-1.841838e-05,-1.634373e-05,-1.426951e-05,-1.218692e-05,-1.007227e-05,-7.958912e-06,-5.939492e-06,-4.126866e-06,-2.634797e-06,-1.516948e-06,-7.757156e-07,-3.551347e-07,-1.609120e-07,-1.454079e-07,-3.044708e-07,-5.867188e-07,-8.996761e-07,-1.208665e-06
-9.446302e-07,4.343632e-05,1.322339e-07,4.883230e-07,1.738725e-07,-6.348897e-08,-3.466614e-07,-6.402722e-07,-7.527586e-07,-7.227215e-07,-7.910996e-07,-9.249018e-07,-1.251274e-06,-1.454296e-06,-1.534409e-06,-1.200529e-06,-5.320318e-07,5.697878e-07,2.115674e-06,3.695757e-06,5.247821e-06,1.061092e-05,1.037224e-05,1.013375e-05,9.894611e-06,9.657842e-06,9.445415e-06,9.249115e-06,9.065052e-06,8.871432e-06,8.633928e-06,8.352863e-06,8.031020e-06,7.685801e-06,7.318054e-06,6.913143e-06,6.476141e-06,6.031574e-06,5.588430e-06,-2.745309e-04,-2.738554e-04,-2.731772e-04,-2.724764e-04,-2.717811e-04,-2.710815e-04,-2.704013e-04,-2.697512e-04,-2.691406e-04,-2.685721e-04,-2.680797e-04,-2.676425e-04,-2.672521e-04,-2.669134e-04,-2.666060e-04,-2.663053e-04,-2.660018e-04,-2.656966e-04,-1.808264e-05,-1.604120e-05,-1.399999e-05,-1.195330e-05,-9.883772e-06,-7.821022e-06,-5.852045e-06,-4.084245e-06,-2.621168e-06,-1.511545e-06,-7.546663e-07,-2.954167e-07,-4.150447e-08,5.525123e-08,-2.048232e-09,-1.696537e-07,-3.652167e-07,-5.571194e-07,3.220173e-04,3.164453e-04,3.108731e-04,3.052217e-04,2.993987e-04,2.932345e-04,2.866316e-04,2.795120e-04,2.719396e-04,2.639800e-04,2.558068e-04,2.474760e-04,2.390532e-04,2.306178e-04,2.221892e-04,2.137360e-04,2.052524e-04,1.967692e-04
-2.895244e-07,1.322339e-07,9.258463e-06,-7.789783e-05,-7.822169e-05,-7.851795e-05,-7.853635e-05,-7.852843e-05,-7.813401e-05,-7.751143e-05,-7.622122e-05,-7.446275e-05,-7.196500e-05,-6.955596e-05,-6.740217e-05,-6.548519e-05,-6.382262e-05,-6.236789e-05,-6.110372e-05,-5.994255e-05,-5.876086e-05,-3.644695e-06,-2.743314e-06,-1.841844e-06,-9.405147e-07,-3.806791e-08,8.271079e-07,1.633307e-06,2.427853e-06,3.233538e-06,4.022621e-06,4.776075e-06,5.485765e-06,6.163227e-06,6.821588e-06,7.468112e-06,8.116388e-06,8.770018e-06,9.422676e-06,-9.519281e-07,-1.154094e-06,-1.358057e-06,-1.518240e-06,-1.607093e-06,-1.662728e-06,-1.698980e-06,-1.710371e-06,-1.695757e-06,-1.622949e-06,-1.462991e-06,-1.230876e-06,-9.412515e-07,-6.144311e-07,-2.606430e-07,1.117974e-07,4.887273e-07,8.646808e-07,-8.976729e-06,-8.269153e-06,-7.562096e-06,-6.849106e-06,-6.122010e-06,-5.330302e-06,-4.432844e-06,-3.454531e-06,-2.386840e-06,-1.159510e-06,2.764925e-07,1.938749e-06,3.812676e-06,5.849003e-06,7.974266e-06,1.013212e-05,1.229272e-05,1.445233e-05,-2.558491e-07,9.983449e-09,2.796122e-07,5.065972e-07,6.660994e-07,7.982177e-07,9.190601e-07,1.030245e-06,1.140338e-06,1.219822e-06,1.256892e-06,1.292273e-06,1.384270e-06,1.570664e-06,1.858180e-06,2.219026e-06,2.604061e-06,2.986919e-06
1.949176e-06,4.883230e-07,-7.789783e-05,1.736701e-03,1.342407e-03,1.014734e-03,7.896166e-04,6.597301e-04,5.974432e-04,5.785431e-04,5.751964e-04,5.731465e-04,5.640867e-04,5.533211e-04,5.423404e-04,5.323634e-04,5.252482e-04,5.223826e-04,5.236367e-04,5.270788e-04,5.302699e-04,1.881893e-04,1.651809e-04,1.421714e-04,1.191551e-04,9.605340e-05,7.356259e-05,5.236193e-05,3.263142e-05,1.438861e-05,-2.515783e-06,-1.825964e-05,-3.303760e-05,-4.713688e-05,-6.081626e-05,-7.428670e-05,-8.776542e-05,-1.013083e-04,-1.148415e-04,-2.508232e-04,-2.142036e-04,-1.774119e-04,-1.429027e-04,-1.121408e-04,-8.465294e-05,-6.024378e-05,-3.879172e-05,-2.018062e-05,-4.184856e-06,9.448627e-06,2.117381e-05,3.140434e-05,4.061564e-05,4.918617e-05,5.735152e-05,6.536385e-05,7.339125e-05,6.332213e-05,5.879177e-05,5.426602e-05,4.966601e-05,4.492078e-05,3.955531e-05,3.315188e-05,2.583625e-05,1.750475e-05,7.619851e-06,-4.181479e-06,-1.800516e-05,-3.369475e-05,-5.080808e-05,-6.870107e-05,-8.688105e-05,-1.050864e-04,-1.232835e-04,1.789030e-05,1.372608e-05,9.507217e-06,5.881203e-06,3.204655e-06,1.106542e-06,-5.721305e-07,-1.876996e-06,-2.899534e-06,-3.455123e-06,-3.500745e-06,-3.413915e-06,-3.714139e-06,-4.747479e-06,-6.597869e-06,-9.046530e-06,-1.168973e-05,-1.431542e-05
2.434120e-06,1.738725e-07,-7.822169e-05,1.342407e-03,1.158800e-03,9.592145e-04,8.077129e-04,7.074095e-04,6.494623e-04,6.219217e-04,6.066568e-04,5.945186e-04,5.783437e-04,5.630087e-04,5.493423e-04,5.376455e-04,5.288859e-04,5.236456e-04,5.216809e-04,5.214560e-04,5.210049e-04,1.380858e-04,1.195927e-04,1.010980e-04,8.260088e-05,6.402581e-05,4.610079e-05,2.943139e-05,1.388946e-05,-6.563533e-07,-1.425340e-05,-2.699163e-05,-3.899204e-05,-5.048049e-05,-6.165835e-05,-7.267361e-05,-8.370115e-05,-9.478682e-05,-1.058632e-04,-1.552963e-04,-1.307073e-04,-1.059819e-04,-8.309365e-05,-6.320181e-05,-4.568999e-05,-3.029801e-05,-1.693246e-05,-5.476345e-06,4.140934e-06,1.201211e-05,1.846604e-05,2.379591e-05,2.835807e-05,3.242252e-05,3.616593e-05,3.979612e-05,4.343906e-05,6.945878e-05,6.447199e-05,5.948986e-05,5.443886e-05,4.925135e-05,4.344554e-05,3.661419e-05,2.892693e-05,2.030074e-05,1.018083e-05,-1.810089e-06,-1.578969e-05,-3.161139e-05,-4.884130e-05,-6.684309e-05,-8.512881e-05,-1.034390e-04,-1.217410e-04,1.380365e-05,1.025781e-05,6.662298e-06,3.607306e-06,1.415043e-06,-3.036504e-07,-1.713560e-06,-2.854692e-06,-3.818437e-06,-4.399354e-06,-4.535026e-06,-4.589626e-06,-5.070622e-06,-6.312547e-06,-8.388596e-06,-1.107305e-05,-1.395645e-05,-1.682195e-05
2.917892e-06,-6.348897e-08,-7.851795e-05,1.014734e-03,9.592145e-04,9.092593e-04,8.250359e-04,7.555349e-04,7.012599e-04,6.650558e-04,6.377972e-04,6.156091e-04,5.923732e-04,5.725192e-04,5.562038e-04,5.428098e-04,5.324066e-04,5.247602e-04,5.195160e-04,5.155486e-04,5.113807e-04,8.710341e-05,7.322214e-05,5.933871e-05,4.545728e-05,3.150538e-05,1.824241e-05,6.197608e-06,-5.067921e-06,-1.583623e-05,-2.605315e-05,-3.571996e-05,-4.488246e-05,-5.370326e-05,-6.232498e-05,-7.083134e-05,-7.935389e-05,-8.792830e-05,-9.649384e-05,-5.774177e-05,-4.544031e-05,-3.303812e-05,-2.202896e-05,-1.326171e-05,-5.971857e-06,1.682229e-07,5.225296e-06,9.319124e-06,1.236584e-05,1.429734e-05,1.531502e-05,1.558911e-05,1.535426e-05,1.476929e-05,1.395023e-05,1.305899e-05,1.217811e-05,7.550788e-05,7.007408e-05,6.464498e-05,5.915223e-05,5.353145e-05,4.729409e-05,4.004370e-05,3.199392e-05,2.308250e-05,1.273764e-05,5.678432e-07,-1.355630e-05,-2.949812e-05,-4.683223e-05,-6.493036e-05,-8.330947e-05,-1.017123e-04,-1.201069e-04,1.013257e-05,7.218143e-06,4.259074e-06,1.787844e-06,9.118529e-08,-1.239186e-06,-2.374343e-06,-3.348942e-06,-4.254291e-06,-4.864075e-06,-5.096036e-06,-5.300394e-06,-5.971881e-06,-7.432852e-06,-9.745310e-06,-1.267646e-05,-1.581110e-05,-1.892744e-05
3.308032e-06,-3.466614e-07,-7.853635e-05,7.896166e-04,8.077129e-04,8.250359e-04,8.368538e-04,7.961126e-04,7.500658e-04,7.063303e-04,6.677523e-04,6.351939e-04,6.043588e-04,5.795137e-04,5.602349e-04,5.450276e-04,5.331654e-04,5.237207e-04,5.161758e-04,5.096199e-04,5.028784e-04,4.553840e-05,3.533578e-05,2.513047e-05,1.493115e-05,4.668872e-06,-4.865558e-06,-1.319416e-05,-2.103538e-05,-2.880094e-05,-3.633242e-05,-4.355142e-05,-5.044594e-05,-5.713429e-05,-6.371438e-05,-7.021991e-05,-7.674823e-05,-8.332480e-05,-8.989271e-05,8.476539e-06,1.192025e-05,1.543121e-05,1.794933e-05,1.888059e-05,1.908875e-05,1.894299e-05,1.847198e-05,1.778309e-05,1.663925e-05,1.482463e-05,1.244429e-05,9.578306e-06,6.372965e-06,2.910154e-06,-7.331044e-07,-4.422590e-06,-8.103196e-06,8.022499e-05,7.443904e-05,6.865781e-05,6.281756e-05,5.685693e-05,5.028225e-05,4.270554e-05,3.437937e-05,2.525964e-05,1.475922e-05,2.475150e-06,-1.173091e-05,-2.773002e-05,-4.510454e-05,-6.323419e-05,-8.164116e-05,-1.000711e-04,-1.184926e-04,6.486046e-06,4.098058e-06,1.670274e-06,-3.186922e-07,-1.611467e-06,-2.627951e-06,-3.542119e-06,-4.382396e-06,-5.238322e-06,-5.863773e-06,-6.158675e-06,-6.462012e-06,-7.258172e-06,-8.860165e-06,-1.132239e-05,-1.440808e-05,-1.769956e-05,-2.097253e-05
3.645842e-06,-6.402722e-07,-7.852843e-05,6.597301e-04,7.074095e-04,7.555349e-04,7.961126e-04,8.250681e-04,7.923051e-04,7.490123e-04,7.011943e-04,6.584829e-04,6.190577e-04,5.881004e-04,5.648864e-04,5.472472e-04,5.338353e-04,5.231517e-04,5.143922e-04,5.065546e-04,4.985308e-04,3.585030e-06,-2.838006e-06,-9.263834e-06,-1.568168e-05,-2.215156e-05,-2.791696e-05,-3.257614e-05,-3.709365e-05,-4.197463e-05,-4.692066e-05,-5.175750e-05,-5.641735e-05,-6.098481e-05,-6.552372e-05,-7.003139e-05,-7.457715e-05,-7.917141e-05,-8.375680e-05,3.239159e-05,3.153342e-05,3.071519e-05,2.923539e-05,2.671448e-05,2.403256e-05,2.155228e-05,1.925441e-05,1.721571e-05,1.503628e-05,1.236054e-05,9.245071e-06,5.733523e-06,1.934910e-06,-2.099231e-06,-6.302564e-06,-1.054476e-05,-1.477834e-05,8.448233e-05,7.834871e-05,7.221977e-05,6.603583e-05,5.973685e-05,5.283366e-05,4.495010e-05,3.637264e-05,2.707018e-05,1.643569e-05,4.052962e-06,-1.022487e-05,-2.627502e-05,-4.368603e-05,-6.184359e-05,-8.027431e-05,-9.872706e-05,-1.171716e-04,3.583573e-06,1.539159e-06,-5.410835e-07,-2.223123e-06,-3.275066e-06,-4.117286e-06,-4.920984e-06,-5.708069e-06,-6.564522e-06,-7.223293e-06,-7.567449e-06,-7.930631e-06,-8.793414e-06,-1.046546e-05,-1.299884e-05,-1.615601e-05,-1.951936e-05,-2.286417e-05
3.940697e-06,-7.527586e-07,-7.813401e-05,5.974432e-04,6.494623e-04,7.012599e-04,7.500658e-04,7.923051e-04,8.195164e-04,7.848137e-04,7.369898e-04,6.863136e-04,6.383084e-04,5.996187e-04,5.701913e-04,5.476170e-04,5.303486e-04,5.165617e-04,5.052166e-04,4.949853e-04,4.845522e-04,-1.360279e-05,-1.870666e-05,-2.381293e-05,-2.891174e-05,-3.404837e-05,-3.857053e-05,-4.215548e-05,-4.593579e-05,-5.046575e-05,-5.526987e-05,-6.005777e-05,-6.470873e-05,-6.929587e-05,-7.387552e-05,-7.844168e-05,-8.305984e-05,-8.773040e-05,-9.239159e-05,3.492717e-05,3.289571e-05,3.088627e-05,2.843468e-05,2.530457e-05,2.229137e-05,1.970899e-05,1.749980e-05,1.570906e-05,1.377213e-05,1.121088e-05,8.087609e-06,4.473076e-06,4.964029e-07,-3.775081e-06,-8.253294e-06,-1.278566e-05,-1.730836e-05,8.771129e-05,8.131799e-05,7.492927e-05,6.848869e-05,6.193603e-05,5.479904e-05,4.671504e-05,3.799223e-05,2.860669e-05,1.792872e-05,5.528189e-06,-8.748922e-06,-2.478295e-05,-4.216671e-05,-6.029011e-05,-7.868287e-05,-9.709680e-05,-1.155027e-04,2.773151e-06,8.417130e-07,-1.122789e-06,-2.717916e-06,-3.730776e-06,-4.567685e-06,-5.392284e-06,-6.222654e-06,-7.141321e-06,-7.861440e-06,-8.251218e-06,-8.643968e-06,-9.521575e-06,-1.119528e-05,-1.371951e-05,-1.686054e-05,-2.020511e-05,-2.353136e-05
4.257085e-06,-7.227215e-07,-7.751143e-05,5.785431e-04,6.219217e-04,6.650558e-04,7.063303e-04,7.490123e-04,7.848137e-04,8.089068e-04,7.706182e-04,7.214138e-04,6.667837e-04,6.196003e-04,5.810682e-04,5.495979e-04,5.241170e-04,5.029900e-04,4.852340e-04,4.690646e-04,4.526643e-04,1.197050e-05,3.666096e-06,-4.640083e-06,-1.294072e-05,-2.126523e-05,-2.910663e-05,-3.624315e-05,-4.383946e-05,-5.241345e-05,-6.127567e-05,-6.999707e-05,-7.841329e-05,-8.662669e-05,-9.473509e-05,-1.027878e-04,-1.108932e-04,-1.190582e-04,-1.272132e-04,2.669014e-05,2.561934e-05,2.456083e-05,2.318084e-05,2.131897e-05,1.961438e-05,1.828378e-05,1.721244e-05,1.639026e-05,1.507438e-05,1.267440e-05,9.316789e-06,5.172911e-06,4.560404e-07,-4.702586e-06,-1.015738e-05,-1.570705e-05,-2.124460e-05,9.057525e-05,8.400980e-05,7.744876e-05,7.083801e-05,6.411644e-05,5.683580e-05,4.865062e-05,3.987215e-05,3.047239e-05,1.979533e-05,7.395329e-06,-6.886939e-06,-2.292945e-05,-4.032394e-05,-5.845851e-05,-7.686098e-05,-9.528391e-05,-1.136990e-04,3.946904e-06,1.897517e-06,-1.832431e-07,-1.912720e-06,-3.090740e-06,-4.100425e-06,-5.092972e-06,-6.080936e-06,-7.140522e-06,-7.964320e-06,-8.406796e-06,-8.807198e-06,-9.656031e-06,-1.127256e-05,-1.371859e-05,-1.676857e-05,-2.001666e-05,-2.324690e-05
4.306506e-06,-7.910996e-07,-7.622122e-05,5.751964e-04,6.066568e-04,6.377972e-04,6.677523e-04,7.011943e-04,7.369898e-04,7.706182e-04,7.924684e-04,7.548233e-04,7.037193e-04,6.503421e-04,6.016104e-04,5.573678e-04,5.183543e-04,4.838986e-04,4.536813e-04,4.255676e-04,3.971975e-04,4.270614e-05,2.947106e-05,1.623476e-05,3.001993e-06,-1.024455e-05,-2.312240e-05,-3.549310e-05,-4.840453e-05,-6.227619e-05,-7.621428e-05,-8.964695e-05,-1.023830e-04,-1.145935e-04,-1.264695e-04,-1.381806e-04,-1.499285e-04,-1.617421e-04,-1.735455e-04,2.223713e-05,2.232699e-05,2.242521e-05,2.224692e-05,2.163899e-05,2.106018e-05,2.061222e-05,2.011237e-05,1.948370e-05,1.780824e-05,1.438552e-05,9.450844e-06,3.338291e-06,-3.606110e-06,-1.116034e-05,-1.910743e-05,-2.719641e-05,-3.527061e-05,9.011766e-05,8.362272e-05,7.713201e-05,7.059325e-05,6.394482e-05,5.676286e-05,4.871942e-05,4.010822e-05,3.089119e-05,2.039334e-05,8.156548e-06,-5.981034e-06,-2.189108e-05,-3.916115e-05,-5.717422e-05,-7.545402e-05,-9.375381e-05,-1.120460e-04,4.681128e-06,2.419723e-06,1.280519e-07,-1.823736e-06,-3.241230e-06,-4.479066e-06,-5.673013e-06,-6.827480e-06,-8.009731e-06,-8.893921e-06,-9.321718e-06,-9.641809e-06,-1.035783e-05,-1.180110e-05,-1.404347e-05,-1.687128e-05,-1.988931e-05,-2.289015e-05
4.093238e-06,-9.249018e-07,-7.446275e-05,5.731465e-04,5.945186e-04,6.156091e-04,6.351939e-04,6.584829e-04,6.863136e-04,7.214138e-04,7.548233e-04,7.805416e-04,7.435851e-04,6.940784e-04,6.367057e-04,5.775821e-04,5.201735e-04,4.661392e-04,4.166316e-04,3.695537e-04,3.222139e-04,5.668308e-05,3.873818e-05,2.079246e-05,2.848556e-06,-1.510322e-05,-3.276313e-05,-5.003319e-05,-6.773539e-05,-8.610760e-05,-1.040895e-04,-1.209805e-04,-1.365698e-04,-1.511191e-04,-1.649624e-04,-1.784584e-04,-1.919535e-04,-2.055151e-04,-2.190670e-04,3.033509e-05,3.070227e-05,3.107763e-05,3.116329e-05,3.073767e-05,3.005380e-05,2.907841e-05,2.754192e-05,2.527457e-05,2.124744e-05,1.469537e-05,6.009421e-06,-4.250788e-06,-1.556362e-05,-2.760704e-05,-4.010182e-05,-5.277225e-05,-6.542625e-05,8.638644e-05,8.021365e-05,7.404489e-05,6.782932e-05,6.150545e-05,5.466992e-05,4.700797e-05,3.878126e-05,2.993171e-05,1.977570e-05,7.847592e-06,-6.015558e-06,-2.167693e-05,-3.871610e-05,-5.650550e-05,-7.456157e-05,-9.263762e-05,-1.107063e-04,4.949227e-06,2.420546e-06,-1.376793e-07,-2.362137e-06,-4.055444e-06,-5.539473e-06,-6.931625e-06,-8.224640e-06,-9.472229e-06,-1.033896e-05,-1.065961e-05,-1.079667e-05,-1.127257e-05,-1.243478e-05,-1.436596e-05,-1.686478e-05,-1.954608e-05,-2.221084e-05
3.969547e-06,-1.251274e-06,-7.196500e-05,5.640867e-04,5.783437e-04,5.923732e-04,6.043588e-04,6.190577e-04,6.383084e-04,6.667837e-04,7.037193e-04,7.435851e-04,7.712190e-04,7.356397e-04,6.800289e-04,6.089336e-04,5.329152e-04,4.564359e-04,3.833654e-04,3.124711e-04,2.413604e-04,5.819129e-05,3.673981e-05,1.528778e-05,-6.163654e-06,-2.762009e-05,-4.882858e-05,-6.969549e-05,-9.079727e-05,-1.121612e-04,-1.326169e-04,-1.513220e-04,-1.679981e-04,-1.829726e-04,-1.967498e-04,-2.099256e-04,-2.230259e-04,-2.361818e-04,-2.493301e-04,4.492958e-05,4.378473e-05,4.264937e-05,4.119338e-05,3.911510e-05,3.650134e-05,3.321876e-05,2.894303e-05,2.343536e-05,1.566177e-05,4.825443e-06,-8.541041e-06,-2.364766e-05,-3.981744e-05,-5.667371e-05,-7.392962e-05,-9.135086e-05,-1.087571e-04,8.249410e-05,7.672783e-05,7.096535e-05,6.515754e-05,5.924474e-05,5.284332e-05,4.565084e-05,3.789390e-05,2.949224e-05,1.976868e-05,8.252925e-06,-5.224266e-06,-2.052214e-05,-3.721390e-05,-5.466181e-05,-7.237594e-05,-9.011014e-05,-1.078370e-04,3.050048e-06,4.087270e-07,-2.261373e-06,-4.603960e-06,-6.417539e-06,-7.992583e-06,-9.430751e-06,-1.071638e-05,-1.189186e-05,-1.262780e-05,-1.275695e-05,-1.265067e-05,-1.284619e-05,-1.370275e-05,-1.530830e-05,-1.746995e-05,-1.980885e-05,-2.213162e-05
4.058646e-06,-1.454296e-06,-6.955596e-05,5.533211e-04,5.630087e-04,5.725192e-04,5.795137e-04,5.881004e-04,5.996187e-04,6.196003e-04,6.503421e-04,6.940784e-04,7.356397e-04,7.650140e-04,7.232931e-04,6.540586e-04,5.662706e-04,4.712095e-04,3.758864e-04,2.815248e-04,1.870593e-04,4.332817e-05,2.148356e-05,-3.614988e-07,-2.220654e-05,-4.405600e-05,-6.566556e-05,-8.690236e-05,-1.080988e-04,-1.290760e-04,-1.486180e-04,-1.657765e-04,-1.801781e-04,-1.921469e-04,-2.023580e-04,-2.116580e-04,-2.207613e-04,-2.298900e-04,-2.390156e-04,5.857064e-05,5.372357e-05,4.888756e-05,4.370333e-05,3.781484e-05,3.122744e-05,2.379043e-05,1.520495e-05,5.239209e-06,-7.013828e-06,-2.227647e-05,-3.991669e-05,-5.898297e-05,-7.872537e-05,-9.881049e-05,-1.190503e-04,-1.393645e-04,-1.596704e-04,8.017016e-05,7.479116e-05,6.941573e-05,6.399650e-05,5.847709e-05,5.248863e-05,4.573524e-05,3.840861e-05,3.040638e-05,2.106623e-05,9.918243e-06,-3.215306e-06,-1.819746e-05,-3.459526e-05,-5.175905e-05,-6.919178e-05,-8.664537e-05,-1.040913e-04,7.801726e-07,-1.729834e-06,-4.267963e-06,-6.484439e-06,-8.175254e-06,-9.609924e-06,-1.088423e-05,-1.198400e-05,-1.294958e-05,-1.347355e-05,-1.339965e-05,-1.310205e-05,-1.312347e-05,-1.382536e-05,-1.528978e-05,-1.732018e-05,-1.953115e-05,-2.172564e-05
4.237949e-06,-1.534409e-06,-6.740217e-05,5.423404e-04,5.493423e-04,5.562038e-04,5.602349e-04,5.648864e-04,5.701913e-04,5.810682e-04,6.016104e-04,6.367057e-04,6.800289e-04,7.232931e-04,7.482442e-04,6.975145e-04,6.180915e-04,5.191400e-04,4.143374e-04,3.079950e-04,2.017820e-04,2.407350e-06,-1.410615e-05,-3.062012e-05,-4.713407e-05,-6.365363e-05,-7.990943e-05,-9.569435e-05,-1.111122e-04,-1.258084e-04,-1.385916e-04,-1.484921e-04,-1.550721e-04,-1.585614e-04,-1.597662e-04,-1.597534e-04,-1.593902e-04,-1.590020e-04,-1.586173e-04,6.802101e-05,5.905164e-05,5.009464e-05,4.077149e-05,3.069929e-05,1.987860e-05,8.213230e-06,-4.503937e-06,-1.843188e-05,-3.425299e-05,-5.250047e-05,-7.244428e-05,-9.302506e-05,-1.134787e-04,-1.335937e-04,-1.534016e-04,-1.731000e-04,-1.928029e-04,7.874546e-05,7.371241e-05,6.868275e-05,6.361082e-05,5.844422e-05,5.282324e-05,4.645271e-05,3.949145e-05,3.181816e-05,2.279279e-05,1.195654e-05,-8.709916e-07,-1.556721e-05,-3.169652e-05,-4.859918e-05,-6.577487e-05,-8.297289e-05,-1.001626e-04,-1.743179e-06,-3.909388e-06,-6.103159e-06,-7.980861e-06,-9.337514e-06,-1.043161e-05,-1.136142e-05,-1.212190e-05,-1.275906e-05,-1.299850e-05,-1.270873e-05,-1.226598e-05,-1.221262e-05,-1.290619e-05,-1.441389e-05,-1.652150e-05,-1.882299e-05,-2.110678e-05
4.738007e-06,-1.200529e-06,-6.548519e-05,5.323634e-04,5.376455e-04,5.428098e-04,5.450276e-04,5.472472e-04,5.476170e-04,5.495979e-04,5.573678e-04,5.775821e-04,6.089336e-04,6.540586e-04,6.975145e-04,7.238995e-04,6.772195e-04,6.041678e-04,5.153032e-04,4.219241e-04,3.288376e-04,-7.562715e-05,-7.931687e-05,-8.300720e-05,-8.669697e-05,-9.039500e-05,-9.377558e-05,-9.652773e-05,-9.853533e-05,-9.929903e-05,-9.770546e-05,-9.282115e-05,-8.417130e-05,-7.190284e-05,-5.691494e-05,-4.044190e-05,-2.344331e-05,-6.351376e-06,1.072834e-05,6.689325e-05,5.591209e-05,4.494399e-05,3.360631e-05,2.151652e-05,8.738829e-06,-4.705406e-06,-1.887509e-05,-3.379908e-05,-4.986643e-05,-6.734473e-05,-8.543018e-05,-1.030053e-04,-1.193195e-04,-1.343022e-04,-1.483156e-04,-1.619492e-04,-1.756054e-04,8.012796e-05,7.535535e-05,7.058595e-05,6.577590e-05,6.087783e-05,5.553560e-05,4.944918e-05,4.274459e-05,3.528361e-05,2.645219e-05,1.580885e-05,3.175578e-06,-1.133571e-05,-2.728856e-05,-4.401646e-05,-6.102189e-05,-7.805155e-05,-9.507189e-05,-2.226877e-06,-3.890442e-06,-5.581043e-06,-6.962084e-06,-7.829976e-06,-8.442733e-06,-8.909938e-06,-9.243532e-06,-9.502405e-06,-9.453176e-06,-8.997647e-06,-8.510350e-06,-8.526387e-06,-9.394792e-06,-1.116504e-05,-1.359202e-05,-1.623579e-05,-1.885984e-05
5.689757e-06,-5.320318e-07,-6.382262e-05,5.252482e-04,5.288859e-04,5.324066e-04,5.331654e-04,5.338353e-04,5.303486e-04,5.241170e-04,5.183543e-04,5.201735e-04,5.329152e-04,5.662706e-04,6.180915e-04,6.772195e-04,7.275344e-04,7.123343e-04,6.775596e-04,6.323998e-04,5.882904e-04,-1.841159e-04,-1.689967e-04,-1.538783e-04,-1.387584e-04,-1.236503e-04,-1.081480e-04,-9.181681e-05,-7.433158e-05,-5.507713e-05,-3.304699e-05,-7.367828e-06,2.247871e-05,5.643273e-05,9.351367e-05,1.323507e-04,1.719279e-04,2.116810e-04,2.514116e-04,5.018798e-05,4.107339e-05,3.197159e-05,2.251851e-05,1.237125e-05,1.730811e-06,-9.197967e-06,-2.026667e-05,-3.131278e-05,-4.238037e-05,-5.342009e-05,-6.360956e-05,-7.185118e-05,-7.746503e-05,-8.052498e-05,-8.180769e-05,-8.238003e-05,-8.299706e-05,8.564702e-05,8.095822e-05,7.627247e-05,7.154780e-05,6.674294e-05,6.150072e-05,5.551232e-05,4.887162e-05,4.142576e-05,3.258690e-05,2.193289e-05,9.288850e-06,-5.241876e-06,-2.122080e-05,-3.797608e-05,-5.501621e-05,-7.208262e-05,-8.913846e-05,-1.009691e-06,-2.042199e-06,-3.101200e-06,-3.858806e-06,-4.116828e-06,-4.144075e-06,-4.071107e-06,-3.935469e-06,-3.817385e-06,-3.530881e-06,-3.016718e-06,-2.640094e-06,-2.917704e-06,-4.181835e-06,-6.463773e-06,-9.476858e-06,-1.273664e-05,-1.597404e-05
6.684841e-06,5.697878e-07,-6.236789e-05,5.223826e-04,5.236456e-04,5.247602e-04,5.237207e-04,5.231517e-04,5.165617e-04,5.029900e-04,4.838986e-04,4.661392e-04,4.564359e-04,4.712095e-04,5.191400e-04,6.041678e-04,7.123343e-04,8.256184e-04,8.834859e-04,9.326053e-04,9.815791e-04,-3.009458e-04,-2.646760e-04,-2.284074e-04,-1.921357e-04,-1.558798e-04,-1.191400e-04,-8.134883e-05,-4.198987e-05,-3.613694e-07,4.442034e-05,9.316500e-05,1.464633e-04,2.043880e-04,2.659100e-04,3.295490e-04,3.942352e-04,4.591926e-04,5.241154e-04,1.272845e-05,9.775168e-06,6.833245e-06,3.587793e-06,-2.058425e-07,-4.123629e-06,-7.699318e-06,-1.050427e-05,-1.210955e-05,-1.215734e-05,-1.023338e-05,-5.547897e-06,2.907792e-06,1.566896e-05,3.239714e-05,5.181489e-05,7.231285e-05,9.274050e-05,9.183113e-05,8.719254e-05,8.255686e-05,7.788437e-05,7.314043e-05,6.796414e-05,6.203507e-05,5.541656e-05,4.794341e-05,3.905310e-05,2.834110e-05,1.563203e-05,1.015889e-06,-1.506935e-05,-3.194767e-05,-4.913129e-05,-6.634467e-05,-8.354591e-05,2.782582e-06,2.498936e-06,2.189416e-06,2.170145e-06,2.626812e-06,3.267186e-06,3.929260e-06,4.540195e-06,4.989170e-06,5.407960e-06,5.811401e-06,5.849612e-06,5.032524e-06,3.054088e-06,-8.293872e-08,-4.038745e-06,-8.275839e-06,-1.248743e-05
7.725580e-06,2.115674e-06,-6.110372e-05,5.236367e-04,5.216809e-04,5.195160e-04,5.161758e-04,5.143922e-04,5.052166e-04,4.852340e-04,4.536813e-04,4.166316e-04,3.833654e-04,3.758864e-04,4.143374e-04,5.153032e-04,6.775596e-04,8.834859e-04,1.108375e-03,1.295794e-03,1.489397e-03,-4.094982e-04,-3.528540e-04,-2.962112e-04,-2.395637e-04,-1.829357e-04,-1.257326e-04,-6.725773e-05,-6.832509e-06,5.629751e-05,1.228771e-04,1.936458e-04,2.692831e-04,3.500345e-04,4.348724e-04,5.222572e-04,6.110907e-04,7.003032e-04,7.894669e-04,-4.258064e-05,-3.626355e-05,-2.993743e-05,-2.384209e-05,-1.807113e-05,-1.191007e-05,-4.573233e-06,4.702460e-06,1.666849e-05,3.212237e-05,5.187303e-05,7.664817e-05,1.073236e-04,1.442469e-04,1.867281e-04,2.329052e-04,2.805661e-04,3.281278e-04,9.885978e-05,9.419721e-05,8.953746e-05,8.484322e-05,8.008666e-05,7.490187e-05,6.895566e-05,6.228359e-05,5.471092e-05,4.569989e-05,3.486262e-05,2.202112e-05,7.247790e-06,-9.024555e-06,-2.611943e-05,-4.355338e-05,-6.102201e-05,-7.847664e-05,9.564096e-06,1.007243e-05,1.055557e-05,1.131509e-05,1.251730e-05,1.383612e-05,1.506991e-05,1.610294e-05,1.678690e-05,1.719522e-05,1.729568e-05,1.675704e-05,1.512082e-05,1.211319e-05,7.782955e-06,2.534545e-06,-3.033859e-06,-8.573196e-06
8.822289e-06,3.695757e-06,-5.994255e-05,5.270788e-04,5.214560e-04,5.155486e-04,5.096199e-04,5.065546e-04,4.949853e-04,4.690646e-04,4.255676e-04,3.695537e-04,3.124711e-04,2.815248e-04,3.079950e-04,4.219241e-04,6.323998e-04,9.326053e-04,1.295794e-03,1.704038e-03,2.096905e-03,-5.080701e-04,-4.323757e-04,-3.566830e-04,-2.809839e-04,-2.053077e-04,-1.289687e-04,-5.114943e-05,2.896673e-05,1.121588e-04,1.990113e-04,2.901751e-04,3.864094e-04,4.881384e-04,5.943619e-04,7.035078e-04,8.144791e-04,9.259406e-04,1.037339e-03,-1.049893e-04,-8.820983e-05,-7.142406e-05,-5.478503e-05,-3.820935e-05,-2.066320e-05,-1.019037e-06,2.184070e-05,4.901106e-05,8.174334e-05,1.212527e-04,1.681969e-04,2.233037e-04,2.867226e-04,3.573931e-04,4.328356e-04,5.102002e-04,5.874350e-04,1.065209e-04,1.017993e-04,9.708040e-05,9.232950e-05,8.752570e-05,8.229844e-05,7.630281e-05,6.955002e-05,6.185948e-05,5.272009e-05,4.176247e-05,2.880702e-05,1.390764e-05,-2.510643e-06,-1.977332e-05,-3.740466e-05,-5.507526e-05,-7.272996e-05,1.615248e-05,1.755257e-05,1.892815e-05,2.056552e-05,2.260907e-05,2.469559e-05,2.658176e-05,2.810703e-05,2.908340e-05,2.952485e-05,2.935086e-05,2.824938e-05,2.579452e-05,2.174535e-05,1.619862e-05,9.626861e-06,2.692815e-06,-4.208349e-06
9.881214e-06,5.247821e-06,-5.876086e-05,5.302699e-04,5.210049e-04,5.113807e-04,5.028784e-04,4.985308e-04,4.845522e-04,4.526643e-04,3.971975e-04,3.222139e-04,2.413604e-04,1.870593e-04,2.017820e-04,3.288376e-04,5.882904e-04,9.815791e-04,1.489397e-03,2.096905e-03,2.771618e-03,-6.068103e-04,-5.120214e-04,-4.172348e-04,-3.224398e-04,-2.276712e-04,-1.321523e-04,-3.494428e-05,6.490854e-05,1.682112e-04,2.753890e-04,3.870044e-04,5.038965e-04,6.266674e-04,7.543420e-04,8.853142e-04,1.018487e-03,1.152259e-03,1.285955e-03,-1.667698e-04,-1.396189e-04,-1.124643e-04,-8.537315e-05,-5.808655e-05,-2.925340e-05,2.594021e-06,3.892632e-05,8.118053e-05,1.310608e-04,1.901877e-04,2.591500e-04,3.385288e-04,4.282767e-04,5.269647e-04,6.314982e-04,7.383918e-04,8.451254e-04,1.138100e-04,1.090487e-04,1.042900e-04,9.950175e-05,9.467004e-05,8.941984e-05,8.339462e-05,7.658126e-05,6.879328e-05,5.954649e-05,4.849005e-05,3.544274e-05,2.044005e-05,3.899301e-06,-1.350696e-05,-3.131080e-05,-4.915809e-05,-6.698761e-05,2.252016e-05,2.481625e-05,2.708852e-05,2.960806e-05,3.249753e-05,3.535714e-05,3.790229e-05,3.992802e-05,4.120700e-05,4.169389e-05,4.125991e-05,3.961212e-05,3.635711e-05,3.128665e-05,2.454509e-05,1.667263e-05,8.395951e-06,1.559128e-07
-2.948800e-04,1.061092e-05,-3.644695e-06,1.881893e-04,1.380858e-04,8.710341e-05,4.553840e-05,3.585030e-06,-1.360279e-05,1.197050e-05,4.270614e-05,5.668308e-05,5.819129e-05,4.332817e-05,2.407350e-06,-7.562715e-05,-1.841159e-04,-3.009458e-04,-4.094982e-04,-5.080701e-04,-6.068103e-04,4.541543e-03,4.174735e-03,3.814410e-03,3.467029e-03,3.139146e-03,2.835115e-03,2.558051e-03,2.307496e-03,2.081509e-03,1.876398e-03,1.688320e-03,1.513177e-03,1.346772e-03,1.186152e-03,1.028818e-03,8.725233e-04,7.162094e-04,5.598782e-04,-4.629111e-04,-4.295710e-04,-3.962306e-04,-3.623828e-04,-3.262808e-04,-2.877112e-04,-2.479310e-04,-2.088824e-04,-1.723629e-04,-1.393781e-04,-1.106032e-04,-8.610209e-05,-6.615203e-05,-5.041816e-05,-3.765859e-05,-2.670755e-05,-1.674966e-05,-6.753792e-06,-2.207443e-03,-2.145814e-03,-2.084154e-03,-2.022604e-03,-1.962070e-03,-1.903003e-03,-1.846180e-03,-1.791475e-03,-1.738755e-03,-1.687455e-03,-1.637837e-03,-1.589984e-03,-1.543567e-03,-1.498063e-03,-1.453171e-03,-1.408815e-03,-1.364744e-03,-1.320651e-03,1.758977e-04,1.589526e-04,1.420099e-04,1.249651e-04,1.074227e-04,8.955107e-05,7.213890e-05,5.613777e-05,4.248474e-05,3.165388e-05,2.372742e-05,1.830984e-05,1.476375e-05,1.272253e-05,1.201209e-05,1.219335e-05,1.264425e-05,1.306465e-05
-2.943930e-04,1.037224e-05,-2.743314e-06,1.651809e-04,1.195927e-04,7.322214e-05,3.533578e-05,-2.838006e-06,-1.870666e-05,3.666096e-06,2.947106e-05,3.873818e-05,3.673981e-05,2.148356e-05,-1.410615e-05,-7.931687e-05,-1.689967e-04,-2.646760e-04,-3.528540e-04,-4.323757e-04,-5.120214e-04,4.174735e-03,3.878392e-03,3.580316e-03,3.289174e-03,3.010918e-03,2.750269e-03,2.510631e-03,2.292190e-03,2.093732e-03,1.912352e-03,1.745016e-03,1.588434e-03,1.439140e-03,1.294661e-03,1.152914e-03,1.012040e-03,8.711564e-04,7.302564e-04,-4.221107e-04,-3.912676e-04,-3.604243e-04,-3.291192e-04,-2.957825e-04,-2.602274e-04,-2.235873e-04,-1.876326e-04,-1.539997e-04,-1.235531e-04,-9.685100e-05,-7.392219e-05,-5.497792e-05,-3.970755e-05,-2.701992e-05,-1.590477e-05,-5.657507e-06,4.621954e-06,-2.228180e-03,-2.163723e-03,-2.099236e-03,-2.034847e-03,-1.971420e-03,-1.909381e-03,-1.849484e-03,-1.791612e-03,-1.735648e-03,-1.681040e-03,-1.628066e-03,-1.576833e-03,-1.527033e-03,-1.478143e-03,-1.429867e-03,-1.382141e-03,-1.334710e-03,-1.287256e-03,1.711809e-04,1.546402e-04,1.381019e-04,1.214651e-04,1.043596e-04,8.695920e-05,7.003404e-05,5.451403e-05,4.131707e-05,3.089781e-05,2.332401e-05,1.820251e-05,1.489770e-05,1.304981e-05,1.250555e-05,1.284092e-05,1.343626e-05,1.400175e-05
-2.939057e-04,1.013375e-05,-1.841844e-06,1.421714e-04,1.010980e-04,5.933871e-05,2.513047e-05,-9.263834e-06,-2.381293e-05,-4.640083e-06,1.623476e-05,2.079246e-05,1.528778e-05,-3.614988e-07,-3.062012e-05,-8.300720e-05,-1.538783e-04,-2.284074e-04,-2.962112e-04,-3.566830e-04,-4.172348e-04,3.814410e-03,3.580316e-03,3.346691e-03,3.111197e-03,2.882725e-03,2.665415e-03,2.463215e-03,2.276883e-03,2.105955e-03,1.948306e-03,1.801711e-03,1.663690e-03,1.531507e-03,1.403167e-03,1.277006e-03,1.151554e-03,1.026101e-03,9.006313e-04,-3.813088e-04,-3.529629e-04,-3.246171e-04,-2.958550e-04,-2.652837e-04,-2.327434e-04,-1.992435e-04,-1.663831e-04,-1.356369e-04,-1.077288e-04,-8.309974e-05,-6.174337e-05,-4.380510e-05,-2.899844e-05,-1.638295e-05,-5.103887e-06,5.432557e-06,1.599541e-05,-2.248915e-03,-2.181631e-03,-2.114317e-03,-2.047089e-03,-1.980769e-03,-1.915758e-03,-1.852787e-03,-1.791749e-03,-1.732541e-03,-1.674624e-03,-1.618294e-03,-1.563682e-03,-1.510498e-03,-1.458222e-03,-1.406562e-03,-1.355465e-03,-1.304675e-03,-1.253860e-03,1.664655e-04,1.503291e-04,1.341954e-04,1.179664e-04,1.012979e-04,8.436867e-05,6.793052e-05,5.289160e-05,4.015067e-05,3.014300e-05,2.292181e-05,1.809636e-05,1.503279e-05,1.337820e-05,1.300007e-05,1.348952e-05,1.422925e-05,1.493980e-05
-2.934192e-04,9.894611e-06,-9.405147e-07,1.191551e-04,8.260088e-05,4.545728e-05,1.493115e-05,-1.568168e-05,-2.891174e-05,-1.294072e-05,3.001993e-06,2.848556e-06,-6.163654e-06,-2.220654e-05,-4.713407e-05,-8.669697e-05,-1.387584e-04,-1.921357e-04,-2.395637e-04,-2.809839e-04,-3.224398e-04,3.467029e-03,3.289174e-03,3.111197e-03,2.933711e-03,2.754394e-03,2.580594e-03,2.415787e-03,2.261579e-03,2.118179e-03,1.984263e-03,1.858410e-03,1.738952e-03,1.623880e-03,1.511682e-03,1.401108e-03,1.291079e-03,1.181056e-03,1.071019e-03,-3.405257e-04,-3.146747e-04,-2.888238e-04,-2.626024e-04,-2.347944e-04,-2.052666e-04,-1.749049e-04,-1.451369e-04,-1.172755e-04,-9.190420e-05,-6.934651e-05,-4.956101e-05,-3.262723e-05,-1.828278e-05,-5.737972e-06,5.706444e-06,1.653351e-05,2.738120e-05,-2.269657e-03,-2.199544e-03,-2.129403e-03,-2.059335e-03,-1.990123e-03,-1.922140e-03,-1.856094e-03,-1.791891e-03,-1.729438e-03,-1.668213e-03,-1.608527e-03,-1.550535e-03,-1.493967e-03,-1.438305e-03,-1.383261e-03,-1.328793e-03,-1.274643e-03,-1.220467e-03,1.617454e-04,1.460134e-04,1.302842e-04,1.144631e-04,9.823153e-05,8.177357e-05,6.582247e-05,5.126473e-05,3.897993e-05,2.938396e-05,2.251553e-05,1.798629e-05,1.516413e-05,1.370301e-05,1.349118e-05,1.413489e-05,1.501920e-05,1.587498e-05
-2.929302e-04,9.657842e-06,-3.806791e-08,9.605340e-05,6.402581e-05,3.150538e-05,4.668872e-06,-2.215156e-05,-3.404837e-05,-2.126523e-05,-1.024455e-05,-1.510322e-05,-2.762009e-05,-4.405600e-05,-6.365363e-05,-9.039500e-05,-1.236503e-04,-1.558798e-04,-1.829357e-04,-2.053077e-04,-2.276712e-04,3.139146e-03,3.010918e-03,2.882725e-03,2.754394e-03,2.626593e-03,2.495660e-03,2.368408e-03,2.246270e-03,2.130403e-03,2.020211e-03,1.915094e-03,1.814193e-03,1.716227e-03,1.620164e-03,1.525173e-03,1.430561e-03,1.335964e-03,1.241353e-03,-2.997607e-04,-2.764037e-04,-2.530471e-04,-2.293656e-04,-2.043201e-04,-1.778043e-04,-1.505801e-04,-1.239039e-04,-9.892696e-05,-7.609228e-05,-5.560600e-05,-3.739156e-05,-2.146257e-05,-7.580781e-06,4.892830e-06,1.650204e-05,2.761914e-05,3.875108e-05,-2.290380e-03,-2.217439e-03,-2.144472e-03,-2.071565e-03,-1.999460e-03,-1.928505e-03,-1.859386e-03,-1.792016e-03,-1.726320e-03,-1.661786e-03,-1.598744e-03,-1.537374e-03,-1.477422e-03,-1.418376e-03,-1.359947e-03,-1.302109e-03,-1.244599e-03,-1.187063e-03,1.570431e-04,1.417152e-04,1.263902e-04,1.109767e-04,9.518169e-05,7.919461e-05,6.373020e-05,4.965323e-05,3.782416e-05,2.863943e-05,2.212331e-05,1.788981e-05,1.530860e-05,1.404049e-05,1.399454e-05,1.479206e-05,1.582052e-05,1.682110e-05
-2.924096e-04,9.445415e-06,8.271079e-07,7.356259e-05,4.610079e-05,1.824241e-05,-4.865558e-06,-2.791696e-05,-3.857053e-05,-2.910663e-05,-2.312240e-05,-3.276313e-05,-4.882858e-05,-6.566556e-05,-7.990943e-05,-9.377558e-05,-1.081480e-04,-1.191400e-04,-1.257326e-04,-1.289687e-04,-1.321523e-04,2.835115e-03,2.750269e-03,2.665415e-03,2.580594e-03,2.495660e-03,2.410160e-03,2.320014e-03,2.230291e-03,2.142074e-03,2.055770e-03,1.971531e-03,1.889326e-03,1.808598e-03,1.728801e-03,1.649519e-03,1.570451e-03,1.491406e-03,1.412349e-03,-2.597593e-04,-2.388536e-04,-2.179483e-04,-1.967643e-04,-1.744368e-04,-1.508876e-04,-1.267553e-04,-1.031242e-04,-8.098394e-05,-6.063695e-05,-4.217252e-05,-2.547875e-05,-1.050316e-05,2.968485e-06,1.542437e-05,2.725247e-05,3.871408e-05,5.018474e-05,-2.310774e-03,-2.235024e-03,-2.159248e-03,-2.083520e-03,-2.008540e-03,-1.934631e-03,-1.862454e-03,-1.791934e-03,-1.723009e-03,-1.655180e-03,-1.588797e-03,-1.524061e-03,-1.460740e-03,-1.398322e-03,-1.336524e-03,-1.275329e-03,-1.214475e-03,-1.153592e-03,1.525548e-04,1.376254e-04,1.226991e-04,1.076879e-04,9.232403e-05,7.680217e-05,6.181852e-05,4.821598e-05,3.683577e-05,2.805512e-05,2.188394e-05,1.793856e-05,1.559024e-05,1.450655e-05,1.461731e-05,1.555909e-05,1.672195e-05,1.785761e-05
-2.918420e-04,9.249115e-06,1.633307e-06,5.236193e-05,2.943139e-05,6.197608e-06,-1.319416e-05,-3.257614e-05,-4.215548e-05,-3.624315e-05,-3.549310e-05,-5.003319e-05,-6.969549e-05,-8.690236e-05,-9.569435e-05,-9.652773e-05,-9.181681e-05,-8.134883e-05,-6.725773e-05,-5.114943e-05,-3.494428e-05,2.558051e-03,2.510631e-03,2.463215e-03,2.415787e-03,2.368408e-03,2.320014e-03,2.269846e-03,2.212376e-03,2.152426e-03,2.090389e-03,2.027442e-03,1.964318e-03,1.901206e-03,1.838042e-03,1.774834e-03,1.711670e-03,1.648539e-03,1.585397e-03,-2.216431e-04,-2.030966e-04,-1.845505e-04,-1.657710e-04,-1.460600e-04,-1.253649e-04,-1.042024e-04,-8.348521e-05,-6.404199e-05,-4.603637e-05,-2.944285e-05,-1.411446e-05,6.724151e-08,1.329205e-05,2.589673e-05,3.811229e-05,5.008815e-05,6.206722e-05,-2.330606e-03,-2.252082e-03,-2.173534e-03,-2.095021e-03,-2.017203e-03,-1.940375e-03,-1.865174e-03,-1.791534e-03,-1.719407e-03,-1.648309e-03,-1.578607e-03,-1.510529e-03,-1.443861e-03,-1.378094e-03,-1.312947e-03,-1.248418e-03,-1.184241e-03,-1.120033e-03,1.482647e-04,1.337296e-04,1.191977e-04,1.045845e-04,8.964666e-05,7.458347e-05,6.007270e-05,4.693543e-05,3.599371e-05,2.760597e-05,2.176826e-05,1.809904e-05,1.597086e-05,1.505791e-05,1.531074e-05,1.638143e-05,1.766308e-05,1.891822e-05
-2.911931e-04,9.065052e-06,2.427853e-06,3.263142e-05,1.388946e-05,-5.067921e-06,-2.103538e-05,-3.709365e-05,-4.593579e-05,-4.383946e-05,-4.840453e-05,-6.773539e-05,-9.079727e-05,-1.080988e-04,-1.111122e-04,-9.853533e-05,-7.433158e-05,-4.198987e-05,-6.832509e-06,2.896673e-05,6.490854e-05,2.307496e-03,2.292190e-03,2.276883e-03,2.261579e-03,2.246270e-03,2.230291e-03,2.212376e-03,2.190612e-03,2.159329e-03,2.122722e-03,2.081981e-03,2.038875e-03,1.994278e-03,1.948636e-03,1.902377e-03,1.855991e-03,1.809648e-03,1.763293e-03,-1.863600e-04,-1.700834e-04,-1.538068e-04,-1.373399e-04,-1.201380e-04,-1.021691e-04,-8.382749e-05,-6.585413e-05,-4.891638e-05,-3.303979e-05,-1.808706e-05,-3.877722e-06,9.771096e-06,2.302267e-05,3.605981e-05,4.895302e-05,6.173662e-05,7.451745e-05,-2.349587e-03,-2.268341e-03,-2.187072e-03,-2.105826e-03,-2.025222e-03,-1.945526e-03,-1.867347e-03,-1.790628e-03,-1.715332e-03,-1.640993e-03,-1.567996e-03,-1.496595e-03,-1.426594e-03,-1.357491e-03,-1.289009e-03,-1.221156e-03,-1.153666e-03,-1.086144e-03,1.441056e-04,1.299714e-04,1.158405e-04,1.016316e-04,8.712396e-05,7.252115e-05,5.848242e-05,4.580692e-05,3.529747e-05,2.729393e-05,2.177901e-05,1.837353e-05,1.645159e-05,1.569417e-05,1.607271e-05,1.725519e-05,1.863811e-05,1.999525e-05
-2.904859e-04,8.871432e-06,3.233538e-06,1.438861e-05,-6.563533e-07,-1.583623e-05,-2.880094e-05,-4.197463e-05,-5.046575e-05,-5.241345e-05,-6.227619e-05,-8.610760e-05,-1.121612e-04,-1.290760e-04,-1.258084e-04,-9.929903e-05,-5.507713e-05,-3.613694e-07,5.629751e-05,1.121588e-04,1.682112e-04,2.081509e-03,2.093732e-03,2.105955e-03,2.118179e-03,2.130403e-03,2.142074e-03,2.152426e-03,2.159329e-03,2.160839e-03,2.150728e-03,2.134011e-03,2.112482e-03,2.087983e-03,2.061405e-03,2.033628e-03,2.005547e-03,1.977518e-03,1.949479e-03,-1.542228e-04,-1.401914e-04,-1.261599e-04,-1.119770e-04,-9.723622e-05,-8.191743e-05,-6.628882e-05,-5.091549e-05,-3.629937e-05,-2.232857e-05,-8.759607e-06,4.618150e-06,1.804837e-05,3.166359e-05,4.548793e-05,5.942516e-05,7.338865e-05,8.734312e-05,-2.367909e-03,-2.283990e-03,-2.200050e-03,-2.116120e-03,-2.032778e-03,-1.950261e-03,-1.869147e-03,-1.789384e-03,-1.710949e-03,-1.633389e-03,-1.557109e-03,-1.482389e-03,-1.409057e-03,-1.336613e-03,-1.264788e-03,-1.193603e-03,-1.122792e-03,-1.051949e-03,1.398618e-04,1.261475e-04,1.124368e-04,9.865094e-05,8.458977e-05,7.046047e-05,5.690361e-05,4.469597e-05,3.462071e-05,2.699933e-05,2.180202e-05,1.865242e-05,1.692662e-05,1.631281e-05,1.680367e-05,1.808360e-05,1.955296e-05,2.099729e-05
-2.897159e-04,8.633928e-06,4.022621e-06,-2.515783e-06,-1.425340e-05,-2.605315e-05,-3.633242e-05,-4.692066e-05,-5.526987e-05,-6.127567e-05,-7.621428e-05,-1.040895e-04,-1.326169e-04,-1.486180e-04,-1.385916e-04,-9.770546e-05,-3.304699e-05,4.442034e-05,1.228771e-04,1.990113e-04,2.753890e-04,1.876398e-03,1.912352e-03,1.948306e-03,1.984263e-03,2.020211e-03,2.055770e-03,2.090389e-03,2.122722e-03,2.150728e-03,2.171974e-03,2.181078e-03,2.183675e-03,2.181565e-03,2.176369e-03,2.169359e-03,2.161865e-03,2.154431e-03,2.146990e-03,-1.246529e-04,-1.129304e-04,-1.012076e-04,-8.936784e-05,-7.712833e-05,-6.447119e-05,-5.153349e-05,-3.869932e-05,-2.630012e-05,-1.408525e-05,-1.711744e-06,1.105829e-05,2.452629e-05,3.879022e-05,5.371007e-05,6.901515e-05,8.449004e-05,9.994930e-05,-2.385534e-03,-2.298995e-03,-2.212436e-03,-2.125874e-03,-2.039848e-03,-1.954561e-03,-1.870561e-03,-1.787796e-03,-1.706253e-03,-1.625496e-03,-1.545948e-03,-1.467917e-03,-1.391253e-03,-1.315466e-03,-1.240289e-03,-1.165765e-03,-1.091624e-03,-1.017449e-03,1.352344e-04,1.219683e-04,1.087057e-04,9.537066e-05,8.178169e-05,6.814889e-05,5.509395e-05,4.337083e-05,3.374245e-05,2.651203e-05,2.163816e-05,1.874749e-05,1.721821e-05,1.674579e-05,1.734454e-05,1.871600e-05,2.026512e-05,2.179002e-05
