4.407596e-05,-8.966352e-07,-2.740406e-07,1.850357e-06,2.310374e-06,2.769275e-06,3.139290e-06,3.459716e-06,3.739500e-06,4.040073e-06,4.087400e-06,3.885416e-06,3.768405e-06,3.853354e-06,4.023891e-06,4.499038e-06,5.403132e-06,6.348329e-06,7.336872e-06,8.378525e-06,9.384292e-06,-2.800311e-04,-2.795682e-04,-2.791052e-04,-2.786429e-04,-2.781782e-04,-2.776835e-04,-2.771442e-04,-2.765276e-04,-2.758557e-04,-2.751243e-04,-2.743611e-04,-2.735951e-04,-2.728185e-04,-2.720197e-04,-2.712025e-04,-2.703846e-04,-2.695768e-04,-2.687669e-04,7.441780e-06,7.518450e-06,7.595082e-06,7.662877e-06,7.704994e-06,7.722451e-06,7.697720e-06,7.632594e-06,7.520952e-06,7.352529e-06,7.145770e-06,6.913118e-06,6.683427e-06,6.465686e-06,6.242613e-06,6.011598e-06,5.786333e-06,5.562217e-06,3.663852e-04,3.540615e-04,3.417350e-04,3.294054e-04,3.171448e-04,3.049735e-04,2.929604e-04,2.810867e-04,2.693477e-04,2.576882e-04,2.461761e-04,2.348573e-04,2.237139e-04,2.126827e-04,2.017307e-04,1.908646e-04,1.800501e-04,1.692312e-04,-1.748744e-05,-1.551773e-05,-1.354843e-05,-1.157118e-05,-9.563490e-06,-7.557015e-06,-5.639751e-06,-3.918868e-06,-2.502395e-06,-1.441286e-06,-7.378136e-07,-3.388296e-07,-1.547889e-07,-1.404539e-07,-2.918903e-07,-5.603097e-07,-8.578936e-07,-1.151709e-06
-8.966352e-07,4.124878e-05,1.249495e-07,4.659960e-07,1.671965e-07,-5.839202e-08,-3.275425e-07,-6.066259e-07,-7.137057e-07,-6.854630e-07,-7.506857e-07,-8.780490e-07,-1.188131e-06,-1.380779e-06,-1.456429e-06,-1.138605e-06,-5.026813e-07,5.448789e-07,2.014275e-06,3.516249e-06,4.991607e-06,1.006987e-05,9.843434e-06,9.617193e-06,9.390325e-06,9.165712e-06,8.964223e-06,8.778060e-06,8.603536e-06,8.419963e-06,8.194754e-06,7.928209e-06,7.622966e-06,7.295548e-06,6.946758e-06,6.562690e-06,6.148151e-06,5.726427e-06,5.306054e-06,-2.607035e-04,-2.600622e-04,-2.594183e-04,-2.587529e-04,-2.580928e-04,-2.574287e-04,-2.567830e-04,-2.561659e-04,-2.555864e-04,-2.550469e-04,-2.545798e-04,-2.541651e-04,-2.537949e-04,-2.534738e-04,-2.531825e-04,-2.528975e-04,-2.526099e-04,-2.523207e-04,-1.716840e-05,-1.523030e-05,-1.329242e-05,-1.134932e-05,-9.384527e-06,-7.426162e-06,-5.556840e-06,-3.878559e-06,-2.489653e-06,-1.436403e-06,-7.181358e-07,-2.825147e-07,-4.190174e-08,4.945388e-08,-5.504336e-09,-1.652262e-07,-3.515011e-07,-5.342996e-07,3.058020e-04,3.005103e-04,2.952184e-04,2.898512e-04,2.843212e-04,2.784671e-04,2.721963e-04,2.654350e-04,2.582437e-04,2.506847e-04,2.429228e-04,2.350114e-04,2.270126e-04,2.190018e-04,2.109975e-04,2.029698e-04,1.949133e-04,1.868572e-04
-2.740406e-07,1.249495e-07,8.791952e-06,-7.397305e-05,-7.428064e-05,-7.456201e-05,-7.457951e-05,-7.457197e-05,-7.419735e-05,-7.360598e-05,-7.238054e-05,-7.071047e-05,-6.833850e-05,-6.605084e-05,-6.400564e-05,-6.218535e-05,-6.060666e-05,-5.922538e-05,-5.802509e-05,-5.692262e-05,-5.580066e-05,-3.467722e-06,-2.611719e-06,-1.755632e-06,-8.996773e-07,-4.266219e-08,7.789588e-07,1.544573e-06,2.299119e-06,3.064238e-06,3.813586e-06,4.529096e-06,5.203044e-06,5.846386e-06,6.471588e-06,7.085552e-06,7.701179e-06,8.321891e-06,8.941681e-06,-8.994401e-07,-1.091436e-06,-1.285138e-06,-1.437264e-06,-1.521653e-06,-1.574493e-06,-1.608925e-06,-1.619743e-06,-1.605861e-06,-1.536712e-06,-1.384798e-06,-1.164356e-06,-8.892956e-07,-5.789072e-07,-2.429059e-07,1.108098e-07,4.687896e-07,8.258421e-07,-8.514815e-06,-7.843226e-06,-7.172131e-06,-6.495402e-06,-5.805274e-06,-5.053783e-06,-4.201857e-06,-3.273138e-06,-2.259533e-06,-1.094322e-06,2.690584e-07,1.847305e-06,3.626567e-06,5.560058e-06,7.578012e-06,9.626926e-06,1.167844e-05,1.372902e-05,-2.495051e-07,3.127445e-09,2.593649e-07,4.751083e-07,6.267720e-07,7.524385e-07,8.674049e-07,9.732088e-07,1.077984e-06,1.153702e-06,1.189155e-06,1.223014e-06,1.310647e-06,1.487932e-06,1.761248e-06,2.104204e-06,2.470133e-06,2.833994e-06
1.850357e-06,4.659960e-07,-7.397305e-05,1.649226e-03,1.274790e-03,9.636178e-04,7.498378e-04,6.264926e-04,5.673421e-04,5.493929e-04,5.462131e-04,5.442649e-04,5.356610e-04,5.254379e-04,5.150109e-04,5.055375e-04,4.987817e-04,4.960619e-04,4.972546e-04,5.005254e-04,5.035579e-04,1.787445e-04,1.568921e-04,1.350388e-04,1.131790e-04,9.123823e-05,6.987768e-05,4.974247e-05,3.100359e-05,1.367773e-05,-2.376897e-06,-1.732926e-05,-3.136426e-05,-4.475467e-05,-5.774626e-05,-7.053942e-05,-8.334045e-05,-9.620242e-05,-1.090551e-04,-2.382222e-04,-2.034455e-04,-1.685054e-04,-1.357329e-04,-1.065189e-04,-8.041418e-05,-5.723317e-05,-3.686043e-05,-1.918570e-05,-3.994715e-06,8.952830e-06,2.008806e-05,2.980380e-05,3.855155e-05,4.669072e-05,5.444508e-05,6.205410e-05,6.967744e-05,6.010896e-05,5.580770e-05,5.151082e-05,4.714341e-05,4.263807e-05,3.754369e-05,3.146353e-05,2.451704e-05,1.660577e-05,7.219306e-06,-3.987108e-06,-1.711404e-05,-3.201294e-05,-4.826392e-05,-6.525533e-05,-8.251930e-05,-9.980735e-05,-1.170876e-04,1.702093e-05,1.306547e-05,9.058115e-06,5.613745e-06,3.071002e-06,1.077521e-06,-5.176938e-07,-1.757994e-06,-2.730266e-06,-3.259224e-06,-3.304029e-06,-3.223177e-06,-3.509994e-06,-4.493094e-06,-6.252149e-06,-8.579381e-06,-1.109137e-05,-1.358673e-05
2.310374e-06,1.671965e-07,-7.428064e-05,1.274790e-03,1.100429e-03,9.108947e-04,7.670230e-04,6.717709e-04,6.167416e-04,5.905871e-04,5.760895e-04,5.645612e-04,5.492005e-04,5.346382e-04,5.216609e-04,5.105542e-04,5.022369e-04,4.972619e-04,4.953980e-04,4.951864e-04,4.947599e-04,1.311628e-04,1.135989e-04,9.603354e-05,7.846588e-05,6.082424e-05,4.380002e-05,2.796832e-05,1.320750e-05,-6.071609e-07,-1.352066e-05,-2.561845e-05,-3.701548e-05,-4.792625e-05,-5.854204e-05,-6.900340e-05,-7.947642e-05,-9.000465e-05,-1.005240e-04,-1.475021e-04,-1.241505e-04,-1.006692e-04,-7.893269e-05,-6.004167e-05,-4.341084e-05,-2.879317e-05,-1.609996e-05,-5.220119e-06,3.913376e-06,1.138860e-05,1.751786e-05,2.257956e-05,2.691213e-05,3.077199e-05,3.432696e-05,3.777438e-05,4.123392e-05,6.593227e-05,6.119770e-05,5.646754e-05,5.167198e-05,4.674677e-05,4.123435e-05,3.474796e-05,2.744869e-05,1.925771e-05,9.648221e-06,-1.738088e-06,-1.501294e-05,-3.003715e-05,-4.639869e-05,-6.349327e-05,-8.085750e-05,-9.824503e-05,-1.156247e-04,1.313898e-05,9.770747e-06,6.355345e-06,3.453231e-06,1.370375e-06,-2.628014e-07,-1.602792e-06,-2.687604e-06,-3.604037e-06,-4.157034e-06,-4.287337e-06,-4.340770e-06,-4.799233e-06,-5.980389e-06,-7.953714e-06,-1.050483e-05,-1.324490e-05,-1.596797e-05
2.769275e-06,-5.839202e-08,-7.456201e-05,9.636178e-04,9.108947e-04,8.634555e-04,7.834739e-04,7.174729e-04,6.659308e-04,6.315492e-04,6.056619e-04,5.845900e-04,5.625241e-04,5.436703e-04,5.281775e-04,5.154591e-04,5.055811e-04,4.983211e-04,4.933427e-04,4.895770e-04,4.856209e-04,8.274647e-05,6.956272e-05,5.637692e-05,4.319302e-05,2.994224e-05,1.734576e-05,5.906221e-06,-4.793146e-06,-1.502017e-05,-2.472342e-05,-3.390415e-05,-4.260589e-05,-5.098308e-05,-5.917118e-05,-6.724972e-05,-7.534363e-05,-8.348681e-05,-9.162155e-05,-5.485653e-05,-4.317389e-05,-3.139558e-05,-2.094016e-05,-1.261375e-05,-5.690388e-06,1.410569e-07,4.943963e-06,8.832041e-06,1.172564e-05,1.356011e-05,1.452669e-05,1.478706e-05,1.456403e-05,1.400847e-05,1.323057e-05,1.238413e-05,1.154752e-05,7.167244e-05,6.651349e-05,6.135900e-05,5.614406e-05,5.080753e-05,4.488542e-05,3.800122e-05,3.035783e-05,2.189614e-05,1.207316e-05,5.171292e-07,-1.289484e-05,-2.803297e-05,-4.449331e-05,-6.167923e-05,-7.913201e-05,-9.660735e-05,-1.140748e-04,9.651701e-06,6.883070e-06,4.072049e-06,1.724289e-06,1.120695e-07,-1.152348e-06,-2.231425e-06,-3.158090e-06,-4.019061e-06,-4.599459e-06,-4.821185e-06,-5.016813e-06,-5.656150e-06,-7.045298e-06,-9.243100e-06,-1.202847e-05,-1.500710e-05,-1.796835e-05
3.139290e-06,-3.275425e-07,-7.457951e-05,7.498378e-04,7.670230e-04,7.834739e-04,7.946968e-04,7.560072e-04,7.122789e-04,6.707451e-04,6.341087e-04,6.031889e-04,5.739066e-04,5.503133e-04,5.320062e-04,5.175659e-04,5.063022e-04,4.973346e-04,4.901714e-04,4.839474e-04,4.775471e-04,4.327316e-05,3.358331e-05,2.389091e-05,1.420420e-05,4.457724e-06,-4.597508e-06,-1.250756e-05,-1.995466e-05,-2.732978e-05,-3.448250e-05,-4.133838e-05,-4.788605e-05,-5.423790e-05,-6.048692e-05,-6.666513e-05,-7.286497e-05,-7.911065e-05,-8.534810e-05,8.031067e-06,1.130179e-05,1.463637e-05,1.702810e-05,1.791288e-05,1.811094e-05,1.797286e-05,1.752584e-05,1.687183e-05,1.578570e-05,1.406251e-05,1.180202e-05,9.080274e-06,6.036198e-06,2.747577e-06,-7.124253e-07,-4.216336e-06,-7.711815e-06,7.614804e-05,7.065479e-05,6.516602e-05,5.962120e-05,5.396204e-05,4.771972e-05,4.052575e-05,3.262002e-05,2.396063e-05,1.399006e-05,2.325649e-06,-1.116398e-05,-2.635637e-05,-4.285494e-05,-6.007065e-05,-7.754976e-05,-9.505064e-05,-1.125436e-04,6.187192e-06,3.918495e-06,1.612006e-06,-2.777722e-07,-1.506441e-06,-2.472770e-06,-3.341977e-06,-4.141066e-06,-4.955081e-06,-5.550327e-06,-5.831789e-06,-6.121373e-06,-6.879064e-06,-8.402089e-06,-1.074207e-05,-1.367416e-05,-1.680168e-05,-1.991163e-05
3.459716e-06,-6.066259e-07,-7.457197e-05,6.264926e-04,6.717709e-04,7.174729e-04,7.560072e-04,7.835044e-04,7.523909e-04,7.112777e-04,6.658666e-04,6.253053e-04,5.878657e-04,5.584679e-04,5.364239e-04,5.196742e-04,5.069388e-04,4.967946e-04,4.884778e-04,4.810366e-04,4.734186e-04,3.430688e-06,-2.669446e-06,-8.772232e-06,-1.486744e-05,-2.101204e-05,-2.648761e-05,-3.091263e-05,-3.520302e-05,-3.983849e-05,-4.453564e-05,-4.912904e-05,-5.355431e-05,-5.789181e-05,-6.220219e-05,-6.648289e-05,-7.079978e-05,-7.516273e-05,-7.951724e-05,3.074546e-05,2.993072e-05,2.915390e-05,2.774883e-05,2.535507e-05,2.280837e-05,2.045312e-05,1.827102e-05,1.633497e-05,1.426522e-05,1.172410e-05,8.765343e-06,5.430399e-06,1.822794e-06,-2.008511e-06,-6.000505e-06,-1.002941e-05,-1.405014e-05,8.018789e-05,7.436456e-05,6.854568e-05,6.267457e-05,5.669418e-05,5.013999e-05,4.265472e-05,3.451044e-05,2.567763e-05,1.557985e-05,3.821867e-06,-9.735801e-06,-2.497655e-05,-4.150965e-05,-5.875176e-05,-7.625329e-05,-9.377575e-05,-1.112904e-04,3.429015e-06,1.486601e-06,-4.898371e-07,-2.088134e-06,-3.088087e-06,-3.888912e-06,-4.653192e-06,-5.401743e-06,-6.216226e-06,-6.843078e-06,-7.171271e-06,-7.517641e-06,-8.338552e-06,-9.928052e-06,-1.233556e-05,-1.533547e-05,-1.853120e-05,-2.170931e-05
3.739500e-06,-7.137057e-07,-7.419735e-05,5.673421e-04,6.167416e-04,6.659308e-04,7.122789e-04,7.523909e-04,7.782316e-04,7.452757e-04,6.998593e-04,6.517344e-04,6.061470e-04,5.694063e-04,5.414617e-04,5.200254e-04,5.036278e-04,4.905365e-04,4.797641e-04,4.700496e-04,4.601435e-04,-1.289377e-05,-1.774079e-05,-2.259008e-05,-2.743228e-05,-3.231040e-05,-3.660498e-05,-4.000952e-05,-4.359953e-05,-4.790135e-05,-5.246348e-05,-5.701016e-05,-6.142675e-05,-6.578273e-05,-7.013157e-05,-7.446761e-05,-7.885303e-05,-8.328822e-05,-8.771451e-05,3.315659e-05,3.122745e-05,2.931922e-05,2.699112e-05,2.401865e-05,2.115716e-05,1.870476e-05,1.660670e-05,1.490594e-05,1.306632e-05,1.063376e-05,7.667454e-06,4.234582e-06,4.577635e-07,-3.599046e-06,-7.852186e-06,-1.215676e-05,-1.645215e-05,8.325242e-05,7.718255e-05,7.111702e-05,6.500224e-05,5.878100e-05,5.200484e-05,4.432927e-05,3.604703e-05,2.713539e-05,1.699639e-05,5.221585e-06,-8.335312e-06,-2.356067e-05,-4.006780e-05,-5.727738e-05,-7.474277e-05,-9.222827e-05,-1.097061e-04,2.657331e-06,8.222237e-07,-1.044282e-06,-2.560023e-06,-3.522839e-06,-4.318596e-06,-5.102695e-06,-5.892317e-06,-6.765841e-06,-7.450905e-06,-7.822371e-06,-8.196765e-06,-9.031697e-06,-1.062272e-05,-1.302147e-05,-1.600599e-05,-1.918382e-05,-2.234425e-05
4.040073e-06,-6.854630e-07,-7.360598e-05,5.493929e-04,5.905871e-04,6.315492e-04,6.707451e-04,7.112777e-04,7.452757e-04,7.681550e-04,7.317938e-04,6.850667e-04,6.331880e-04,5.883813e-04,5.517906e-04,5.219061e-04,4.977094e-04,4.776474e-04,4.607869e-04,4.454331e-04,4.298601e-04,1.138878e-05,3.502646e-06,-4.385178e-06,-1.226773e-05,-2.017297e-05,-2.761942e-05,-3.439648e-05,-4.161013e-05,-4.975218e-05,-5.816791e-05,-6.644985e-05,-7.444197e-05,-8.224147e-05,-8.994125e-05,-9.758809e-05,-1.052851e-04,-1.130386e-04,-1.207826e-04,2.533707e-05,2.432007e-05,2.331474e-05,2.200411e-05,2.023586e-05,1.861694e-05,1.735313e-05,1.633546e-05,1.555436e-05,1.430438e-05,1.202487e-05,8.835918e-06,4.900264e-06,4.204371e-07,-4.478920e-06,-9.659545e-06,-1.493027e-05,-2.018948e-05,8.597321e-05,7.973981e-05,7.351060e-05,6.723419e-05,6.085251e-05,5.393989e-05,4.616822e-05,3.783309e-05,2.890793e-05,1.876978e-05,6.995473e-06,-6.566318e-06,-2.179972e-05,-3.831703e-05,-5.553720e-05,-7.301180e-05,-9.050583e-05,-1.079924e-04,3.769542e-06,1.822460e-06,-1.544139e-07,-1.797703e-06,-2.917326e-06,-3.877118e-06,-4.820666e-06,-5.759899e-06,-6.767194e-06,-7.550661e-06,-7.972114e-06,-8.353715e-06,-9.161257e-06,-1.069791e-05,-1.302233e-05,-1.592033e-05,-1.900647e-05,-2.207565e-05
4.087400e-06,-7.506857e-07,-7.238054e-05,5.462131e-04,5.760895e-04,6.056619e-04,6.341087e-04,6.658666e-04,6.998593e-04,7.317938e-04,7.525430e-04,7.167933e-04,6.682632e-04,6.175746e-04,5.712978e-04,5.292840e-04,4.922360e-04,4.595163e-04,4.308217e-04,4.041247e-04,3.771843e-04,4.057352e-05,2.800507e-05,1.543546e-05,2.869199e-06,-9.710141e-06,-2.193936e-05,-3.368697e-05,-4.594806e-05,-5.912098e-05,-7.235695e-05,-8.511292e-05,-9.720733e-05,-1.088026e-04,-1.200803e-04,-1.312012e-04,-1.423573e-04,-1.535757e-04,-1.647843e-04,2.111050e-05,2.119558e-05,2.128859e-05,2.111902e-05,2.054144e-05,1.999148e-05,1.956575e-05,1.909070e-05,1.849327e-05,1.690172e-05,1.365091e-05,8.964247e-06,3.159005e-06,-3.436223e-06,-1.061059e-05,-1.815804e-05,-2.584024e-05,-3.350840e-05,8.554220e-05,7.937565e-05,7.321311e-05,6.700494e-05,6.069261e-05,5.387359e-05,4.623642e-05,3.806004e-05,2.930831e-05,1.934027e-05,7.720877e-06,-5.703581e-06,-2.081125e-05,-3.721047e-05,-5.431529e-05,-7.167345e-05,-8.905059e-05,-1.064205e-04,4.464106e-06,2.315737e-06,1.386267e-07,-1.715725e-06,-3.062707e-06,-4.239105e-06,-5.373851e-06,-6.471140e-06,-7.594859e-06,-8.435609e-06,-8.843054e-06,-9.148316e-06,-9.829664e-06,-1.120170e-05,-1.333265e-05,-1.601957e-05,-1.888716e-05,-2.173842e-05
3.885416e-06,-8.780490e-07,-7.071047e-05,5.442649e-04,5.645612e-04,5.845900e-04,6.031889e-04,6.253053e-04,6.517344e-04,6.850667e-04,7.167933e-04,7.412163e-04,7.061214e-04,6.591084e-04,6.046256e-04,5.484800e-04,4.939630e-04,4.426502e-04,3.956362e-04,3.509297e-04,3.059744e-04,5.384387e-05,3.680269e-05,1.976073e-05,2.720488e-06,-1.432723e-05,-3.109778e-05,-4.749813e-05,-6.430883e-05,-8.175576e-05,-9.883197e-05,-1.148722e-04,-1.296763e-04,-1.434927e-04,-1.566386e-04,-1.694548e-04,-1.822700e-04,-1.951485e-04,-2.080177e-04,2.880254e-05,2.915085e-05,2.950693e-05,2.958791e-05,2.918334e-05,2.853352e-05,2.760683e-05,2.614725e-05,2.399360e-05,2.016877e-05,1.394614e-05,5.697084e-06,-4.046967e-06,-1.479065e-05,-2.622816e-05,-3.809428e-05,-5.012723e-05,-6.214457e-05,8.200383e-05,7.614305e-05,7.028609e-05,6.438467e-05,5.838040e-05,5.189021e-05,4.461517e-05,3.680378e-05,2.840089e-05,1.875734e-05,7.430958e-06,-5.733005e-06,-2.060463e-05,-3.678468e-05,-5.367721e-05,-7.082300e-05,-8.798778e-05,-1.051455e-04,4.715854e-06,2.313739e-06,-1.164328e-07,-2.229653e-06,-3.838489e-06,-5.248610e-06,-6.571505e-06,-7.800290e-06,-8.985980e-06,-9.810068e-06,-1.011568e-05,-1.024705e-05,-1.070029e-05,-1.180535e-05,-1.364068e-05,-1.601510e-05,-1.856282e-05,-2.109483e-05
3.768405e-06,-1.188131e-06,-6.833850e-05,5.356610e-04,5.492005e-04,5.625241e-04,5.739066e-04,5.878657e-04,6.061470e-04,6.331880e-04,6.682632e-04,7.061214e-04,7.323643e-04,6.985774e-04,6.457677e-04,5.782531e-04,5.060632e-04,4.334353e-04,3.640446e-04,2.967206e-04,2.291909e-04,5.527439e-05,3.490307e-05,1.453122e-05,-5.840060e-06,-2.621610e-05,-4.635667e-05,-6.617288e-05,-8.621210e-05,-1.065002e-04,-1.259258e-04,-1.436889e-04,-1.595252e-04,-1.737455e-04,-1.868288e-04,-1.993409e-04,-2.117814e-04,-2.242746e-04,-2.367606e-04,4.266284e-05,4.157518e-05,4.049654e-05,3.911342e-05,3.713933e-05,3.465672e-05,3.153896e-05,2.747804e-05,2.224720e-05,1.486453e-05,4.573372e-06,-8.120523e-06,-2.246692e-05,-3.782295e-05,-5.383092e-05,-7.021840e-05,-8.676288e-05,-1.032931e-04,7.831191e-05,7.283704e-05,6.736577e-05,6.185145e-05,5.623741e-05,5.015934e-05,4.333000e-05,3.596460e-05,2.798693e-05,1.875394e-05,7.819027e-06,-4.978526e-06,-1.950507e-05,-3.535532e-05,-5.192366e-05,-6.874483e-05,-8.558507e-05,-1.024183e-04,2.910556e-06,4.015345e-07,-2.134817e-06,-4.360156e-06,-6.083145e-06,-7.579634e-06,-8.946165e-06,-1.016787e-05,-1.128502e-05,-1.198484e-05,-1.210854e-05,-1.200876e-05,-1.219567e-05,-1.301039e-05,-1.453642e-05,-1.659059e-05,-1.881307e-05,-2.102025e-05
3.853354e-06,-1.380779e-06,-6.605084e-05,5.254379e-04,5.346382e-04,5.436703e-04,5.503133e-04,5.584679e-04,5.694063e-04,5.883813e-04,6.175746e-04,6.591084e-04,6.985774e-04,7.264733e-04,6.868540e-04,6.211064e-04,5.377393e-04,4.474651e-04,3.569420e-04,2.673319e-04,1.776232e-04,4.115885e-05,2.041404e-05,-3.311958e-07,-2.107641e-05,-4.182583e-05,-6.234743e-05,-8.251505e-05,-1.026443e-04,-1.225654e-04,-1.411234e-04,-1.574180e-04,-1.710943e-04,-1.824605e-04,-1.921573e-04,-2.009890e-04,-2.096338e-04,-2.183028e-04,-2.269688e-04,5.561581e-05,5.101233e-05,4.641936e-05,4.149571e-05,3.590325e-05,2.964708e-05,2.258407e-05,1.443041e-05,4.965996e-06,-6.670538e-06,-2.116510e-05,-3.791750e-05,-5.602413e-05,-7.477282e-05,-9.384698e-05,-1.130681e-04,-1.323597e-04,-1.516436e-04,7.610838e-05,7.100119e-05,6.589739e-05,6.075199e-05,5.551145e-05,4.982546e-05,4.341301e-05,3.645617e-05,2.885772e-05,1.998875e-05,9.403001e-06,-3.068302e-06,-1.729512e-05,-3.286629e-05,-4.916490e-05,-6.571894e-05,-8.229278e-05,-9.885938e-05,7.554799e-07,-1.628807e-06,-4.039800e-06,-6.145346e-06,-7.751721e-06,-9.114873e-06,-1.032576e-05,-1.137094e-05,-1.228874e-05,-1.278725e-05,-1.271809e-05,-1.243660e-05,-1.245815e-05,-1.312597e-05,-1.451796e-05,-1.644745e-05,-1.854843e-05,-2.063375e-05
4.023891e-06,-1.456429e-06,-6.400564e-05,5.150109e-04,5.216609e-04,5.281775e-04,5.320062e-04,5.364239e-04,5.414617e-04,5.517906e-04,5.712978e-04,6.046256e-04,6.457677e-04,6.868540e-04,7.105493e-04,6.623745e-04,5.869509e-04,4.929820e-04,3.934564e-04,2.924685e-04,1.916036e-04,2.298537e-06,-1.338382e-05,-2.906662e-05,-4.474940e-05,-6.043752e-05,-7.587516e-05,-9.086563e-05,-1.055074e-04,-1.194640e-04,-1.316038e-04,-1.410060e-04,-1.472549e-04,-1.505686e-04,-1.517129e-04,-1.517010e-04,-1.513561e-04,-1.509876e-04,-1.506224e-04,6.458729e-05,5.606911e-05,4.756267e-05,3.870854e-05,2.914307e-05,1.886680e-05,7.788380e-06,-4.288871e-06,-1.751594e-05,-3.254083e-05,-4.986987e-05,-6.880981e-05,-8.835460e-05,-1.077787e-04,-1.268811e-04,-1.456920e-04,-1.643988e-04,-1.831100e-04,7.475807e-05,6.997936e-05,6.520385e-05,6.038821e-05,5.548266e-05,5.014558e-05,4.409666e-05,3.748673e-05,3.020060e-05,2.163050e-05,1.134072e-05,-8.400471e-07,-1.479539e-05,-3.011168e-05,-4.616239e-05,-6.247241e-05,-7.880363e-05,-9.512695e-05,-1.638199e-06,-3.695989e-06,-5.779952e-06,-7.563771e-06,-8.852799e-06,-9.892519e-06,-1.077625e-05,-1.149923e-05,-1.210515e-05,-1.233346e-05,-1.205932e-05,-1.164000e-05,-1.159055e-05,-1.225047e-05,-1.368356e-05,-1.568639e-05,-1.787334e-05,-2.004347e-05
4.499038e-06,-1.138605e-06,-6.218535e-05,5.055375e-04,5.105542e-04,5.154591e-04,5.175659e-04,5.196742e-04,5.200254e-04,5.219061e-04,5.292840e-04,5.484800e-04,5.782531e-04,6.211064e-04,6.623745e-04,6.874309e-04,6.431013e-04,5.737278e-04,4.893374e-04,4.006597e-04,3.122599e-04,-7.180638e-05,-7.531095e-05,-7.881611e-05,-8.232072e-05,-8.583319e-05,-8.904420e-05,-9.165841e-05,-9.356554e-05,-9.429136e-05,-9.277857e-05,-8.814070e-05,-7.992687e-05,-6.827663e-05,-5.404386e-05,-3.840070e-05,-2.225844e-05,-6.027537e-06,1.019177e-05,6.351122e-05,5.308262e-05,4.266641e-05,3.189925e-05,2.041785e-05,8.283181e-06,-4.484465e-06,-1.794103e-05,-3.211391e-05,-4.737258e-05,-6.397112e-05,-8.114621e-05,-9.783668e-05,-1.133296e-04,-1.275582e-04,-1.408662e-04,-1.538136e-04,-1.667824e-04,7.607356e-05,7.154211e-05,6.701371e-05,6.244671e-05,5.779611e-05,5.272369e-05,4.694453e-05,4.057828e-05,3.349372e-05,2.510773e-05,1.500108e-05,3.004706e-06,-1.077510e-05,-2.592390e-05,-4.180874e-05,-5.795716e-05,-7.412859e-05,-9.029118e-05,-2.092489e-06,-3.672965e-06,-5.279115e-06,-6.591303e-06,-7.416204e-06,-7.998850e-06,-8.443310e-06,-8.760938e-06,-9.007668e-06,-8.961905e-06,-8.530405e-06,-8.068835e-06,-8.085336e-06,-8.911347e-06,-1.059383e-05,-1.289998e-05,-1.541203e-05,-1.790534e-05
5.403132e-06,-5.026813e-07,-6.060666e-05,4.987817e-04,5.022369e-04,5.055811e-04,5.063022e-04,5.069388e-04,5.036278e-04,4.977094e-04,4.922360e-04,4.939630e-04,5.060632e-04,5.377393e-04,5.869509e-04,6.431013e-04,6.908822e-04,6.764468e-04,6.434223e-04,6.005355e-04,5.586463e-04,-1.748320e-04,-1.604751e-04,-1.461189e-04,-1.317612e-04,-1.174148e-04,-1.026940e-04,-8.718609e-05,-7.058218e-05,-5.229810e-05,-3.137806e-05,-6.992702e-06,2.135020e-05,5.359377e-05,8.880683e-05,1.256876e-04,1.632712e-04,2.010220e-04,2.387513e-04,4.764003e-05,3.898411e-05,3.034033e-05,2.136296e-05,1.172636e-05,1.621418e-06,-8.757345e-06,-1.926899e-05,-2.975919e-05,-4.026978e-05,-5.075389e-05,-6.043054e-05,-6.825740e-05,-7.358880e-05,-7.649491e-05,-7.771326e-05,-7.825703e-05,-7.884321e-05,8.131714e-05,7.686524e-05,7.241623e-05,6.793027e-05,6.336814e-05,5.839067e-05,5.270454e-05,4.639892e-05,3.932867e-05,3.093554e-05,2.081869e-05,8.812022e-06,-4.986331e-06,-2.015998e-05,-3.607090e-05,-5.225236e-05,-6.845879e-05,-8.465517e-05,-9.290476e-07,-1.910300e-06,-2.916711e-06,-3.636916e-06,-3.882717e-06,-3.909402e-06,-3.840966e-06,-3.713077e-06,-3.601930e-06,-3.330943e-06,-2.843868e-06,-2.487504e-06,-2.752511e-06,-3.954423e-06,-6.122923e-06,-8.985773e-06,-1.208291e-05,-1.515879e-05
6.348329e-06,5.448789e-07,-5.922538e-05,4.960619e-04,4.972619e-04,4.983211e-04,4.973346e-04,4.967946e-04,4.905365e-04,4.776474e-04,4.595163e-04,4.426502e-04,4.334353e-04,4.474651e-04,4.929820e-04,5.737278e-04,6.764468e-04,7.840253e-04,8.389776e-04,8.856223e-04,9.321287e-04,-2.857788e-04,-2.513365e-04,-2.168953e-04,-1.824512e-04,-1.480221e-04,-1.131335e-04,-7.724639e-05,-3.987044e-05,-3.391728e-07,4.218656e-05,8.847572e-05,1.390892e-04,1.940962e-04,2.525193e-04,3.129529e-04,3.743810e-04,4.360666e-04,4.977193e-04,1.205900e-05,9.254225e-06,6.460241e-06,3.378013e-06,-2.247962e-07,-3.945511e-06,-7.341361e-06,-1.000530e-05,-1.152998e-05,-1.157561e-05,-9.748793e-06,-5.299488e-06,2.730191e-06,1.484856e-05,3.073417e-05,4.917392e-05,6.863948e-05,8.803827e-05,8.719177e-05,8.278752e-05,7.838606e-05,7.394963e-05,6.944534e-05,6.453045e-05,5.890064e-05,5.261608e-05,4.551988e-05,3.707787e-05,2.690589e-05,1.483741e-05,9.578816e-07,-1.431679e-05,-3.034464e-05,-4.666243e-05,-6.300850e-05,-7.934304e-05,2.680869e-06,2.410698e-06,2.115955e-06,2.096834e-06,2.529658e-06,3.136891e-06,3.764676e-06,4.343823e-06,4.769085e-06,5.165574e-06,5.547379e-06,5.582249e-06,4.804807e-06,2.924439e-06,-5.620696e-08,-3.814424e-06,-7.839776e-06,-1.184091e-05
7.336872e-06,2.014275e-06,-5.802509e-05,4.972546e-04,4.953980e-04,4.933427e-04,4.901714e-04,4.884778e-04,4.797641e-04,4.607869e-04,4.308217e-04,3.956362e-04,3.640446e-04,3.569420e-04,3.934564e-04,4.893374e-04,6.434223e-04,8.389776e-04,1.052540e-03,1.230520e-03,1.414373e-03,-3.888651e-04,-3.350745e-04,-2.812854e-04,-2.274916e-04,-1.737164e-04,-1.193951e-04,-6.386606e-05,-6.484809e-06,5.346509e-05,1.166909e-04,1.838949e-04,2.557223e-04,3.324063e-04,4.129711e-04,4.959546e-04,5.803138e-04,6.650329e-04,7.497057e-04,-4.047352e-05,-3.447461e-05,-2.846713e-05,-2.267880e-05,-1.719853e-05,-1.134781e-05,-4.380532e-06,4.427954e-06,1.579128e-05,3.046679e-05,4.922270e-05,7.275008e-05,1.018807e-04,1.369445e-04,1.772864e-04,2.211380e-04,2.663988e-04,3.115653e-04,9.386816e-05,8.944115e-05,8.501682e-05,8.055973e-05,7.604345e-05,7.112049e-05,6.547441e-05,5.913897e-05,5.194825e-05,4.339157e-05,3.310060e-05,2.090632e-05,6.877459e-06,-8.574954e-06,-2.480851e-05,-4.136410e-05,-5.795262e-05,-7.452785e-05,9.130502e-06,9.612344e-06,1.007026e-05,1.079063e-05,1.193137e-05,1.318278e-05,1.435339e-05,1.533326e-05,1.598154e-05,1.636795e-05,1.646189e-05,1.594881e-05,1.439335e-05,1.153547e-05,7.421571e-06,2.435706e-06,-2.854049e-06,-8.116201e-06
8.378525e-06,3.516249e-06,-5.692262e-05,5.005254e-04,4.951864e-04,4.895770e-04,4.839474e-04,4.810366e-04,4.700496e-04,4.454331e-04,4.041247e-04,3.509297e-04,2.967206e-04,2.673319e-04,2.924685e-04,4.006597e-04,6.005355e-04,8.856223e-04,1.230520e-03,1.618205e-03,1.991286e-03,-4.824732e-04,-4.105919e-04,-3.387123e-04,-2.668265e-04,-1.949625e-04,-1.224691e-04,-4.856988e-05,2.751058e-05,1.065121e-04,1.889898e-04,2.755616e-04,3.669487e-04,4.635538e-04,5.644271e-04,6.680756e-04,7.734577e-04,8.793052e-04,9.850932e-04,-9.974877e-05,-8.381419e-05,-6.787363e-05,-5.207241e-05,-3.633137e-05,-1.966872e-05,-1.013740e-06,2.069488e-05,4.649700e-05,7.758095e-05,1.151007e-04,1.596808e-04,2.120126e-04,2.722379e-04,3.393496e-04,4.109930e-04,4.844618e-04,5.578072e-04,1.011448e-04,9.666171e-05,9.218125e-05,8.767036e-05,8.310923e-05,7.814596e-05,7.245294e-05,6.604086e-05,5.873820e-05,5.005961e-05,3.965433e-05,2.735179e-05,1.320319e-05,-2.387867e-06,-1.878083e-05,-3.552393e-05,-5.230431e-05,-6.906960e-05,1.539751e-05,1.672611e-05,1.803143e-05,1.958535e-05,2.152496e-05,2.350531e-05,2.529533e-05,2.674251e-05,2.766833e-05,2.808605e-05,2.791920e-05,2.687146e-05,2.453843e-05,2.069131e-05,1.542202e-05,9.179292e-06,2.592512e-06,-3.963041e-06
9.384292e-06,4.991607e-06,-5.580066e-05,5.035579e-04,4.947599e-04,4.856209e-04,4.775471e-04,4.734186e-04,4.601435e-04,4.298601e-04,3.771843e-04,3.059744e-04,2.291909e-04,1.776232e-04,1.916036e-04,3.122599e-04,5.586463e-04,9.321287e-04,1.414373e-03,1.991286e-03,2.632021e-03,-5.762411e-04,-4.862271e-04,-3.962151e-04,-3.061953e-04,-2.162005e-04,-1.254931e-04,-3.318169e-05,6.164139e-05,1.597407e-04,2.615199e-04,3.675134e-04,4.785178e-04,5.951049e-04,7.163489e-04,8.407246e-04,9.671897e-04,1.094224e-03,1.221187e-03,-1.584275e-04,-1.326435e-04,-1.068562e-04,-8.112901e-05,-5.521627e-05,-2.783486e-05,2.409002e-06,3.691188e-05,7.703840e-05,1.244069e-04,1.805565e-04,2.460460e-04,3.214276e-04,4.066562e-04,5.003746e-04,5.996442e-04,7.011550e-04,8.025139e-04,1.080682e-04,1.035474e-04,9.902910e-05,9.448275e-05,8.989513e-05,8.491008e-05,7.918897e-05,7.271938e-05,6.532418e-05,5.654359e-05,4.604443e-05,3.365462e-05,1.940787e-05,3.700467e-06,-1.282891e-05,-2.973587e-05,-4.668411e-05,-6.361546e-05,2.145487e-05,2.363425e-05,2.579102e-05,2.818258e-05,3.092542e-05,3.363982e-05,3.605551e-05,3.797782e-05,3.919087e-05,3.965158e-05,3.923768e-05,3.767100e-05,3.457795e-05,2.976081e-05,2.335671e-05,1.587864e-05,8.016679e-06,1.895240e-07
-2.800311e-04,1.006987e-05,-3.467722e-06,1.787445e-04,1.311628e-04,8.274647e-05,4.327316e-05,3.430688e-06,-1.289377e-05,1.138878e-05,4.057352e-05,5.384387e-05,5.527439e-05,4.115885e-05,2.298537e-06,-7.180638e-05,-1.748320e-04,-2.857788e-04,-3.888651e-04,-4.824732e-04,-5.762411e-04,4.312823e-03,3.964489e-03,3.622311e-03,3.292426e-03,2.981057e-03,2.692339e-03,2.429229e-03,2.191294e-03,1.976690e-03,1.781909e-03,1.603305e-03,1.436984e-03,1.278962e-03,1.126433e-03,9.770248e-04,8.286031e-04,6.801635e-04,5.317075e-04,-4.395533e-04,-4.078902e-04,-3.762268e-04,-3.440815e-04,-3.097957e-04,-2.731664e-04,-2.353878e-04,-1.983040e-04,-1.636220e-04,-1.322969e-04,-1.049698e-04,-8.170146e-05,-6.275512e-05,-4.781276e-05,-3.569497e-05,-2.529466e-05,-1.583754e-05,-6.344344e-06,-2.096287e-03,-2.037761e-03,-1.979205e-03,-1.920754e-03,-1.863268e-03,-1.807175e-03,-1.753213e-03,-1.701262e-03,-1.651197e-03,-1.602481e-03,-1.555362e-03,-1.509919e-03,-1.465841e-03,-1.422629e-03,-1.379999e-03,-1.337878e-03,-1.296027e-03,-1.254156e-03,1.669902e-04,1.509016e-04,1.348152e-04,1.186319e-04,1.019761e-04,8.500761e-05,6.847551e-05,5.328345e-05,4.032127e-05,3.003912e-05,2.251506e-05,1.737344e-05,1.400897e-05,1.207351e-05,1.140177e-05,1.157683e-05,1.200796e-05,1.241013e-05
-2.795682e-04,9.843434e-06,-2.611719e-06,1.568921e-04,1.135989e-04,6.956272e-05,3.358331e-05,-2.669446e-06,-1.774079e-05,3.502646e-06,2.800507e-05,3.680269e-05,3.490307e-05,2.041404e-05,-1.338382e-05,-7.531095e-05,-1.604751e-04,-2.513365e-04,-3.350745e-04,-4.105919e-04,-4.862271e-04,3.964489e-03,3.683071e-03,3.400008e-03,3.123528e-03,2.859287e-03,2.611766e-03,2.384197e-03,2.176757e-03,1.988296e-03,1.816051e-03,1.657144e-03,1.508449e-03,1.366676e-03,1.229474e-03,1.094867e-03,9.610897e-04,8.273029e-04,6.935005e-04,-4.008095e-04,-3.715175e-04,-3.422255e-04,-3.124949e-04,-2.808350e-04,-2.470685e-04,-2.122717e-04,-1.781260e-04,-1.461852e-04,-1.172705e-04,-9.191188e-05,-7.013664e-05,-5.214545e-05,-3.764326e-05,-2.559379e-05,-1.503765e-05,-5.305722e-06,4.456779e-06,-2.115976e-03,-2.054765e-03,-1.993525e-03,-1.932378e-03,-1.872144e-03,-1.813229e-03,-1.756348e-03,-1.701390e-03,-1.648245e-03,-1.596387e-03,-1.546081e-03,-1.497429e-03,-1.450138e-03,-1.403711e-03,-1.357867e-03,-1.312545e-03,-1.267505e-03,-1.222441e-03,1.625124e-04,1.468078e-04,1.311055e-04,1.153096e-04,9.906870e-05,8.254773e-05,6.647812e-05,5.174294e-05,3.921384e-05,2.932256e-05,2.213338e-05,1.727292e-05,1.413757e-05,1.238569e-05,1.187175e-05,1.219315e-05,1.276144e-05,1.330138e-05
-2.791052e-04,9.617193e-06,-1.755632e-06,1.350388e-04,9.603354e-05,5.637692e-05,2.389091e-05,-8.772232e-06,-2.259008e-05,-4.385178e-06,1.543546e-05,1.976073e-05,1.453122e-05,-3.311958e-07,-2.906662e-05,-7.881611e-05,-1.461189e-04,-2.168953e-04,-2.812854e-04,-3.387123e-04,-3.962151e-04,3.622311e-03,3.400008e-03,3.178148e-03,2.954515e-03,2.737550e-03,2.531185e-03,2.339168e-03,2.162220e-03,1.999901e-03,1.850193e-03,1.710981e-03,1.579913e-03,1.454387e-03,1.332512e-03,1.212707e-03,1.093574e-03,9.744394e-04,8.552904e-04,-3.620642e-04,-3.351437e-04,-3.082233e-04,-2.809076e-04,-2.518739e-04,-2.209703e-04,-1.891556e-04,-1.579483e-04,-1.287488e-04,-1.022448e-04,-7.885483e-05,-5.857286e-05,-4.153702e-05,-2.747518e-05,-1.549422e-05,-4.782431e-06,5.224110e-06,1.525573e-05,-2.135664e-03,-2.071767e-03,-2.007843e-03,-1.944000e-03,-1.881019e-03,-1.819282e-03,-1.759482e-03,-1.701518e-03,-1.645292e-03,-1.590292e-03,-1.536799e-03,-1.484939e-03,-1.434434e-03,-1.384792e-03,-1.335735e-03,-1.287212e-03,-1.238981e-03,-1.190726e-03,1.580359e-04,1.427153e-04,1.273972e-04,1.119886e-04,9.616262e-05,8.008912e-05,6.448198e-05,5.020366e-05,3.810762e-05,2.860718e-05,2.175284e-05,1.717352e-05,1.426725e-05,1.269892e-05,1.234274e-05,1.281045e-05,1.351585e-05,1.419354e-05
-2.786429e-04,9.390325e-06,-8.996773e-07,1.131790e-04,7.846588e-05,4.319302e-05,1.420420e-05,-1.486744e-05,-2.743228e-05,-1.226773e-05,2.869199e-06,2.720488e-06,-5.840060e-06,-2.107641e-05,-4.474940e-05,-8.232072e-05,-1.317612e-04,-1.824512e-04,-2.274916e-04,-2.668265e-04,-3.061953e-04,3.292426e-03,3.123528e-03,2.954515e-03,2.785968e-03,2.615682e-03,2.450635e-03,2.294128e-03,2.147686e-03,2.011508e-03,1.884338e-03,1.764823e-03,1.651382e-03,1.542106e-03,1.435559e-03,1.330555e-03,1.226068e-03,1.121587e-03,1.017092e-03,-3.233368e-04,-2.987855e-04,-2.742344e-04,-2.493314e-04,-2.229217e-04,-1.948790e-04,-1.660444e-04,-1.377737e-04,-1.113138e-04,-8.721882e-05,-6.579589e-05,-4.700571e-05,-3.092378e-05,-1.730089e-05,-5.387061e-06,5.481753e-06,1.576428e-05,2.606638e-05,-2.155357e-03,-2.088775e-03,-2.022166e-03,-1.955627e-03,-1.889899e-03,-1.825340e-03,-1.762620e-03,-1.701650e-03,-1.642343e-03,-1.584201e-03,-1.527522e-03,-1.472452e-03,-1.418734e-03,-1.365876e-03,-1.313605e-03,-1.261882e-03,-1.210460e-03,-1.159014e-03,1.535551e-04,1.386184e-04,1.236844e-04,1.086632e-04,9.325217e-05,7.762617e-05,6.248155e-05,4.866016e-05,3.699728e-05,2.788779e-05,2.136844e-05,1.707040e-05,1.439337e-05,1.300876e-05,1.281050e-05,1.342469e-05,1.426738e-05,1.508297e-05
-2.781782e-04,9.165712e-06,-4.266219e-08,9.123823e-05,6.082424e-05,2.994224e-05,4.457724e-06,-2.101204e-05,-3.231040e-05,-2.017297e-05,-9.710141e-06,-1.432723e-05,-2.621610e-05,-4.182583e-05,-6.043752e-05,-8.583319e-05,-1.174148e-04,-1.480221e-04,-1.737164e-04,-1.949625e-04,-2.162005e-04,2.981057e-03,2.859287e-03,2.737550e-03,2.615682e-03,2.494317e-03,2.369978e-03,2.249135e-03,2.133147e-03,2.023116e-03,1.918473e-03,1.818650e-03,1.722831e-03,1.629799e-03,1.538575e-03,1.448368e-03,1.358521e-03,1.268689e-03,1.178844e-03,-2.846264e-04,-2.624436e-04,-2.402611e-04,-2.177701e-04,-1.939838e-04,-1.688013e-04,-1.429463e-04,-1.176117e-04,-9.389101e-05,-7.220488e-05,-5.274905e-05,-3.545082e-05,-2.032310e-05,-7.139578e-06,4.706632e-06,1.573193e-05,2.628987e-05,3.686191e-05,-2.175034e-03,-2.105766e-03,-2.036473e-03,-1.967238e-03,-1.898763e-03,-1.831382e-03,-1.765743e-03,-1.701766e-03,-1.639379e-03,-1.578096e-03,-1.518230e-03,-1.459952e-03,-1.403020e-03,-1.346949e-03,-1.291464e-03,-1.236540e-03,-1.181929e-03,-1.127292e-03,1.490911e-04,1.345381e-04,1.199880e-04,1.053538e-04,9.035738e-05,7.517856e-05,6.049611e-05,4.713127e-05,3.590115e-05,2.718219e-05,2.099738e-05,1.698018e-05,1.453196e-05,1.333063e-05,1.328987e-05,1.405013e-05,1.502970e-05,1.598279e-05
-2.776835e-04,8.964223e-06,7.789588e-07,6.987768e-05,4.380002e-05,1.734576e-05,-4.597508e-06,-2.648761e-05,-3.660498e-05,-2.761942e-05,-2.193936e-05,-3.109778e-05,-4.635667e-05,-6.234743e-05,-7.587516e-05,-8.904420e-05,-1.026940e-04,-1.131335e-04,-1.193951e-04,-1.224691e-04,-1.254931e-04,2.692339e-03,2.611766e-03,2.531185e-03,2.450635e-03,2.369978e-03,2.288783e-03,2.203177e-03,2.117972e-03,2.034197e-03,1.952240e-03,1.872243e-03,1.794178e-03,1.717515e-03,1.641737e-03,1.566449e-03,1.491362e-03,1.416298e-03,1.341223e-03,-2.466413e-04,-2.267863e-04,-2.069317e-04,-1.868124e-04,-1.656072e-04,-1.432419e-04,-1.203230e-04,-9.788019e-05,-7.685332e-05,-5.752960e-05,-3.999382e-05,-2.413971e-05,-9.917381e-06,2.876635e-06,1.470601e-05,2.593916e-05,3.682425e-05,4.771794e-05,-2.194397e-03,-2.122461e-03,-2.050502e-03,-1.978587e-03,-1.907383e-03,-1.837196e-03,-1.768654e-03,-1.701686e-03,-1.636232e-03,-1.571821e-03,-1.508781e-03,-1.447308e-03,-1.387177e-03,-1.327904e-03,-1.269219e-03,-1.211108e-03,-1.153321e-03,-1.095506e-03,1.448303e-04,1.306558e-04,1.164844e-04,1.022322e-04,8.764517e-05,7.290812e-05,5.868221e-05,4.576790e-05,3.496403e-05,2.662878e-05,2.077153e-05,1.702792e-05,1.480085e-05,1.377464e-05,1.388269e-05,1.477993e-05,1.588712e-05,1.696848e-05
-2.771442e-04,8.778060e-06,1.544573e-06,4.974247e-05,2.796832e-05,5.906221e-06,-1.250756e-05,-3.091263e-05,-4.000952e-05,-3.439648e-05,-3.368697e-05,-4.749813e-05,-6.617288e-05,-8.251505e-05,-9.086563e-05,-9.165841e-05,-8.718609e-05,-7.724639e-05,-6.386606e-05,-4.856988e-05,-3.318169e-05,2.429229e-03,2.384197e-03,2.339168e-03,2.294128e-03,2.249135e-03,2.203177e-03,2.155535e-03,2.100958e-03,2.044026e-03,1.985113e-03,1.925336e-03,1.865391e-03,1.805457e-03,1.745474e-03,1.685448e-03,1.625466e-03,1.565514e-03,1.505551e-03,-2.104466e-04,-1.928319e-04,-1.752176e-04,-1.573818e-04,-1.386613e-04,-1.190064e-04,-9.890770e-05,-7.923205e-05,-6.076638e-05,-4.366613e-05,-2.790706e-05,-1.334958e-05,1.188201e-07,1.267842e-05,2.464909e-05,3.625018e-05,4.762362e-05,5.900010e-05,-2.213226e-03,-2.138657e-03,-2.064065e-03,-1.989506e-03,-1.915607e-03,-1.842648e-03,-1.771235e-03,-1.701304e-03,-1.632809e-03,-1.565293e-03,-1.499103e-03,-1.434455e-03,-1.371145e-03,-1.308692e-03,-1.246829e-03,-1.185551e-03,-1.124608e-03,-1.063636e-03,1.407578e-04,1.269578e-04,1.131609e-04,9.928672e-05,8.510423e-05,7.080275e-05,5.702590e-05,4.455342e-05,3.416594e-05,2.620380e-05,2.066321e-05,1.718183e-05,1.516380e-05,1.429972e-05,1.454267e-05,1.556231e-05,1.678229e-05,1.797710e-05
-2.765276e-04,8.603536e-06,2.299119e-06,3.100359e-05,1.320750e-05,-4.793146e-06,-1.995466e-05,-3.520302e-05,-4.359953e-05,-4.161013e-05,-4.594806e-05,-6.430883e-05,-8.621210e-05,-1.026443e-04,-1.055074e-04,-9.356554e-05,-7.058218e-05,-3.987044e-05,-6.484809e-06,2.751058e-05,6.164139e-05,2.191294e-03,2.176757e-03,2.162220e-03,2.147686e-03,2.133147e-03,2.117972e-03,2.100958e-03,2.080289e-03,2.050580e-03,2.015817e-03,1.977127e-03,1.936191e-03,1.893839e-03,1.850495e-03,1.806564e-03,1.762515e-03,1.718504e-03,1.674484e-03,-1.769423e-04,-1.614832e-04,-1.460242e-04,-1.303844e-04,-1.140467e-04,-9.698069e-05,-7.956082e-05,-6.249082e-05,-4.640445e-05,-3.132601e-05,-1.712513e-05,-3.630357e-06,9.331981e-06,2.191699e-05,3.429833e-05,4.654294e-05,5.868344e-05,7.082130e-05,-2.231248e-03,-2.154094e-03,-2.076918e-03,-1.999764e-03,-1.923219e-03,-1.847537e-03,-1.773296e-03,-1.700440e-03,-1.628937e-03,-1.558343e-03,-1.489024e-03,-1.421220e-03,-1.354747e-03,-1.289126e-03,-1.224094e-03,-1.159661e-03,-1.095572e-03,-1.031453e-03,1.368100e-04,1.233906e-04,1.099745e-04,9.648423e-05,8.271030e-05,6.884601e-05,5.551742e-05,4.348344e-05,3.350644e-05,2.590913e-05,2.067506e-05,1.744412e-05,1.562192e-05,1.490552e-05,1.526783e-05,1.639361e-05,1.770975e-05,1.900140e-05
-2.758557e-04,8.419963e-06,3.064238e-06,1.367773e-05,-6.071609e-07,-1.502017e-05,-2.732978e-05,-3.983849e-05,-4.790135e-05,-4.975218e-05,-5.912098e-05,-8.175576e-05,-1.065002e-04,-1.225654e-04,-1.194640e-04,-9.429136e-05,-5.229810e-05,-3.391728e-07,5.346509e-05,1.065121e-04,1.597407e-04,1.976690e-03,1.988296e-03,1.999901e-03,2.011508e-03,2.023116e-03,2.034197e-03,2.044026e-03,2.050580e-03,2.052013e-03,2.042410e-03,2.026534e-03,2.006088e-03,1.982822e-03,1.957581e-03,1.931202e-03,1.904535e-03,1.877916e-03,1.851289e-03,-1.464257e-04,-1.330988e-04,-1.197718e-04,-1.063009e-04,-9.230041e-05,-7.775103e-05,-6.290755e-05,-4.830663e-05,-3.442497e-05,-2.115637e-05,-8.269572e-06,4.435475e-06,1.719021e-05,3.012055e-05,4.324943e-05,5.648549e-05,6.974646e-05,8.299885e-05,-2.248644e-03,-2.168952e-03,-2.089239e-03,-2.009536e-03,-1.930392e-03,-1.852031e-03,-1.775003e-03,-1.699257e-03,-1.624773e-03,-1.551120e-03,-1.478683e-03,-1.407728e-03,-1.338091e-03,-1.269298e-03,-1.201092e-03,-1.133495e-03,-1.066252e-03,-9.989788e-04,1.327818e-04,1.197613e-04,1.067441e-04,9.365561e-05,8.030566e-05,6.689102e-05,5.402002e-05,4.243031e-05,3.286562e-05,2.563120e-05,2.069872e-05,1.771075e-05,1.607479e-05,1.549474e-05,1.596370e-05,1.718200e-05,1.858020e-05,1.995463e-05
-2.751243e-04,8.194754e-06,3.813586e-06,-2.376897e-06,-1.352066e-05,-2.472342e-05,-3.448250e-05,-4.453564e-05,-5.246348e-05,-5.816791e-05,-7.235695e-05,-9.883197e-05,-1.259258e-04,-1.411234e-04,-1.316038e-04,-9.277857e-05,-3.137806e-05,4.218656e-05,1.166909e-04,1.889898e-04,2.615199e-04,1.781909e-03,1.816051e-03,1.850193e-03,1.884338e-03,1.918473e-03,1.952240e-03,1.985113e-03,2.015817e-03,2.042410e-03,2.062585e-03,2.071229e-03,2.073693e-03,2.071688e-03,2.066753e-03,2.060094e-03,2.052976e-03,2.045916e-03,2.038848e-03,-1.183473e-04,-1.072130e-04,-9.607836e-05,-8.483275e-05,-7.320753e-05,-6.118576e-05,-4.889768e-05,-3.670805e-05,-2.493167e-05,-1.333058e-05,-1.579057e-06,1.054885e-05,2.333945e-05,3.688583e-05,5.105505e-05,6.559007e-05,8.028632e-05,9.496772e-05,-2.265378e-03,-2.183198e-03,-2.100998e-03,-2.018797e-03,-1.937103e-03,-1.856112e-03,-1.776342e-03,-1.697746e-03,-1.620312e-03,-1.543623e-03,-1.468083e-03,-1.393984e-03,-1.321182e-03,-1.249214e-03,-1.177826e-03,-1.107057e-03,-1.036652e-03,-9.662159e-04,1.283897e-04,1.157947e-04,1.032032e-04,9.054271e-05,7.764117e-05,6.469800e-05,5.230363e-05,4.117402e-05,3.203368e-05,2.517050e-05,2.054514e-05,1.780304e-05,1.635366e-05,1.590786e-05,1.647925e-05,1.778444e-05,1.925835e-05,2.070927e-05
