4.397943e-05,-8.946769e-07,-2.735106e-07,1.847962e-06,2.306855e-06,2.764634e-06,3.133714e-06,3.453336e-06,3.732426e-06,4.032336e-06,4.079614e-06,3.878132e-06,3.761393e-06,3.846138e-06,4.016271e-06,4.490348e-06,5.392430e-06,6.335516e-06,7.321853e-06,8.361189e-06,9.364718e-06,-2.794188e-04,-2.789569e-04,-2.784948e-04,-2.780335e-04,-2.775697e-04,-2.770760e-04,-2.765378e-04,-2.759225e-04,-2.752520e-04,-2.745221e-04,-2.737605e-04,-2.729961e-04,-2.722211e-04,-2.714240e-04,-2.706084e-04,-2.697922e-04,-2.689861e-04,-2.681778e-04,7.425565e-06,7.502060e-06,7.578516e-06,7.646154e-06,7.688166e-06,7.705571e-06,7.680878e-06,7.615878e-06,7.504465e-06,7.336399e-06,7.130081e-06,6.897930e-06,6.668734e-06,6.451462e-06,6.228868e-06,5.998348e-06,5.773566e-06,5.549931e-06,3.655818e-04,3.532852e-04,3.409857e-04,3.286832e-04,3.164496e-04,3.043049e-04,2.923182e-04,2.804706e-04,2.687575e-04,2.571236e-04,2.456368e-04,2.343429e-04,2.232240e-04,2.122171e-04,2.012892e-04,1.904470e-04,1.796563e-04,1.688612e-04,-1.744930e-05,-1.548389e-05,-1.351890e-05,-1.154596e-05,-9.542657e-06,-7.540560e-06,-5.627474e-06,-3.910336e-06,-2.496939e-06,-1.438122e-06,-7.361516e-07,-3.379963e-07,-1.543090e-07,-1.399531e-07,-2.910048e-07,-5.587835e-07,-8.556631e-07,-1.148783e-06
-8.946769e-07,4.115853e-05,1.247374e-07,4.648120e-07,1.667488e-07,-5.826464e-08,-3.267458e-07,-6.051360e-07,-7.119036e-07,-6.836763e-07,-7.487559e-07,-8.758740e-07,-1.185337e-06,-1.377635e-06,-1.453201e-06,-1.136158e-06,-5.017094e-07,5.434681e-07,2.009551e-06,3.508139e-06,4.980171e-06,1.004838e-05,9.822378e-06,9.596570e-06,9.370136e-06,9.145953e-06,8.944844e-06,8.759026e-06,8.584821e-06,8.401587e-06,8.176806e-06,7.910780e-06,7.606141e-06,7.279374e-06,6.931283e-06,6.547992e-06,6.134297e-06,5.713434e-06,5.293918e-06,-2.601331e-04,-2.594933e-04,-2.588507e-04,-2.581869e-04,-2.575282e-04,-2.568655e-04,-2.562213e-04,-2.556055e-04,-2.550273e-04,-2.544890e-04,-2.540229e-04,-2.536091e-04,-2.532397e-04,-2.529193e-04,-2.526286e-04,-2.523443e-04,-2.520573e-04,-2.517687e-04,-1.713053e-05,-1.519668e-05,-1.326305e-05,-1.132422e-05,-9.363741e-06,-7.409679e-06,-5.544469e-06,-3.869883e-06,-2.484040e-06,-1.433119e-06,-7.164497e-07,-2.818083e-07,-4.174665e-08,4.938697e-08,-5.470162e-09,-1.648594e-07,-3.507426e-07,-5.331572e-07,3.051331e-04,2.998530e-04,2.945726e-04,2.892172e-04,2.836993e-04,2.778579e-04,2.716009e-04,2.648544e-04,2.576788e-04,2.501363e-04,2.423914e-04,2.344973e-04,2.265160e-04,2.185227e-04,2.105360e-04,2.025259e-04,1.944870e-04,1.864485e-04
-2.735106e-07,1.247374e-07,8.772698e-06,-7.381110e-05,-7.411802e-05,-7.439878e-05,-7.441625e-05,-7.440873e-05,-7.403493e-05,-7.344486e-05,-7.222210e-05,-7.055569e-05,-6.818891e-05,-6.590626e-05,-6.386553e-05,-6.204922e-05,-6.047398e-05,-5.909572e-05,-5.789804e-05,-5.679797e-05,-5.567845e-05,-3.460031e-06,-2.605889e-06,-1.751662e-06,-8.975683e-07,-4.241587e-08,7.774202e-07,1.541372e-06,2.294280e-06,3.057739e-06,3.805460e-06,4.519419e-06,5.191905e-06,5.833853e-06,6.457701e-06,7.070335e-06,7.684628e-06,8.303996e-06,8.922443e-06,-8.980383e-07,-1.089609e-06,-1.282883e-06,-1.434672e-06,-1.518871e-06,-1.571592e-06,-1.605945e-06,-1.616736e-06,-1.602881e-06,-1.533880e-06,-1.382296e-06,-1.162334e-06,-8.878738e-07,-5.781629e-07,-2.428955e-07,1.100476e-07,4.672454e-07,8.235179e-07,-8.497065e-06,-7.826917e-06,-7.157262e-06,-6.481985e-06,-5.793337e-06,-5.043460e-06,-4.193368e-06,-3.266650e-06,-2.255231e-06,-1.092539e-06,2.678882e-07,1.842711e-06,3.618108e-06,5.547395e-06,7.560961e-06,9.605418e-06,1.165247e-05,1.369859e-05,-2.486964e-07,3.386533e-09,2.590665e-07,4.743409e-07,6.256758e-07,7.510695e-07,8.657855e-07,9.713579e-07,1.075902e-06,1.151453e-06,1.186825e-06,1.220607e-06,1.308044e-06,1.484935e-06,1.757648e-06,2.099848e-06,2.464970e-06,2.828029e-06
1.847962e-06,4.648120e-07,-7.381110e-05,1.645617e-03,1.272000e-03,9.615093e-04,7.481972e-04,6.251218e-04,5.661007e-04,5.481907e-04,5.450178e-04,5.430738e-04,5.344887e-04,5.242880e-04,5.138839e-04,5.044312e-04,4.976902e-04,4.949763e-04,4.961664e-04,4.994300e-04,5.024557e-04,1.783457e-04,1.565411e-04,1.347355e-04,1.129235e-04,9.103059e-05,6.971669e-05,4.962545e-05,3.092749e-05,1.363945e-05,-2.380149e-06,-1.729989e-05,-3.130427e-05,-4.466549e-05,-5.762876e-05,-7.039403e-05,-8.316715e-05,-9.600107e-05,-1.088258e-04,-2.376981e-04,-2.029976e-04,-1.681341e-04,-1.354333e-04,-1.062833e-04,-8.023576e-05,-5.710553e-05,-3.677740e-05,-1.914137e-05,-3.983658e-06,8.935537e-06,2.004639e-05,2.974086e-05,3.846946e-05,4.659082e-05,5.432821e-05,6.192059e-05,6.952724e-05,5.999370e-05,5.570132e-05,5.141331e-05,4.705492e-05,4.255891e-05,3.747514e-05,3.140775e-05,2.447591e-05,1.658141e-05,7.214936e-06,-3.967493e-06,-1.706623e-05,-3.193306e-05,-4.814898e-05,-6.510372e-05,-8.233042e-05,-9.958115e-05,-1.168241e-04,1.698381e-05,1.303698e-05,9.038374e-06,5.601514e-06,3.064309e-06,1.075169e-06,-5.165751e-07,-1.754181e-06,-2.724347e-06,-3.252173e-06,-3.296910e-06,-3.216267e-06,-3.502488e-06,-4.483468e-06,-6.238706e-06,-8.560878e-06,-1.106740e-05,-1.355734e-05
2.306855e-06,1.667488e-07,-7.411802e-05,1.272000e-03,1.098021e-03,9.089015e-04,7.653447e-04,6.703011e-04,6.153922e-04,5.892949e-04,5.748289e-04,5.633258e-04,5.479987e-04,5.334683e-04,5.205193e-04,5.094369e-04,5.011379e-04,4.961737e-04,4.943138e-04,4.941026e-04,4.936771e-04,1.308689e-04,1.133434e-04,9.581636e-05,7.828705e-05,6.068392e-05,4.369686e-05,2.789970e-05,1.317108e-05,-6.134567e-07,-1.349880e-05,-2.557022e-05,-3.694242e-05,-4.782942e-05,-5.842209e-05,-6.886066e-05,-7.931088e-05,-8.981617e-05,-1.003126e-04,-1.471772e-04,-1.238767e-04,-1.004469e-04,-7.875797e-05,-5.990833e-05,-4.331393e-05,-2.872828e-05,-1.606287e-05,-5.206862e-06,3.906627e-06,1.136548e-05,1.748131e-05,2.253193e-05,2.685501e-05,3.070642e-05,3.425360e-05,3.769348e-05,4.114545e-05,6.580327e-05,6.107856e-05,5.635827e-05,5.157271e-05,4.665777e-05,4.115691e-05,3.468421e-05,2.740040e-05,1.922684e-05,9.637863e-06,-1.724037e-06,-1.497034e-05,-2.996216e-05,-4.628839e-05,-6.334604e-05,-8.067275e-05,-9.802271e-05,-1.153648e-04,1.311101e-05,9.750105e-06,6.342133e-06,3.446326e-06,1.367986e-06,-2.616568e-07,-1.598753e-06,-2.681228e-06,-3.595696e-06,-4.147527e-06,-4.277591e-06,-4.330956e-06,-4.788463e-06,-5.967081e-06,-7.936134e-06,-1.048172e-05,-1.321584e-05,-1.593300e-05
2.764634e-06,-5.826464e-08,-7.439878e-05,9.615093e-04,9.089015e-04,8.615662e-04,7.817596e-04,7.159030e-04,6.644738e-04,6.301673e-04,6.043367e-04,5.833109e-04,5.612932e-04,5.424807e-04,5.270217e-04,5.143312e-04,5.044747e-04,4.972306e-04,4.922631e-04,4.885056e-04,4.845580e-04,8.255937e-05,6.940436e-05,5.624730e-05,4.309215e-05,2.987026e-05,1.730124e-05,5.886626e-06,-4.789437e-06,-1.499419e-05,-2.467632e-05,-3.383707e-05,-4.251988e-05,-5.087885e-05,-5.904915e-05,-6.711012e-05,-7.518643e-05,-8.331190e-05,-9.142896e-05,-5.473495e-05,-4.307791e-05,-3.132541e-05,-2.089290e-05,-1.258474e-05,-5.676546e-06,1.421178e-07,4.934495e-06,8.814049e-06,1.170130e-05,1.353174e-05,1.449620e-05,1.475598e-05,1.453344e-05,1.397909e-05,1.320289e-05,1.235829e-05,1.152351e-05,7.152988e-05,6.638176e-05,6.123809e-05,5.603411e-05,5.070879e-05,4.479918e-05,3.792957e-05,3.030243e-05,2.185878e-05,1.205681e-05,5.255998e-07,-1.285749e-05,-2.796295e-05,-4.438773e-05,-6.153650e-05,-7.895153e-05,-9.638908e-05,-1.138187e-04,9.632004e-06,6.869372e-06,4.064442e-06,1.721759e-06,1.130079e-07,-1.148700e-06,-2.225472e-06,-3.150164e-06,-4.009309e-06,-4.588498e-06,-4.809802e-06,-5.005067e-06,-5.643068e-06,-7.029237e-06,-9.222292e-06,-1.200163e-05,-1.497381e-05,-1.792864e-05
3.133714e-06,-3.267458e-07,-7.441625e-05,7.481972e-04,7.653447e-04,7.817596e-04,7.929579e-04,7.543530e-04,7.107205e-04,6.692776e-04,6.327213e-04,6.018691e-04,5.726509e-04,5.491092e-04,5.308422e-04,5.164334e-04,5.051943e-04,4.962463e-04,4.890986e-04,4.828882e-04,4.765019e-04,4.317327e-05,3.350451e-05,2.383320e-05,1.416758e-05,4.442322e-06,-4.593207e-06,-1.248607e-05,-1.991699e-05,-2.727609e-05,-3.441327e-05,-4.125426e-05,-4.778772e-05,-5.412579e-05,-6.036125e-05,-6.652606e-05,-7.271245e-05,-7.894458e-05,-8.516850e-05,8.014472e-06,1.127801e-05,1.460528e-05,1.699175e-05,1.787458e-05,1.807220e-05,1.793440e-05,1.748834e-05,1.683575e-05,1.575199e-05,1.403255e-05,1.177700e-05,9.061193e-06,6.023767e-06,2.742332e-06,-7.101091e-07,-4.206363e-06,-7.694202e-06,7.599461e-05,7.051297e-05,6.503579e-05,5.950268e-05,5.385548e-05,4.762639e-05,4.044774e-05,3.255886e-05,2.391798e-05,1.396879e-05,2.329461e-06,-1.113108e-05,-2.629066e-05,-4.275355e-05,-5.993202e-05,-7.737328e-05,-9.483629e-05,-1.122914e-04,6.175705e-06,3.911896e-06,1.610379e-06,-2.753414e-07,-1.501398e-06,-2.465688e-06,-3.333066e-06,-4.130480e-06,-4.942788e-06,-5.536811e-06,-5.817737e-06,-6.106767e-06,-6.862878e-06,-8.382647e-06,-1.071758e-05,-1.364333e-05,-1.676409e-05,-1.986730e-05
3.453336e-06,-6.051360e-07,-7.440873e-05,6.251218e-04,6.703011e-04,7.159030e-04,7.543530e-04,7.817900e-04,7.507447e-04,7.097215e-04,6.644098e-04,6.239373e-04,5.865795e-04,5.572461e-04,5.352502e-04,5.185371e-04,5.058296e-04,4.957074e-04,4.874088e-04,4.799838e-04,4.723824e-04,3.418673e-06,-2.668232e-06,-8.757784e-06,-1.483977e-05,-2.097105e-05,-2.643476e-05,-3.085021e-05,-3.513135e-05,-3.975679e-05,-4.444379e-05,-4.902725e-05,-5.344296e-05,-5.777110e-05,-6.207217e-05,-6.634363e-05,-7.065119e-05,-7.500471e-05,-7.934982e-05,3.067865e-05,2.986567e-05,2.909053e-05,2.768852e-05,2.529999e-05,2.275885e-05,2.040873e-05,1.823139e-05,1.629957e-05,1.423433e-05,1.169875e-05,8.746452e-06,5.418789e-06,1.819061e-06,-2.003876e-06,-5.987150e-06,-1.000726e-05,-1.401920e-05,8.002474e-05,7.421377e-05,6.840723e-05,6.254858e-05,5.658089e-05,5.004065e-05,4.257136e-05,3.444449e-05,2.563060e-05,1.555451e-05,3.821838e-06,-9.706571e-06,-2.491437e-05,-4.141170e-05,-5.861647e-05,-7.608010e-05,-9.356460e-05,-1.110413e-04,3.424201e-06,1.485946e-06,-4.862587e-07,-2.081150e-06,-3.079008e-06,-3.878171e-06,-4.640868e-06,-5.387873e-06,-6.200666e-06,-6.826242e-06,-7.153813e-06,-7.499521e-06,-8.318729e-06,-9.904843e-06,-1.230717e-05,-1.530061e-05,-1.848944e-05,-2.166068e-05
3.732426e-06,-7.119036e-07,-7.403493e-05,5.661007e-04,6.153922e-04,6.644738e-04,7.107205e-04,7.507447e-04,7.765289e-04,7.436452e-04,6.983282e-04,6.503086e-04,6.048209e-04,5.681606e-04,5.402771e-04,5.188876e-04,5.025258e-04,4.894630e-04,4.787142e-04,4.690208e-04,4.591363e-04,-1.286954e-05,-1.770607e-05,-2.254488e-05,-2.737661e-05,-3.224419e-05,-3.652950e-05,-3.992671e-05,-4.350899e-05,-4.780153e-05,-5.235381e-05,-5.689066e-05,-6.129772e-05,-6.564428e-05,-6.998374e-05,-7.431041e-05,-7.868636e-05,-8.311197e-05,-8.752869e-05,3.308403e-05,3.115909e-05,2.925502e-05,2.693200e-05,2.396601e-05,2.111078e-05,1.866373e-05,1.657023e-05,1.487318e-05,1.303756e-05,1.061031e-05,7.650468e-06,4.225087e-06,4.565124e-07,-3.591440e-06,-7.835292e-06,-1.213047e-05,-1.641647e-05,8.308186e-05,7.702491e-05,7.097229e-05,6.487053e-05,5.866254e-05,5.190084e-05,4.424170e-05,3.597719e-05,2.708467e-05,1.696747e-05,5.218038e-06,-8.309580e-06,-2.350200e-05,-3.997340e-05,-5.714569e-05,-7.457323e-05,-9.202085e-05,-1.094608e-04,2.654794e-06,8.235974e-07,-1.038929e-06,-2.551458e-06,-3.512272e-06,-4.306393e-06,-5.088881e-06,-5.876880e-06,-6.748601e-06,-7.432276e-06,-7.803042e-06,-8.176728e-06,-9.009941e-06,-1.059759e-05,-1.299119e-05,-1.596929e-05,-1.914027e-05,-2.229389e-05
4.032336e-06,-6.836763e-07,-7.344486e-05,5.481907e-04,5.892949e-04,6.301673e-04,6.692776e-04,7.097215e-04,7.436452e-04,7.664744e-04,7.301928e-04,6.835680e-04,6.318028e-04,5.870942e-04,5.505834e-04,5.207642e-04,4.966204e-04,4.766022e-04,4.597785e-04,4.444582e-04,4.289191e-04,1.135984e-05,3.490838e-06,-4.379849e-06,-1.224528e-05,-2.013334e-05,-2.756362e-05,-3.432597e-05,-4.152397e-05,-4.964833e-05,-5.804576e-05,-6.630970e-05,-7.428446e-05,-8.206700e-05,-8.975005e-05,-9.738028e-05,-1.050605e-04,-1.127972e-04,-1.205244e-04,2.528136e-05,2.426656e-05,2.326340e-05,2.195562e-05,2.019122e-05,1.857582e-05,1.731475e-05,1.629929e-05,1.551987e-05,1.427260e-05,1.199805e-05,8.816058e-06,4.888993e-06,4.189476e-07,-4.469710e-06,-9.639019e-06,-1.489823e-05,-2.014595e-05,8.579663e-05,7.957651e-05,7.336057e-05,6.709753e-05,6.072946e-05,5.383160e-05,4.607657e-05,3.775929e-05,2.885328e-05,1.873694e-05,6.988008e-06,-6.544491e-06,-2.174494e-05,-3.822649e-05,-5.540935e-05,-7.284608e-05,-9.030220e-05,-1.077509e-04,3.764900e-06,1.821969e-06,-1.506883e-07,-1.790492e-06,-2.907775e-06,-3.865577e-06,-4.807170e-06,-5.744460e-06,-6.749667e-06,-7.531537e-06,-7.952188e-06,-8.333072e-06,-9.138964e-06,-1.067237e-05,-1.299182e-05,-1.588359e-05,-1.896308e-05,-2.202566e-05
4.079614e-06,-7.487559e-07,-7.222210e-05,5.450178e-04,5.748289e-04,6.043367e-04,6.327213e-04,6.644098e-04,6.983282e-04,7.301928e-04,7.508966e-04,7.152252e-04,6.668012e-04,6.162236e-04,5.700480e-04,5.281261e-04,4.911590e-04,4.585108e-04,4.298789e-04,4.032402e-04,3.763587e-04,4.048028e-05,2.793921e-05,1.539699e-05,2.858112e-06,-9.693817e-06,-2.189639e-05,-3.361842e-05,-4.585279e-05,-5.899700e-05,-7.220412e-05,-8.493228e-05,-9.700034e-05,-1.085704e-04,-1.198234e-04,-1.309202e-04,-1.420519e-04,-1.532459e-04,-1.644301e-04,2.106405e-05,2.114892e-05,2.124169e-05,2.107246e-05,2.049612e-05,1.994733e-05,1.952250e-05,1.904846e-05,1.845231e-05,1.686422e-05,1.362049e-05,8.944065e-06,3.151505e-06,-3.429311e-06,-1.058800e-05,-1.811895e-05,-2.578435e-05,-3.343576e-05,8.536696e-05,7.921353e-05,7.306410e-05,6.686914e-05,6.057026e-05,5.376578e-05,4.614493e-05,3.798605e-05,2.925309e-05,1.930646e-05,7.712093e-06,-5.683386e-06,-2.075839e-05,-3.712211e-05,-5.418989e-05,-7.151045e-05,-8.884995e-05,-1.061823e-04,4.457901e-06,2.314128e-06,1.416775e-07,-1.708722e-06,-3.052862e-06,-4.226791e-06,-5.359160e-06,-6.454156e-06,-7.575528e-06,-8.414554e-06,-8.821225e-06,-9.125936e-06,-9.805909e-06,-1.117506e-05,-1.330145e-05,-1.598261e-05,-1.884403e-05,-2.168916e-05
3.878132e-06,-8.758740e-07,-7.055569e-05,5.430738e-04,5.633258e-04,5.833109e-04,6.018691e-04,6.239373e-04,6.503086e-04,6.835680e-04,7.152252e-04,7.395946e-04,7.045765e-04,6.576664e-04,6.033028e-04,5.472801e-04,4.928823e-04,4.416817e-04,3.947705e-04,3.501617e-04,3.053047e-04,5.372108e-05,3.671708e-05,1.971231e-05,2.709258e-06,-1.430126e-05,-3.103521e-05,-4.739978e-05,-6.417380e-05,-8.158265e-05,-9.862159e-05,-1.146269e-04,-1.293986e-04,-1.431849e-04,-1.563022e-04,-1.690904e-04,-1.818777e-04,-1.947281e-04,-2.075692e-04,2.873945e-05,2.908697e-05,2.944223e-05,2.952299e-05,2.911928e-05,2.847084e-05,2.754615e-05,2.608974e-05,2.394076e-05,2.012428e-05,1.391524e-05,5.684218e-06,-4.038526e-06,-1.475872e-05,-2.617120e-05,-3.801137e-05,-5.001799e-05,-6.200904e-05,8.183679e-05,7.598844e-05,7.014391e-05,6.425502e-05,5.826350e-05,5.178712e-05,4.452759e-05,3.673289e-05,2.834797e-05,1.872512e-05,7.423107e-06,-5.712460e-06,-2.055195e-05,-3.669700e-05,-5.355296e-05,-7.066163e-05,-8.778924e-05,-1.049098e-04,4.708792e-06,2.311838e-06,-1.131098e-07,-2.221801e-06,-3.827212e-06,-5.234342e-06,-6.554438e-06,-7.780632e-06,-8.963829e-06,-9.786220e-06,-1.009127e-05,-1.022246e-05,-1.067482e-05,-1.177756e-05,-1.360899e-05,-1.597832e-05,-1.852056e-05,-2.104714e-05
3.761393e-06,-1.185337e-06,-6.818891e-05,5.344887e-04,5.479987e-04,5.612932e-04,5.726509e-04,5.865795e-04,6.048209e-04,6.318028e-04,6.668012e-04,7.045765e-04,7.307620e-04,6.970490e-04,6.443549e-04,5.769880e-04,5.049560e-04,4.324870e-04,3.632481e-04,2.960713e-04,2.286894e-04,5.514820e-05,3.482137e-05,1.449401e-05,-5.832772e-06,-2.616430e-05,-4.626089e-05,-6.603382e-05,-8.602928e-05,-1.062731e-04,-1.256563e-04,-1.433806e-04,-1.591823e-04,-1.733716e-04,-1.864263e-04,-1.989112e-04,-2.113245e-04,-2.237905e-04,-2.362493e-04,4.256975e-05,4.148444e-05,4.040811e-05,3.902798e-05,3.705818e-05,3.458096e-05,3.146999e-05,2.741793e-05,2.219850e-05,1.483197e-05,4.563313e-06,-8.102815e-06,-2.241783e-05,-3.774026e-05,-5.371319e-05,-7.006481e-05,-8.657309e-05,-1.030672e-04,7.815300e-05,7.268972e-05,6.723004e-05,6.172738e-05,5.612524e-05,5.006007e-05,4.324527e-05,3.589558e-05,2.793495e-05,1.872175e-05,7.810353e-06,-4.959606e-06,-1.945477e-05,-3.527074e-05,-5.180322e-05,-6.858798e-05,-8.539176e-05,-1.021886e-04,2.906939e-06,4.033255e-07,-2.127557e-06,-4.348109e-06,-6.067410e-06,-7.560707e-06,-8.924329e-06,-1.014345e-05,-1.125824e-05,-1.195662e-05,-1.208015e-05,-1.198068e-05,-1.216727e-05,-1.298030e-05,-1.450309e-05,-1.655285e-05,-1.877057e-05,-2.097300e-05
3.846138e-06,-1.377635e-06,-6.590626e-05,5.242880e-04,5.334683e-04,5.424807e-04,5.491092e-04,5.572461e-04,5.681606e-04,5.870942e-04,6.162236e-04,6.576664e-04,6.970490e-04,7.248838e-04,6.853511e-04,6.197475e-04,5.365628e-04,4.464862e-04,3.561611e-04,2.667471e-04,1.772347e-04,4.106349e-05,2.036401e-05,-3.359013e-07,-2.103579e-05,-4.173987e-05,-6.221663e-05,-8.234018e-05,-1.024255e-04,-1.223030e-04,-1.408205e-04,-1.570795e-04,-1.707260e-04,-1.820673e-04,-1.917431e-04,-2.005554e-04,-2.091815e-04,-2.178316e-04,-2.264787e-04,5.549477e-05,5.090133e-05,4.631837e-05,4.140545e-05,3.582521e-05,2.958269e-05,2.253511e-05,1.439927e-05,4.955545e-06,-6.655541e-06,-2.111840e-05,-3.783414e-05,-5.590114e-05,-7.460880e-05,-9.364122e-05,-1.128202e-04,-1.320697e-04,-1.513113e-04,7.595408e-05,7.085768e-05,6.576466e-05,6.063014e-05,5.540067e-05,4.972672e-05,4.332791e-05,3.638589e-05,2.880366e-05,1.995369e-05,9.390701e-06,-3.053714e-06,-1.724979e-05,-3.278729e-05,-4.905063e-05,-6.556882e-05,-8.210679e-05,-9.863752e-05,7.559960e-07,-1.623143e-06,-4.028929e-06,-6.129938e-06,-7.732867e-06,-9.093106e-06,-1.030142e-05,-1.134438e-05,-1.226024e-05,-1.275773e-05,-1.268881e-05,-1.240801e-05,-1.242959e-05,-1.309603e-05,-1.448505e-05,-1.641039e-05,-1.850685e-05,-2.058769e-05
4.016271e-06,-1.453201e-06,-6.386553e-05,5.138839e-04,5.205193e-04,5.270217e-04,5.308422e-04,5.352502e-04,5.402771e-04,5.505834e-04,5.700480e-04,6.033028e-04,6.443549e-04,6.853511e-04,7.089945e-04,6.609252e-04,5.856667e-04,4.919034e-04,3.925957e-04,2.918289e-04,1.911846e-04,2.288255e-06,-1.335983e-05,-2.900837e-05,-4.465689e-05,-6.031072e-05,-7.571463e-05,-9.067235e-05,-1.052822e-04,-1.192083e-04,-1.313215e-04,-1.407032e-04,-1.469385e-04,-1.502451e-04,-1.513869e-04,-1.513751e-04,-1.510311e-04,-1.506634e-04,-1.502991e-04,6.444706e-05,5.594749e-05,4.745964e-05,3.862485e-05,2.908030e-05,1.882649e-05,7.772290e-06,-4.278550e-06,-1.747668e-05,-3.246870e-05,-4.975983e-05,-6.865832e-05,-8.816034e-05,-1.075419e-04,-1.266025e-04,-1.453722e-04,-1.640381e-04,-1.827083e-04,7.460641e-05,6.983777e-05,6.507234e-05,6.026685e-05,5.537165e-05,5.004587e-05,4.400980e-05,3.741393e-05,3.014335e-05,2.159160e-05,1.132395e-05,-8.305543e-07,-1.475574e-05,-3.003890e-05,-4.605486e-05,-6.232957e-05,-7.862542e-05,-9.491340e-05,-1.633089e-06,-3.686433e-06,-5.765893e-06,-7.545866e-06,-8.832131e-06,-9.869631e-06,-1.075148e-05,-1.147294e-05,-1.207759e-05,-1.230546e-05,-1.203198e-05,-1.161364e-05,-1.156435e-05,-1.222290e-05,-1.365291e-05,-1.565141e-05,-1.783363e-05,-1.999908e-05
4.490348e-06,-1.136158e-06,-6.204922e-05,5.044312e-04,5.094369e-04,5.143312e-04,5.164334e-04,5.185371e-04,5.188876e-04,5.207642e-04,5.281261e-04,5.472801e-04,5.769880e-04,6.197475e-04,6.609252e-04,6.859267e-04,6.416942e-04,5.724725e-04,4.882669e-04,3.997833e-04,3.115770e-04,-7.165442e-05,-7.515137e-05,-7.864891e-05,-8.214589e-05,-8.565072e-05,-8.885474e-05,-9.146328e-05,-9.336629e-05,-9.409057e-05,-9.258113e-05,-8.795346e-05,-7.975767e-05,-6.813300e-05,-5.393144e-05,-3.832259e-05,-2.221572e-05,-6.020402e-06,1.016334e-05,6.337382e-05,5.296801e-05,4.257458e-05,3.183096e-05,2.037467e-05,8.266538e-06,-4.473181e-06,-1.790031e-05,-3.204219e-05,-4.726747e-05,-6.382968e-05,-8.096718e-05,-9.762112e-05,-1.130801e-04,-1.272776e-04,-1.405565e-04,-1.534755e-04,-1.664159e-04,7.591871e-05,7.139681e-05,6.687794e-05,6.232056e-05,5.767977e-05,5.261807e-05,4.685117e-05,4.049847e-05,3.342903e-05,2.506100e-05,1.497608e-05,3.005583e-06,-1.074444e-05,-2.586046e-05,-4.171090e-05,-5.782434e-05,-7.396075e-05,-9.008832e-05,-2.087051e-06,-3.664114e-06,-5.266795e-06,-6.576157e-06,-7.399297e-06,-7.980710e-06,-8.424238e-06,-8.741211e-06,-8.987442e-06,-8.941821e-06,-8.511310e-06,-8.050793e-06,-8.067300e-06,-8.891545e-06,-1.057038e-05,-1.287153e-05,-1.537812e-05,-1.786602e-05
5.392430e-06,-5.017094e-07,-6.047398e-05,4.976902e-04,5.011379e-04,5.044747e-04,5.051943e-04,5.058296e-04,5.025258e-04,4.966204e-04,4.911590e-04,4.928823e-04,5.049560e-04,5.365628e-04,5.856667e-04,6.416942e-04,6.893705e-04,6.749667e-04,6.420145e-04,5.992217e-04,5.574242e-04,-1.744545e-04,-1.601290e-04,-1.458043e-04,-1.314781e-04,-1.171631e-04,-1.024746e-04,-8.700061e-05,-7.043309e-05,-5.218907e-05,-3.131485e-05,-6.982911e-06,2.129791e-05,5.347085e-05,8.860678e-05,1.254067e-04,1.629081e-04,2.005762e-04,2.382228e-04,4.753783e-05,3.890083e-05,3.027595e-05,2.131821e-05,1.170269e-05,1.619847e-06,-8.736213e-06,-1.922486e-05,-2.969211e-05,-4.017971e-05,-5.064088e-05,-6.029636e-05,-6.810610e-05,-7.342584e-05,-7.632559e-05,-7.754130e-05,-7.808388e-05,-7.866880e-05,8.115048e-05,7.670796e-05,7.226833e-05,6.779182e-05,6.323931e-05,5.827236e-05,5.259830e-05,4.630610e-05,3.925095e-05,3.087582e-05,2.078074e-05,8.799981e-06,-4.968534e-06,-2.010933e-05,-3.598578e-05,-5.213218e-05,-6.830348e-05,-8.446476e-05,-9.267999e-07,-1.905939e-06,-2.910182e-06,-3.628845e-06,-3.874141e-06,-3.900798e-06,-3.832539e-06,-3.704954e-06,-3.594075e-06,-3.323708e-06,-2.837725e-06,-2.482166e-06,-2.746617e-06,-3.945921e-06,-6.109696e-06,-8.966303e-06,-1.205668e-05,-1.512586e-05
6.335516e-06,5.434681e-07,-5.909572e-05,4.949763e-04,4.961737e-04,4.972306e-04,4.962463e-04,4.957074e-04,4.894630e-04,4.766022e-04,4.585108e-04,4.416817e-04,4.324870e-04,4.464862e-04,4.919034e-04,5.724725e-04,6.749667e-04,7.823097e-04,8.371418e-04,8.836844e-04,9.300891e-04,-2.851583e-04,-2.507914e-04,-2.164256e-04,-1.820569e-04,-1.477032e-04,-1.128910e-04,-7.708247e-05,-3.978835e-05,-3.436440e-07,4.208898e-05,8.827679e-05,1.387795e-04,1.936660e-04,2.519612e-04,3.122625e-04,3.735560e-04,4.351066e-04,4.966243e-04,1.203519e-05,9.236541e-06,6.448656e-06,3.373160e-06,-2.217770e-07,-3.934360e-06,-7.322789e-06,-9.980906e-06,-1.150226e-05,-1.154781e-05,-9.725009e-06,-5.285461e-06,2.726620e-06,1.481844e-05,3.066925e-05,4.906861e-05,6.849153e-05,8.784783e-05,8.701185e-05,8.261690e-05,7.822471e-05,7.379763e-05,6.930285e-05,6.439836e-05,5.878051e-05,5.250934e-05,4.542831e-05,3.700441e-05,2.685435e-05,1.481192e-05,9.624320e-07,-1.427915e-05,-3.027225e-05,-4.655466e-05,-6.286528e-05,-7.916439e-05,2.674532e-06,2.404928e-06,2.110808e-06,2.091706e-06,2.523561e-06,3.129448e-06,3.755846e-06,4.333715e-06,4.758037e-06,5.153650e-06,5.534612e-06,5.569399e-06,4.793655e-06,2.917401e-06,-5.672238e-08,-3.806715e-06,-7.823257e-06,-1.181563e-05
7.321853e-06,2.009551e-06,-5.789804e-05,4.961664e-04,4.943138e-04,4.922631e-04,4.890986e-04,4.874088e-04,4.787142e-04,4.597785e-04,4.298789e-04,3.947705e-04,3.632481e-04,3.561611e-04,3.925957e-04,4.882669e-04,6.420145e-04,8.371418e-04,1.050237e-03,1.227827e-03,1.411277e-03,-3.880189e-04,-3.343460e-04,-2.806746e-04,-2.269986e-04,-1.733411e-04,-1.191387e-04,-6.373122e-05,-6.475584e-06,5.334308e-05,1.164305e-04,1.834873e-04,2.551575e-04,3.316737e-04,4.120621e-04,4.948639e-04,5.790384e-04,6.635720e-04,7.480595e-04,-4.038178e-05,-3.439601e-05,-2.840169e-05,-2.262604e-05,-1.715777e-05,-1.131987e-05,-4.367850e-06,4.421342e-06,1.575978e-05,3.040314e-05,4.911797e-05,7.259382e-05,1.016606e-04,1.366477e-04,1.769012e-04,2.206567e-04,2.658184e-04,3.108860e-04,9.367324e-05,8.925558e-05,8.484059e-05,8.039291e-05,7.588618e-05,7.097364e-05,6.533957e-05,5.901764e-05,5.184232e-05,4.330402e-05,3.303523e-05,2.086730e-05,6.868822e-06,-8.550091e-06,-2.474843e-05,-4.126809e-05,-5.782062e-05,-7.435988e-05,9.109313e-06,9.590090e-06,1.004700e-05,1.076578e-05,1.190401e-05,1.315268e-05,1.432073e-05,1.529846e-05,1.594533e-05,1.633090e-05,1.642465e-05,1.591271e-05,1.436067e-05,1.150907e-05,7.404190e-06,2.429260e-06,-2.848896e-06,-8.099508e-06
8.361189e-06,3.508139e-06,-5.679797e-05,4.994300e-04,4.941026e-04,4.885056e-04,4.828882e-04,4.799838e-04,4.690208e-04,4.444582e-04,4.032402e-04,3.501617e-04,2.960713e-04,2.667471e-04,2.918289e-04,3.997833e-04,5.992217e-04,8.836844e-04,1.227827e-03,1.614663e-03,1.986928e-03,-4.814220e-04,-4.096980e-04,-3.379757e-04,-2.662472e-04,-1.945405e-04,-1.222058e-04,-4.846835e-05,2.744558e-05,1.062742e-04,1.885713e-04,2.749537e-04,3.661407e-04,4.625344e-04,5.631868e-04,6.666085e-04,7.717599e-04,8.773757e-04,9.829321e-04,-9.952671e-05,-8.362702e-05,-6.772136e-05,-5.195473e-05,-3.624814e-05,-1.962197e-05,-1.007835e-06,2.065325e-05,4.639888e-05,7.741476e-05,1.148523e-04,1.593348e-04,2.115520e-04,2.716454e-04,3.386101e-04,4.100967e-04,4.834045e-04,5.565893e-04,1.009336e-04,9.646000e-05,9.198901e-05,8.748766e-05,8.293618e-05,7.798343e-05,7.230254e-05,6.590416e-05,5.861714e-05,4.995721e-05,3.957438e-05,2.729845e-05,1.318050e-05,-2.376731e-06,-1.873411e-05,-3.544085e-05,-5.218480e-05,-6.891368e-05,1.536188e-05,1.668756e-05,1.799003e-05,1.954055e-05,2.147592e-05,2.345195e-05,2.523806e-05,2.668209e-05,2.760592e-05,2.802275e-05,2.785629e-05,2.681089e-05,2.448300e-05,2.064435e-05,1.538663e-05,9.157611e-06,2.585293e-06,-3.955867e-06
9.364718e-06,4.980171e-06,-5.567845e-05,5.024557e-04,4.936771e-04,4.845580e-04,4.765019e-04,4.723824e-04,4.591363e-04,4.289191e-04,3.763587e-04,3.053047e-04,2.286894e-04,1.772347e-04,1.911846e-04,3.115770e-04,5.574242e-04,9.300891e-04,1.411277e-03,1.986928e-03,2.626260e-03,-5.749845e-04,-4.851675e-04,-3.953525e-04,-3.055297e-04,-2.157319e-04,-1.252230e-04,-3.311367e-05,6.150188e-05,1.593865e-04,2.609429e-04,3.667044e-04,4.774658e-04,5.937978e-04,7.147764e-04,8.388798e-04,9.650681e-04,1.091825e-03,1.218509e-03,-1.580764e-04,-1.323489e-04,-1.066180e-04,-8.094714e-05,-5.509112e-05,-2.776965e-05,2.408007e-06,3.683534e-05,7.687402e-05,1.241388e-04,1.801654e-04,2.455116e-04,3.207280e-04,4.057700e-04,4.992831e-04,5.983353e-04,6.996238e-04,8.007608e-04,1.078415e-04,1.033303e-04,9.882155e-05,9.428482e-05,8.970691e-05,8.473245e-05,7.902354e-05,7.256778e-05,6.518844e-05,5.642675e-05,4.595025e-05,3.358726e-05,1.937140e-05,3.698092e-06,-1.279538e-05,-2.966561e-05,-4.657703e-05,-6.347160e-05,2.140524e-05,2.357987e-05,2.573193e-05,2.811827e-05,3.085512e-05,3.356360e-05,3.597403e-05,3.789217e-05,3.910261e-05,3.956236e-05,3.914942e-05,3.758622e-05,3.450000e-05,2.969347e-05,2.330345e-05,1.584182e-05,7.997136e-06,1.871800e-07
-2.794188e-04,1.004838e-05,-3.460031e-06,1.783457e-04,1.308689e-04,8.255937e-05,4.317327e-05,3.418673e-06,-1.286954e-05,1.135984e-05,4.048028e-05,5.372108e-05,5.514820e-05,4.106349e-05,2.288255e-06,-7.165442e-05,-1.744545e-04,-2.851583e-04,-3.880189e-04,-4.814220e-04,-5.749845e-04,4.303396e-03,3.955824e-03,3.614395e-03,3.285231e-03,2.974543e-03,2.686456e-03,2.423922e-03,2.186506e-03,1.972371e-03,1.778016e-03,1.599802e-03,1.433844e-03,1.276167e-03,1.123970e-03,9.748883e-04,8.267904e-04,6.786747e-04,5.305426e-04,-4.385953e-04,-4.070014e-04,-3.754072e-04,-3.433322e-04,-3.091212e-04,-2.725721e-04,-2.348760e-04,-1.978731e-04,-1.632670e-04,-1.320103e-04,-1.047429e-04,-8.152537e-05,-6.262040e-05,-4.771064e-05,-3.561926e-05,-2.524160e-05,-1.580505e-05,-6.332510e-06,-2.091698e-03,-2.033300e-03,-1.974873e-03,-1.916550e-03,-1.859189e-03,-1.803220e-03,-1.749376e-03,-1.697539e-03,-1.647584e-03,-1.598975e-03,-1.551960e-03,-1.506617e-03,-1.462636e-03,-1.419519e-03,-1.376983e-03,-1.334955e-03,-1.293197e-03,-1.251418e-03,1.666300e-04,1.505764e-04,1.345250e-04,1.183770e-04,1.017574e-04,8.482584e-05,6.832966e-05,5.317057e-05,4.023646e-05,2.997649e-05,2.246852e-05,1.733775e-05,1.398021e-05,1.204853e-05,1.137781e-05,1.155202e-05,1.198176e-05,1.238259e-05
-2.789569e-04,9.822378e-06,-2.605889e-06,1.565411e-04,1.133434e-04,6.940436e-05,3.350451e-05,-2.668232e-06,-1.770607e-05,3.490838e-06,2.793921e-05,3.671708e-05,3.482137e-05,2.036401e-05,-1.335983e-05,-7.515137e-05,-1.601290e-04,-2.507914e-04,-3.343460e-04,-4.096980e-04,-4.851675e-04,3.955824e-03,3.675022e-03,3.392577e-03,3.116702e-03,2.853039e-03,2.606058e-03,2.378987e-03,2.172001e-03,1.983951e-03,1.812083e-03,1.653522e-03,1.505152e-03,1.363688e-03,1.226785e-03,1.092472e-03,9.589869e-04,8.254919e-04,6.919814e-04,-3.999359e-04,-3.707080e-04,-3.414799e-04,-3.118143e-04,-2.802236e-04,-2.465308e-04,-2.118101e-04,-1.777390e-04,-1.458680e-04,-1.170165e-04,-9.171318e-05,-6.998551e-05,-5.203360e-05,-3.756305e-05,-2.553985e-05,-1.500670e-05,-5.295958e-06,4.445291e-06,-2.111343e-03,-2.050266e-03,-1.989160e-03,-1.928147e-03,-1.868046e-03,-1.809260e-03,-1.752504e-03,-1.697667e-03,-1.644638e-03,-1.592894e-03,-1.542699e-03,-1.494154e-03,-1.446967e-03,-1.400642e-03,-1.354900e-03,-1.309678e-03,-1.264737e-03,-1.219773e-03,1.621615e-04,1.464911e-04,1.308230e-04,1.150615e-04,9.885592e-05,8.237090e-05,6.633621e-05,5.163302e-05,3.913106e-05,2.926111e-05,2.208731e-05,1.723710e-05,1.410820e-05,1.235972e-05,1.184645e-05,1.216671e-05,1.273331e-05,1.327164e-05
-2.784948e-04,9.596570e-06,-1.751662e-06,1.347355e-04,9.581636e-05,5.624730e-05,2.383320e-05,-8.757784e-06,-2.254488e-05,-4.379849e-06,1.539699e-05,1.971231e-05,1.449401e-05,-3.359013e-07,-2.900837e-05,-7.864891e-05,-1.458043e-04,-2.164256e-04,-2.806746e-04,-3.379757e-04,-3.953525e-04,3.614395e-03,3.392577e-03,3.171203e-03,2.948058e-03,2.731568e-03,2.525653e-03,2.334056e-03,2.157495e-03,1.995531e-03,1.846149e-03,1.707241e-03,1.576459e-03,1.451207e-03,1.329598e-03,1.210054e-03,1.091181e-03,9.723062e-04,8.534170e-04,-3.612750e-04,-3.344133e-04,-3.075517e-04,-2.802957e-04,-2.513254e-04,-2.204894e-04,-1.887442e-04,-1.576051e-04,-1.284694e-04,-1.020233e-04,-7.868434e-05,-5.844668e-05,-4.144803e-05,-2.741688e-05,-1.546204e-05,-4.773593e-06,5.211154e-06,1.522093e-05,-2.130988e-03,-2.067231e-03,-2.003447e-03,-1.939743e-03,-1.876901e-03,-1.815299e-03,-1.755630e-03,-1.697793e-03,-1.641691e-03,-1.586812e-03,-1.533437e-03,-1.481691e-03,-1.431297e-03,-1.381765e-03,-1.332815e-03,-1.284400e-03,-1.236275e-03,-1.188127e-03,1.576943e-04,1.424071e-04,1.271223e-04,1.117473e-04,9.595575e-05,7.991723e-05,6.434402e-05,5.009670e-05,3.802687e-05,2.854692e-05,2.170725e-05,1.713757e-05,1.423726e-05,1.267194e-05,1.231611e-05,1.278237e-05,1.348580e-05,1.416157e-05
-2.780335e-04,9.370136e-06,-8.975683e-07,1.129235e-04,7.828705e-05,4.309215e-05,1.416758e-05,-1.483977e-05,-2.737661e-05,-1.224528e-05,2.858112e-06,2.709258e-06,-5.832772e-06,-2.103579e-05,-4.465689e-05,-8.214589e-05,-1.314781e-04,-1.820569e-04,-2.269986e-04,-2.662472e-04,-3.055297e-04,3.285231e-03,3.116702e-03,2.948058e-03,2.779880e-03,2.609966e-03,2.445280e-03,2.289115e-03,2.142992e-03,2.007112e-03,1.880219e-03,1.760964e-03,1.647772e-03,1.538733e-03,1.432419e-03,1.327644e-03,1.223384e-03,1.119131e-03,1.014865e-03,-3.226319e-04,-2.981343e-04,-2.736368e-04,-2.487883e-04,-2.224362e-04,-1.944548e-04,-1.656832e-04,-1.374743e-04,-1.110721e-04,-8.702976e-05,-6.565363e-05,-4.690448e-05,-3.085766e-05,-1.726451e-05,-5.376664e-06,5.468459e-06,1.572858e-05,2.600824e-05,-2.150637e-03,-2.084201e-03,-2.017738e-03,-1.951345e-03,-1.885761e-03,-1.821343e-03,-1.758761e-03,-1.697925e-03,-1.638748e-03,-1.580734e-03,-1.524180e-03,-1.469231e-03,-1.415631e-03,-1.362890e-03,-1.310734e-03,-1.259125e-03,-1.207817e-03,-1.156484e-03,1.532227e-04,1.383186e-04,1.234172e-04,1.084287e-04,9.305122e-05,7.745923e-05,6.234754e-05,4.855617e-05,3.691857e-05,2.782873e-05,2.132332e-05,1.703432e-05,1.436277e-05,1.298078e-05,1.278254e-05,1.339497e-05,1.423540e-05,1.504880e-05
-2.775697e-04,9.145953e-06,-4.241587e-08,9.103059e-05,6.068392e-05,2.987026e-05,4.442322e-06,-2.097105e-05,-3.224419e-05,-2.013334e-05,-9.693817e-06,-1.430126e-05,-2.616430e-05,-4.173987e-05,-6.031072e-05,-8.565072e-05,-1.171631e-04,-1.477032e-04,-1.733411e-04,-1.945405e-04,-2.157319e-04,2.974543e-03,2.853039e-03,2.731568e-03,2.609966e-03,2.488866e-03,2.364798e-03,2.244219e-03,2.128485e-03,2.018693e-03,1.914279e-03,1.814674e-03,1.719064e-03,1.626234e-03,1.535209e-03,1.445199e-03,1.355548e-03,1.265911e-03,1.176262e-03,-2.840059e-04,-2.618715e-04,-2.397375e-04,-2.172957e-04,-1.935613e-04,-1.684338e-04,-1.426353e-04,-1.173560e-04,-9.368709e-05,-7.204831e-05,-5.263497e-05,-3.537452e-05,-2.027983e-05,-7.125089e-06,4.695278e-06,1.569653e-05,2.623146e-05,3.678045e-05,-2.170270e-03,-2.101154e-03,-2.032013e-03,-1.962930e-03,-1.894605e-03,-1.827372e-03,-1.761877e-03,-1.698041e-03,-1.635791e-03,-1.574642e-03,-1.514908e-03,-1.456758e-03,-1.399952e-03,-1.344004e-03,-1.288641e-03,-1.233839e-03,-1.179348e-03,-1.124831e-03,1.487680e-04,1.342468e-04,1.197284e-04,1.051261e-04,9.016231e-05,7.501653e-05,6.036602e-05,4.703022e-05,3.582444e-05,2.712430e-05,2.095271e-05,1.694395e-05,1.450072e-05,1.330162e-05,1.326056e-05,1.401875e-05,1.499578e-05,1.594639e-05
-2.770760e-04,8.944844e-06,7.774202e-07,6.971669e-05,4.369686e-05,1.730124e-05,-4.593207e-06,-2.643476e-05,-3.652950e-05,-2.756362e-05,-2.189639e-05,-3.103521e-05,-4.626089e-05,-6.221663e-05,-7.571463e-05,-8.885474e-05,-1.024746e-04,-1.128910e-04,-1.191387e-04,-1.222058e-04,-1.252230e-04,2.686456e-03,2.606058e-03,2.525653e-03,2.445280e-03,2.364798e-03,2.283781e-03,2.198361e-03,2.113342e-03,2.029750e-03,1.947972e-03,1.868148e-03,1.790254e-03,1.713758e-03,1.638145e-03,1.563021e-03,1.488098e-03,1.413198e-03,1.338286e-03,-2.461035e-04,-2.262919e-04,-2.064806e-04,-1.864053e-04,-1.652464e-04,-1.429299e-04,-1.200611e-04,-9.766729e-05,-7.668631e-05,-5.740478e-05,-3.990730e-05,-2.408780e-05,-9.896538e-06,2.869547e-06,1.467310e-05,2.588175e-05,3.674311e-05,4.761304e-05,-2.189590e-03,-2.117812e-03,-2.046010e-03,-1.974254e-03,-1.903206e-03,-1.833173e-03,-1.764781e-03,-1.697960e-03,-1.632650e-03,-1.568380e-03,-1.505480e-03,-1.444141e-03,-1.384142e-03,-1.325000e-03,-1.266445e-03,-1.208462e-03,-1.150802e-03,-1.093114e-03,1.445160e-04,1.303725e-04,1.162319e-04,1.020108e-04,8.745558e-05,7.275062e-05,5.855567e-05,4.566943e-05,3.488898e-05,2.657172e-05,2.072700e-05,1.699125e-05,1.476869e-05,1.374435e-05,1.385178e-05,1.474666e-05,1.585105e-05,1.692966e-05
-2.765378e-04,8.759026e-06,1.541372e-06,4.962545e-05,2.789970e-05,5.886626e-06,-1.248607e-05,-3.085021e-05,-3.992671e-05,-3.432597e-05,-3.361842e-05,-4.739978e-05,-6.603382e-05,-8.234018e-05,-9.067235e-05,-9.146328e-05,-8.700061e-05,-7.708247e-05,-6.373122e-05,-4.846835e-05,-3.311367e-05,2.423922e-03,2.378987e-03,2.334056e-03,2.289115e-03,2.244219e-03,2.198361e-03,2.150823e-03,2.096365e-03,2.039557e-03,1.980772e-03,1.921126e-03,1.861310e-03,1.801507e-03,1.741655e-03,1.681760e-03,1.621907e-03,1.562086e-03,1.502254e-03,-2.099876e-04,-1.924114e-04,-1.748356e-04,-1.570387e-04,-1.383591e-04,-1.187471e-04,-9.869228e-05,-7.905957e-05,-6.063420e-05,-4.357128e-05,-2.784662e-05,-1.332093e-05,1.180521e-07,1.265023e-05,2.459477e-05,3.617054e-05,4.751916e-05,5.887083e-05,-2.208378e-03,-2.133972e-03,-2.059543e-03,-1.985148e-03,-1.911411e-03,-1.838613e-03,-1.767356e-03,-1.697578e-03,-1.629235e-03,-1.561867e-03,-1.495822e-03,-1.431316e-03,-1.368146e-03,-1.305830e-03,-1.244103e-03,-1.182961e-03,-1.122151e-03,-1.061313e-03,1.404520e-04,1.266821e-04,1.129153e-04,9.907133e-05,8.491975e-05,7.064943e-05,5.690256e-05,4.445719e-05,3.409225e-05,2.614730e-05,2.061856e-05,1.714448e-05,1.513051e-05,1.426796e-05,1.451001e-05,1.552705e-05,1.674399e-05,1.793581e-05
-2.759225e-04,8.584821e-06,2.294280e-06,3.092749e-05,1.317108e-05,-4.789437e-06,-1.991699e-05,-3.513135e-05,-4.350899e-05,-4.152397e-05,-4.585279e-05,-6.417380e-05,-8.602928e-05,-1.024255e-04,-1.052822e-04,-9.336629e-05,-7.043309e-05,-3.978835e-05,-6.475584e-06,2.744558e-05,6.150188e-05,2.186506e-03,2.172001e-03,2.157495e-03,2.142992e-03,2.128485e-03,2.113342e-03,2.096365e-03,2.075740e-03,2.046096e-03,2.011408e-03,1.972802e-03,1.931955e-03,1.889695e-03,1.846445e-03,1.802610e-03,1.758656e-03,1.714742e-03,1.670817e-03,-1.765563e-04,-1.611309e-04,-1.457056e-04,-1.301000e-04,-1.137980e-04,-9.676921e-05,-7.938736e-05,-6.235459e-05,-4.630332e-05,-3.125780e-05,-1.708791e-05,-3.622615e-06,9.311410e-06,2.186893e-05,3.422324e-05,4.644111e-05,5.855511e-05,7.066648e-05,-2.226360e-03,-2.149375e-03,-2.072368e-03,-1.995383e-03,-1.919006e-03,-1.843490e-03,-1.769412e-03,-1.696716e-03,-1.625371e-03,-1.554932e-03,-1.485765e-03,-1.418110e-03,-1.351783e-03,-1.286307e-03,-1.221418e-03,-1.157126e-03,-1.093178e-03,-1.029201e-03,1.365123e-04,1.231222e-04,1.097353e-04,9.627449e-05,8.253060e-05,6.869653e-05,5.539696e-05,4.338914e-05,3.343380e-05,2.585289e-05,2.063001e-05,1.740584e-05,1.558730e-05,1.487211e-05,1.523328e-05,1.635624e-05,1.766914e-05,1.895761e-05
-2.752520e-04,8.401587e-06,3.057739e-06,1.363945e-05,-6.134567e-07,-1.499419e-05,-2.727609e-05,-3.975679e-05,-4.780153e-05,-4.964833e-05,-5.899700e-05,-8.158265e-05,-1.062731e-04,-1.223030e-04,-1.192083e-04,-9.409057e-05,-5.218907e-05,-3.436440e-07,5.334308e-05,1.062742e-04,1.593865e-04,1.972371e-03,1.983951e-03,1.995531e-03,2.007112e-03,2.018693e-03,2.029750e-03,2.039557e-03,2.046096e-03,2.047526e-03,2.037943e-03,2.022101e-03,2.001699e-03,1.978483e-03,1.953297e-03,1.926975e-03,1.900365e-03,1.873804e-03,1.847234e-03,-1.461060e-04,-1.328082e-04,-1.195103e-04,-1.060688e-04,-9.209887e-05,-7.758123e-05,-6.277013e-05,-4.820105e-05,-3.434968e-05,-2.111002e-05,-8.251361e-06,4.425937e-06,1.715281e-05,3.005490e-05,4.315510e-05,5.636224e-05,6.959425e-05,8.281769e-05,-2.243717e-03,-2.164200e-03,-2.084662e-03,-2.005133e-03,-1.926163e-03,-1.847973e-03,-1.771114e-03,-1.695535e-03,-1.621214e-03,-1.547724e-03,-1.475446e-03,-1.404647e-03,-1.335163e-03,-1.266522e-03,-1.198465e-03,-1.131017e-03,-1.063923e-03,-9.967972e-04,1.324924e-04,1.195003e-04,1.065115e-04,9.345158e-05,8.013076e-05,6.674536e-05,5.390240e-05,4.233790e-05,3.279397e-05,2.557518e-05,2.065325e-05,1.767153e-05,1.603884e-05,1.545972e-05,1.592732e-05,1.714261e-05,1.853741e-05,1.990848e-05
-2.745221e-04,8.176806e-06,3.805460e-06,-2.380149e-06,-1.349880e-05,-2.467632e-05,-3.441327e-05,-4.444379e-05,-5.235381e-05,-5.804576e-05,-7.220412e-05,-9.862159e-05,-1.256563e-04,-1.408205e-04,-1.313215e-04,-9.258113e-05,-3.131485e-05,4.208898e-05,1.164305e-04,1.885713e-04,2.609429e-04,1.778016e-03,1.812083e-03,1.846149e-03,1.880219e-03,1.914279e-03,1.947972e-03,1.980772e-03,2.011408e-03,2.037943e-03,2.058073e-03,2.066698e-03,2.069156e-03,2.067155e-03,2.062229e-03,2.055585e-03,2.048482e-03,2.041436e-03,2.034383e-03,-1.180887e-04,-1.069786e-04,-9.586829e-05,-8.464723e-05,-7.304736e-05,-6.105181e-05,-4.879051e-05,-3.662746e-05,-2.487675e-05,-1.330097e-05,-1.575101e-06,1.052632e-05,2.328897e-05,3.680573e-05,5.094398e-05,6.544724e-05,8.011138e-05,9.476070e-05,-2.260414e-03,-2.178414e-03,-2.096394e-03,-2.014373e-03,-1.932859e-03,-1.852045e-03,-1.772451e-03,-1.694027e-03,-1.616763e-03,-1.540243e-03,-1.464869e-03,-1.390932e-03,-1.318291e-03,-1.246481e-03,-1.175250e-03,-1.104637e-03,-1.034387e-03,-9.641056e-04,1.281094e-04,1.155419e-04,1.029778e-04,9.034501e-05,7.747162e-05,6.455669e-05,5.218932e-05,4.108394e-05,3.196345e-05,2.511510e-05,2.049964e-05,1.776326e-05,1.631676e-05,1.587161e-05,1.644142e-05,1.774343e-05,1.921379e-05,2.066121e-05
