3.117043e-05,-6.343307e-07,-1.944138e-07,1.309799e-06,1.635535e-06,1.960484e-06,2.222518e-06,2.449427e-06,2.647470e-06,2.860036e-06,2.893314e-06,2.750106e-06,2.666946e-06,2.726656e-06,2.846971e-06,3.182712e-06,3.821858e-06,4.490064e-06,5.188915e-06,5.925371e-06,6.636449e-06,-1.980377e-04,-1.977105e-04,-1.973833e-04,-1.970565e-04,-1.967281e-04,-1.963784e-04,-1.959971e-04,-1.955612e-04,-1.950862e-04,-1.945690e-04,-1.940293e-04,-1.934877e-04,-1.929384e-04,-1.923735e-04,-1.917955e-04,-1.912171e-04,-1.906458e-04,-1.900729e-04,5.265756e-06,5.320102e-06,5.374420e-06,5.422485e-06,5.452377e-06,5.464813e-06,5.447395e-06,5.401386e-06,5.322455e-06,5.203340e-06,5.057088e-06,4.892503e-06,4.729998e-06,4.575935e-06,4.418092e-06,4.254625e-06,4.095219e-06,3.936627e-06,2.591010e-04,2.503864e-04,2.416697e-04,2.329510e-04,2.242810e-04,2.156741e-04,2.071791e-04,1.987827e-04,1.904816e-04,1.822365e-04,1.740957e-04,1.660916e-04,1.582115e-04,1.504107e-04,1.426659e-04,1.349819e-04,1.273343e-04,1.196836e-04,-1.236762e-05,-1.097453e-05,-9.581727e-06,-8.183296e-06,-6.763342e-06,-5.344249e-06,-3.988250e-06,-2.771132e-06,-1.769299e-06,-1.018787e-06,-5.212095e-07,-2.389795e-07,-1.087684e-07,-9.858123e-08,-2.056322e-07,-3.954147e-07,-6.058220e-07,-8.135643e-07
-6.343307e-07,2.917161e-05,8.886221e-08,3.304383e-07,1.189877e-07,-4.069523e-08,-2.311495e-07,-4.285986e-07,-5.044013e-07,-4.843929e-07,-5.304222e-07,-6.203646e-07,-8.396269e-07,-9.760367e-07,-1.029941e-06,-8.058039e-07,-3.568702e-07,3.830116e-07,1.421053e-06,2.482049e-06,3.524231e-06,7.125849e-06,6.965459e-06,6.805205e-06,6.644507e-06,6.485404e-06,6.342653e-06,6.210741e-06,6.087057e-06,5.956955e-06,5.797381e-06,5.608544e-06,5.392311e-06,5.160372e-06,4.913302e-06,4.641277e-06,4.347703e-06,4.049049e-06,3.751351e-06,-1.843703e-04,-1.839173e-04,-1.834624e-04,-1.829924e-04,-1.825261e-04,-1.820569e-04,-1.816008e-04,-1.811648e-04,-1.807553e-04,-1.803742e-04,-1.800441e-04,-1.797511e-04,-1.794895e-04,-1.792626e-04,-1.790567e-04,-1.788554e-04,-1.786521e-04,-1.784477e-04,-1.214386e-05,-1.077295e-05,-9.402204e-06,-8.027770e-06,-6.637994e-06,-5.252768e-06,-3.930512e-06,-2.743357e-06,-1.760850e-06,-1.015724e-06,-5.075064e-07,-1.991796e-07,-2.875730e-08,3.612004e-08,-2.467191e-09,-1.151373e-07,-2.465841e-07,-3.755725e-07,2.162640e-04,2.125220e-04,2.087798e-04,2.049845e-04,2.010740e-04,1.969342e-04,1.924999e-04,1.877185e-04,1.826331e-04,1.772876e-04,1.717986e-04,1.662038e-04,1.605472e-04,1.548821e-04,1.492216e-04,1.435446e-04,1.378471e-04,1.321500e-04
-1.944138e-07,8.886221e-08,6.217808e-06,-5.231413e-05,-5.253181e-05,-5.273094e-05,-5.274348e-05,-5.273830e-05,-5.247352e-05,-5.205546e-05,-5.118896e-05,-5.000795e-05,-4.833048e-05,-4.671259e-05,-4.526614e-05,-4.397873e-05,-4.286218e-05,-4.188522e-05,-4.103624e-05,-4.025645e-05,-3.946288e-05,-2.448008e-06,-1.842644e-06,-1.237220e-06,-6.318902e-07,-2.581079e-08,5.552376e-07,1.096677e-06,1.630286e-06,2.171370e-06,2.701299e-06,3.207294e-06,3.683893e-06,4.138843e-06,4.580962e-06,5.015129e-06,5.450473e-06,5.889412e-06,6.327699e-06,-6.402625e-07,-7.760270e-07,-9.129983e-07,-1.020568e-06,-1.080236e-06,-1.117594e-06,-1.141933e-06,-1.149572e-06,-1.139744e-06,-1.090830e-06,-9.833845e-07,-8.274749e-07,-6.329392e-07,-4.134193e-07,-1.757855e-07,7.437673e-08,3.275549e-07,5.800773e-07,-6.027908e-06,-5.552760e-06,-5.077960e-06,-4.599177e-06,-4.110919e-06,-3.579269e-06,-2.976600e-06,-2.319632e-06,-1.602639e-06,-7.784333e-07,1.859166e-07,1.302220e-06,2.560682e-06,3.928214e-06,5.355477e-06,6.804632e-06,8.255626e-06,9.705959e-06,-1.704081e-07,8.013855e-09,1.889852e-07,3.413187e-07,4.483328e-07,5.369554e-07,6.180038e-07,6.925648e-07,7.663917e-07,8.196623e-07,8.444497e-07,8.681049e-07,9.297864e-07,1.054869e-06,1.247868e-06,1.490117e-06,1.748611e-06,2.005644e-06
1.309799e-06,3.304383e-07,-5.231413e-05,1.166352e-03,9.015461e-04,6.814812e-04,5.302925e-04,4.430603e-04,4.012282e-04,3.885347e-04,3.862868e-04,3.849098e-04,3.788255e-04,3.715956e-04,3.642212e-04,3.575210e-04,3.527425e-04,3.508181e-04,3.516605e-04,3.539725e-04,3.561159e-04,1.263958e-04,1.109420e-04,9.548740e-05,8.002830e-05,6.451190e-05,4.940585e-05,3.516638e-05,2.191441e-05,9.661724e-06,-1.691954e-06,-1.226611e-05,-2.219150e-05,-3.166102e-05,-4.084849e-05,-4.989561e-05,-5.894828e-05,-6.804405e-05,-7.713327e-05,-1.684635e-04,-1.438700e-04,-1.191609e-04,-9.598470e-05,-7.532510e-05,-5.686431e-05,-4.047116e-05,-2.606398e-05,-1.356479e-05,-2.822074e-06,6.334128e-06,1.420870e-05,2.107943e-05,2.726562e-05,3.302144e-05,3.850512e-05,4.388603e-05,4.927705e-05,4.252434e-05,3.948247e-05,3.644370e-05,3.335506e-05,3.016886e-05,2.656611e-05,2.226626e-05,1.735376e-05,1.175898e-05,5.120918e-06,-2.804252e-06,-1.208766e-05,-2.262423e-05,-3.411700e-05,-4.613341e-05,-5.834258e-05,-7.056878e-05,-8.278945e-05,1.202403e-05,9.228025e-06,6.395325e-06,3.960758e-06,2.163818e-06,7.553283e-07,-3.714942e-07,-1.247303e-06,-1.933539e-06,-2.306219e-06,-2.336450e-06,-2.277765e-06,-2.479063e-06,-3.172757e-06,-4.415200e-06,-6.059454e-06,-7.834365e-06,-9.597515e-06
1.635535e-06,1.189877e-07,-5.253181e-05,9.015461e-04,7.782360e-04,6.441946e-04,5.424464e-04,4.750826e-04,4.361654e-04,4.176692e-04,4.074171e-04,3.992649e-04,3.884020e-04,3.781032e-04,3.689251e-04,3.610698e-04,3.551870e-04,3.516677e-04,3.503485e-04,3.501978e-04,3.498951e-04,9.274409e-05,8.032297e-05,6.790079e-05,5.547700e-05,4.300090e-05,3.096144e-05,1.976534e-05,9.326580e-06,-4.430633e-07,-9.575403e-06,-1.813087e-05,-2.619075e-05,-3.390673e-05,-4.141408e-05,-4.881220e-05,-5.621857e-05,-6.366397e-05,-7.110312e-05,-1.043059e-04,-8.779205e-05,-7.118655e-05,-5.581492e-05,-4.245561e-05,-3.069470e-05,-2.035747e-05,-1.138120e-05,-3.687314e-06,2.771585e-06,8.057783e-06,1.239213e-05,1.597153e-05,1.903530e-05,2.176478e-05,2.427864e-05,2.671645e-05,2.916282e-05,4.664670e-05,4.329821e-05,3.995284e-05,3.656121e-05,3.307789e-05,2.917932e-05,2.459200e-05,1.942984e-05,1.363708e-05,6.841116e-06,-1.211445e-06,-1.059963e-05,-2.122498e-05,-3.279612e-05,-4.488566e-05,-5.716590e-05,-6.946262e-05,-8.175377e-05,9.277508e-06,6.896825e-06,4.482787e-06,2.431740e-06,9.600711e-07,-1.935713e-07,-1.139857e-06,-1.905661e-06,-2.552365e-06,-2.942004e-06,-3.032658e-06,-3.068901e-06,-3.391550e-06,-4.225275e-06,-5.619219e-06,-7.421776e-06,-9.357956e-06,-1.128211e-05
1.960484e-06,-4.069523e-08,-5.273094e-05,6.814812e-04,6.441946e-04,6.106448e-04,5.540809e-04,5.074045e-04,4.709539e-04,4.466395e-04,4.283325e-04,4.134309e-04,3.978257e-04,3.844919e-04,3.735347e-04,3.645395e-04,3.575529e-04,3.524177e-04,3.488960e-04,3.462319e-04,3.434331e-04,5.850208e-05,4.917852e-05,3.985351e-05,3.052985e-05,2.115890e-05,1.225068e-05,4.160640e-06,-3.405936e-06,-1.063847e-05,-1.750059e-05,-2.399318e-05,-3.014701e-05,-3.607130e-05,-4.186185e-05,-4.757490e-05,-5.329881e-05,-5.905756e-05,-6.481035e-05,-3.878649e-05,-3.052487e-05,-2.219561e-05,-1.480188e-05,-8.913777e-06,-4.017902e-06,1.057735e-07,3.502078e-06,6.251433e-06,8.297511e-06,9.594583e-06,1.027790e-05,1.046179e-05,1.030384e-05,9.910714e-06,9.360356e-06,8.761516e-06,8.169636e-06,5.071030e-05,4.706149e-05,4.341583e-05,3.972743e-05,3.595303e-05,3.176455e-05,2.689572e-05,2.149002e-05,1.550563e-05,8.558517e-06,3.857600e-07,-9.099560e-06,-1.980565e-05,-3.144683e-05,-4.360114e-05,-5.594417e-05,-6.830315e-05,-8.065654e-05,6.810044e-06,4.853439e-06,2.866856e-06,1.207884e-06,6.908803e-08,-8.237266e-07,-1.585451e-06,-2.239369e-06,-2.846807e-06,-3.255781e-06,-3.411048e-06,-3.547812e-06,-3.998337e-06,-4.979119e-06,-6.531781e-06,-8.499970e-06,-1.060483e-05,-1.269740e-05
2.222518e-06,-2.311495e-07,-5.274348e-05,5.302925e-04,5.424464e-04,5.540809e-04,5.620183e-04,5.346573e-04,5.037330e-04,4.743608e-04,4.484519e-04,4.265855e-04,4.058768e-04,3.891910e-04,3.762435e-04,3.660304e-04,3.580639e-04,3.517210e-04,3.466542e-04,3.422517e-04,3.377244e-04,3.058500e-05,2.373226e-05,1.687771e-05,1.002719e-05,3.134412e-06,-3.269520e-06,-8.863579e-06,-1.413023e-05,-1.934598e-05,-2.440444e-05,-2.925296e-05,-3.388351e-05,-3.837554e-05,-4.279482e-05,-4.716402e-05,-5.154851e-05,-5.596541e-05,-6.037650e-05,5.687814e-06,8.000609e-06,1.035857e-05,1.204975e-05,1.267522e-05,1.281504e-05,1.271714e-05,1.240076e-05,1.193800e-05,1.116965e-05,9.950775e-06,8.351929e-06,6.426878e-06,4.273878e-06,1.947933e-06,-4.992186e-07,-2.977424e-06,-5.449667e-06,5.387907e-05,4.999367e-05,4.611144e-05,4.218956e-05,3.818684e-05,3.377173e-05,2.868366e-05,2.309227e-05,1.696792e-05,9.916274e-06,1.666714e-06,-7.873679e-06,-1.861830e-05,-3.028667e-05,-4.246221e-05,-5.482401e-05,-6.720121e-05,-7.957283e-05,4.359092e-06,2.756060e-06,1.126302e-06,-2.087635e-07,-1.076291e-06,-1.758273e-06,-2.371551e-06,-2.935221e-06,-3.509424e-06,-3.928874e-06,-4.126362e-06,-4.329547e-06,-4.863752e-06,-5.939193e-06,-7.592389e-06,-9.664320e-06,-1.187447e-05,-1.407218e-05
2.449427e-06,-4.285986e-07,-5.273830e-05,4.430603e-04,4.750826e-04,5.074045e-04,5.346573e-04,5.541045e-04,5.321018e-04,5.030271e-04,4.709127e-04,4.422277e-04,4.157498e-04,3.949590e-04,3.793686e-04,3.675223e-04,3.585150e-04,3.513400e-04,3.454575e-04,3.401942e-04,3.348059e-04,2.407144e-06,-1.907027e-06,-6.223074e-06,-1.053376e-05,-1.487937e-05,-1.875184e-05,-2.188136e-05,-2.491567e-05,-2.819401e-05,-3.151596e-05,-3.476452e-05,-3.789416e-05,-4.096170e-05,-4.401004e-05,-4.703738e-05,-5.009030e-05,-5.317578e-05,-5.625531e-05,2.175114e-05,2.117482e-05,2.062531e-05,1.963152e-05,1.793852e-05,1.613736e-05,1.447158e-05,1.292825e-05,1.155893e-05,1.009504e-05,8.297784e-06,6.205174e-06,3.846515e-06,1.295021e-06,-1.414679e-06,-4.238027e-06,-7.087482e-06,-9.931153e-06,5.673916e-05,5.262018e-05,4.850434e-05,4.435157e-05,4.012153e-05,3.548572e-05,3.019150e-05,2.443127e-05,1.818413e-05,1.104239e-05,2.726516e-06,-6.862137e-06,-1.764109e-05,-2.933403e-05,-4.152837e-05,-5.390617e-05,-6.629877e-05,-7.868584e-05,2.407953e-06,1.035682e-06,-3.606503e-07,-1.489567e-06,-2.195331e-06,-2.760253e-06,-3.299309e-06,-3.827221e-06,-4.401739e-06,-4.843524e-06,-5.074045e-06,-5.317376e-06,-5.896278e-06,-7.018721e-06,-8.719663e-06,-1.083956e-05,-1.309793e-05,-1.534384e-05
2.647470e-06,-5.044013e-07,-5.247352e-05,4.012282e-04,4.361654e-04,4.709539e-04,5.037330e-04,5.321018e-04,5.503776e-04,5.270719e-04,4.949537e-04,4.609196e-04,4.286795e-04,4.026956e-04,3.829322e-04,3.677715e-04,3.561742e-04,3.469152e-04,3.392961e-04,3.324252e-04,3.254188e-04,-9.138016e-06,-1.256606e-05,-1.599572e-05,-1.942036e-05,-2.287040e-05,-2.590776e-05,-2.831568e-05,-3.085475e-05,-3.389721e-05,-3.712374e-05,-4.033932e-05,-4.346288e-05,-4.654353e-05,-4.961913e-05,-5.268564e-05,-5.578708e-05,-5.892371e-05,-6.205405e-05,2.345584e-05,2.209154e-05,2.074202e-05,1.909557e-05,1.699343e-05,1.496977e-05,1.323540e-05,1.175161e-05,1.054879e-05,9.247743e-06,7.527355e-06,5.429475e-06,3.001625e-06,3.305233e-07,-2.538600e-06,-5.546577e-06,-8.590936e-06,-1.162879e-05,5.890834e-05,5.461490e-05,5.032453e-05,4.599933e-05,4.159886e-05,3.680597e-05,3.137708e-05,2.551918e-05,1.921620e-05,1.204521e-05,3.717332e-06,-5.870876e-06,-1.663905e-05,-2.831373e-05,-4.048517e-05,-5.283752e-05,-6.520409e-05,-7.756524e-05,1.861908e-06,5.655251e-07,-7.530622e-07,-1.823593e-06,-2.503092e-06,-3.064427e-06,-3.617497e-06,-4.174451e-06,-4.790721e-06,-5.273672e-06,-5.534795e-06,-5.797946e-06,-6.386766e-06,-7.510290e-06,-9.205048e-06,-1.131406e-05,-1.355979e-05,-1.579321e-05
2.860036e-06,-4.843929e-07,-5.205546e-05,3.885347e-04,4.176692e-04,4.466395e-04,4.743608e-04,5.030271e-04,5.270719e-04,5.432531e-04,5.175388e-04,4.844932e-04,4.478038e-04,4.161155e-04,3.902376e-04,3.691023e-04,3.519895e-04,3.378008e-04,3.258763e-04,3.150174e-04,3.040034e-04,8.034806e-06,2.457440e-06,-3.121119e-06,-8.695953e-06,-1.428682e-05,-1.955323e-05,-2.434625e-05,-2.944800e-05,-3.520631e-05,-4.115813e-05,-4.701532e-05,-5.266751e-05,-5.818345e-05,-6.362884e-05,-6.903677e-05,-7.448016e-05,-7.996354e-05,-8.544020e-05,1.792501e-05,1.720586e-05,1.649496e-05,1.556817e-05,1.431776e-05,1.317293e-05,1.227924e-05,1.155961e-05,1.100726e-05,1.012329e-05,8.511205e-06,6.255936e-06,3.472575e-06,3.043578e-07,-3.160566e-06,-6.824414e-06,-1.055199e-05,-1.427141e-05,6.083273e-05,5.642361e-05,5.201745e-05,4.757792e-05,4.306395e-05,3.817452e-05,3.267763e-05,2.678230e-05,2.046971e-05,1.329929e-05,4.971726e-06,-4.619989e-06,-1.539390e-05,-2.707583e-05,-3.925481e-05,-5.161372e-05,-6.398637e-05,-7.635376e-05,2.649112e-06,1.273521e-06,-1.231383e-07,-1.283891e-06,-2.074303e-06,-2.751665e-06,-3.417517e-06,-4.080299e-06,-4.791196e-06,-5.343763e-06,-5.640264e-06,-5.908538e-06,-6.478018e-06,-7.563125e-06,-9.205349e-06,-1.125321e-05,-1.343413e-05,-1.560305e-05
2.893314e-06,-5.304222e-07,-5.118896e-05,3.862868e-04,4.074171e-04,4.283325e-04,4.484519e-04,4.709127e-04,4.949537e-04,5.175388e-04,5.322131e-04,5.069307e-04,4.726094e-04,4.367615e-04,4.040335e-04,3.743205e-04,3.481193e-04,3.249791e-04,3.046856e-04,2.858049e-04,2.667520e-04,2.867499e-05,1.978630e-05,1.089678e-05,2.009641e-06,-6.886745e-06,-1.553552e-05,-2.384370e-05,-3.251499e-05,-4.183110e-05,-5.119178e-05,-6.021296e-05,-6.876626e-05,-7.696654e-05,-8.494217e-05,-9.280699e-05,-1.006966e-04,-1.086303e-04,-1.165571e-04,1.493505e-05,1.499537e-05,1.506128e-05,1.494152e-05,1.453321e-05,1.414443e-05,1.384349e-05,1.350766e-05,1.308526e-05,1.195979e-05,9.660841e-06,6.346427e-06,2.240921e-06,-2.423286e-06,-7.497075e-06,-1.283472e-05,-1.826766e-05,-2.369069e-05,6.052634e-05,5.616453e-05,5.180556e-05,4.741432e-05,4.294943e-05,3.812624e-05,3.272449e-05,2.694146e-05,2.075155e-05,1.370145e-05,5.483459e-06,-4.011119e-06,-1.469610e-05,-2.629450e-05,-3.839190e-05,-5.066846e-05,-6.295844e-05,-7.524333e-05,3.141625e-06,1.623639e-06,8.532776e-08,-1.224733e-06,-2.175978e-06,-3.006569e-06,-3.807686e-06,-4.582294e-06,-5.375576e-06,-5.968706e-06,-6.255352e-06,-6.469695e-06,-6.949985e-06,-7.918730e-06,-9.424187e-06,-1.132284e-05,-1.334925e-05,-1.536412e-05
2.750106e-06,-6.203646e-07,-5.000795e-05,3.849098e-04,3.992649e-04,4.134309e-04,4.265855e-04,4.422277e-04,4.609196e-04,4.844932e-04,5.069307e-04,5.242026e-04,4.993827e-04,4.661342e-04,4.276031e-04,3.878960e-04,3.493408e-04,3.130517e-04,2.798029e-04,2.481860e-04,2.163931e-04,3.806093e-05,2.600919e-05,1.395690e-05,1.905836e-06,-1.015051e-05,-2.201085e-05,-3.360937e-05,-4.549806e-05,-5.783668e-05,-6.991308e-05,-8.125685e-05,-9.172631e-05,-1.014973e-04,-1.107941e-04,-1.198577e-04,-1.289205e-04,-1.380282e-04,-1.471293e-04,2.037412e-05,2.062062e-05,2.087261e-05,2.093005e-05,2.064412e-05,2.018474e-05,1.952955e-05,1.849748e-05,1.697453e-05,1.426968e-05,9.869067e-06,4.035312e-06,-2.855737e-06,-1.045375e-05,-1.854245e-05,-2.693429e-05,-3.544411e-05,-4.394289e-05,5.802081e-05,5.387534e-05,4.973257e-05,4.555837e-05,4.131143e-05,3.672088e-05,3.157532e-05,2.605049e-05,2.010736e-05,1.328682e-05,5.276128e-06,-4.034154e-06,-1.455213e-05,-2.599547e-05,-3.794267e-05,-5.006897e-05,-6.220870e-05,-7.434346e-05,3.321353e-06,1.623852e-06,-9.348969e-08,-1.586688e-06,-2.723182e-06,-3.719129e-06,-4.653373e-06,-5.521045e-06,-6.358223e-06,-6.939640e-06,-7.154343e-06,-7.245778e-06,-7.564817e-06,-8.344827e-06,-9.641299e-06,-1.131902e-05,-1.311929e-05,-1.490846e-05
2.666946e-06,-8.396269e-07,-4.833048e-05,3.788255e-04,3.884020e-04,3.978257e-04,4.058768e-04,4.157498e-04,4.286795e-04,4.478038e-04,4.726094e-04,4.993827e-04,5.179412e-04,4.940463e-04,4.566984e-04,4.089512e-04,3.578978e-04,3.065348e-04,2.574612e-04,2.098493e-04,1.620920e-04,3.907399e-05,2.466726e-05,1.026015e-05,-4.146542e-06,-1.855660e-05,-3.280013e-05,-4.681426e-05,-6.098608e-05,-7.533388e-05,-8.907173e-05,-1.016338e-04,-1.128331e-04,-1.228897e-04,-1.321421e-04,-1.409906e-04,-1.497883e-04,-1.586235e-04,-1.674535e-04,3.017610e-05,2.940707e-05,2.864441e-05,2.766643e-05,2.627053e-05,2.451499e-05,2.231026e-05,1.943850e-05,1.573933e-05,1.051836e-05,3.240443e-06,-5.736747e-06,-1.588263e-05,-2.674255e-05,-3.806354e-05,-4.965294e-05,-6.135338e-05,-7.304374e-05,5.540615e-05,5.153371e-05,4.766382e-05,4.376347e-05,3.979263e-05,3.549364e-05,3.066339e-05,2.545407e-05,1.981176e-05,1.328167e-05,5.547926e-06,-3.503129e-06,-1.377697e-05,-2.498696e-05,-3.670480e-05,-4.860144e-05,-6.051156e-05,-7.241675e-05,2.045729e-06,2.725541e-07,-1.519948e-06,-3.092506e-06,-4.309800e-06,-5.366898e-06,-6.332073e-06,-7.194812e-06,-7.983586e-06,-8.477192e-06,-8.563312e-06,-8.491345e-06,-8.622102e-06,-9.196851e-06,-1.027465e-05,-1.172595e-05,-1.329628e-05,-1.485579e-05
2.726656e-06,-9.760367e-07,-4.671259e-05,3.715956e-04,3.781032e-04,3.844919e-04,3.891910e-04,3.949590e-04,4.026956e-04,4.161155e-04,4.367615e-04,4.661342e-04,4.940463e-04,5.137736e-04,4.857541e-04,4.392567e-04,3.802989e-04,3.164565e-04,2.524381e-04,1.890656e-04,1.256233e-04,2.909271e-05,1.442193e-05,-2.491513e-07,-1.492022e-05,-2.959425e-05,-4.410716e-05,-5.836973e-05,-7.260515e-05,-8.669331e-05,-9.981751e-05,-1.113409e-04,-1.210127e-04,-1.290507e-04,-1.359082e-04,-1.421537e-04,-1.482671e-04,-1.543976e-04,-1.605260e-04,3.933765e-05,3.608216e-05,3.283409e-05,2.935218e-05,2.539731e-05,2.097304e-05,1.597815e-05,1.021194e-05,3.518716e-06,-4.710670e-06,-1.496132e-05,-2.680877e-05,-3.961397e-05,-5.287327e-05,-6.636277e-05,-7.995620e-05,-9.359952e-05,-1.072373e-04,5.384443e-05,5.023212e-05,4.662221e-05,4.298287e-05,3.927626e-05,3.525465e-05,3.071933e-05,2.579903e-05,2.042501e-05,1.415245e-05,6.665734e-06,-2.154498e-06,-1.221627e-05,-2.322880e-05,-3.475579e-05,-4.646341e-05,-5.818504e-05,-6.990154e-05,5.211860e-07,-1.163823e-06,-2.867719e-06,-4.355607e-06,-5.490477e-06,-6.453326e-06,-7.308478e-06,-8.046418e-06,-8.694248e-06,-9.045518e-06,-8.995288e-06,-8.794851e-06,-8.808701e-06,-9.279589e-06,-1.026262e-05,-1.162578e-05,-1.311021e-05,-1.458357e-05
2.846971e-06,-1.029941e-06,-4.526614e-05,3.642212e-04,3.689251e-04,3.735347e-04,3.762435e-04,3.793686e-04,3.829322e-04,3.902376e-04,4.040335e-04,4.276031e-04,4.566984e-04,4.857541e-04,5.025110e-04,4.684412e-04,4.151012e-04,3.486460e-04,2.782612e-04,2.068423e-04,1.355104e-04,1.611477e-06,-9.479025e-06,-2.056985e-05,-3.166065e-05,-4.275522e-05,-5.367265e-05,-6.427382e-05,-7.462841e-05,-8.449838e-05,-9.308347e-05,-9.973252e-05,-1.041515e-04,-1.064947e-04,-1.073037e-04,-1.072949e-04,-1.070508e-04,-1.067898e-04,-1.065313e-04,4.568494e-05,3.966085e-05,3.364507e-05,2.738341e-05,2.061870e-05,1.335129e-05,5.516589e-06,-3.024516e-06,-1.237880e-05,-2.300456e-05,-3.525987e-05,-4.865447e-05,-6.247687e-05,-7.621392e-05,-8.972355e-05,-1.030270e-04,-1.162568e-04,-1.294898e-04,5.288682e-05,4.950688e-05,4.612922e-05,4.272317e-05,3.925354e-05,3.547876e-05,3.120060e-05,2.652572e-05,2.137264e-05,1.531152e-05,8.034199e-06,-5.804762e-07,-1.045017e-05,-2.128236e-05,-3.263394e-05,-4.416890e-05,-5.571885e-05,-6.726322e-05,-1.173962e-06,-2.628092e-06,-4.100732e-06,-5.361112e-06,-6.271573e-06,-7.005705e-06,-7.629502e-06,-8.139588e-06,-8.566864e-06,-8.727046e-06,-8.531842e-06,-8.233920e-06,-8.197547e-06,-8.662843e-06,-9.674926e-06,-1.108993e-05,-1.263514e-05,-1.416847e-05
3.182712e-06,-8.058039e-07,-4.397873e-05,3.575210e-04,3.610698e-04,3.645395e-04,3.660304e-04,3.675223e-04,3.677715e-04,3.691023e-04,3.743205e-04,3.878960e-04,4.089512e-04,4.392567e-04,4.684412e-04,4.861610e-04,4.548109e-04,4.057496e-04,3.460685e-04,2.833555e-04,2.208390e-04,-5.079479e-05,-5.327304e-05,-5.575170e-05,-5.822998e-05,-6.071380e-05,-6.298442e-05,-6.483299e-05,-6.618148e-05,-6.669453e-05,-6.562441e-05,-6.234420e-05,-5.653502e-05,-4.829558e-05,-3.822974e-05,-2.716646e-05,-1.575020e-05,-4.271261e-06,7.199476e-06,4.492792e-05,3.755265e-05,3.018614e-05,2.257144e-05,1.445164e-05,5.869838e-06,-3.159625e-06,-1.267632e-05,-2.269963e-05,-3.349085e-05,-4.522969e-05,-5.737632e-05,-6.918027e-05,-8.013735e-05,-9.020030e-05,-9.961224e-05,-1.087692e-04,-1.179412e-04,5.381455e-05,5.060955e-05,4.740672e-05,4.417658e-05,4.088733e-05,3.729979e-05,3.321247e-05,2.871000e-05,2.369955e-05,1.776871e-05,1.062099e-05,2.136808e-06,-7.608656e-06,-1.832230e-05,-2.955647e-05,-4.097705e-05,-5.241391e-05,-6.384450e-05,-1.499326e-06,-2.615888e-06,-3.750606e-06,-4.677437e-06,-5.259652e-06,-5.670523e-06,-5.983642e-06,-6.207031e-06,-6.380247e-06,-6.346560e-06,-6.040022e-06,-5.712171e-06,-5.722386e-06,-6.305082e-06,-7.493476e-06,-9.122935e-06,-1.089800e-05,-1.265982e-05
3.821858e-06,-3.568702e-07,-4.286218e-05,3.527425e-04,3.551870e-04,3.575529e-04,3.580639e-04,3.585150e-04,3.561742e-04,3.519895e-04,3.481193e-04,3.493408e-04,3.578978e-04,3.802989e-04,4.151012e-04,4.548109e-04,4.886017e-04,4.783929e-04,4.550379e-04,4.247083e-04,3.950842e-04,-1.236541e-04,-1.135006e-04,-1.033476e-04,-9.319346e-05,-8.304734e-05,-7.263649e-05,-6.166892e-05,-4.992628e-05,-3.699539e-05,-2.220033e-05,-4.954548e-06,1.509006e-05,3.789326e-05,6.279653e-05,8.887918e-05,1.154590e-04,1.421569e-04,1.688397e-04,3.370864e-05,2.758687e-05,2.147369e-05,1.512460e-05,8.309307e-06,1.162794e-06,-6.177386e-06,-1.361157e-05,-2.103061e-05,-2.846412e-05,-3.587895e-05,-4.272280e-05,-4.825852e-05,-5.202947e-05,-5.408527e-05,-5.494752e-05,-5.533269e-05,-5.574787e-05,5.752069e-05,5.437201e-05,5.122538e-05,4.805261e-05,4.482598e-05,4.130564e-05,3.728418e-05,3.282464e-05,2.782438e-05,2.188857e-05,1.473371e-05,6.242332e-06,-3.516159e-06,-1.424728e-05,-2.549982e-05,-3.694367e-05,-4.840518e-05,-5.985958e-05,-6.819536e-07,-1.374705e-06,-2.085248e-06,-2.593387e-06,-2.766021e-06,-2.783668e-06,-2.734012e-06,-2.642268e-06,-2.562320e-06,-2.369276e-06,-2.023353e-06,-1.769818e-06,-1.955690e-06,-2.804134e-06,-4.336152e-06,-6.359216e-06,-8.547964e-06,-1.072168e-05
4.490064e-06,3.830116e-07,-4.188522e-05,3.508181e-04,3.516677e-04,3.524177e-04,3.517210e-04,3.513400e-04,3.469152e-04,3.378008e-04,3.249791e-04,3.130517e-04,3.065348e-04,3.164565e-04,3.486460e-04,4.057496e-04,4.783929e-04,5.544728e-04,5.933353e-04,6.263225e-04,6.592121e-04,-2.021151e-04,-1.777570e-04,-1.533998e-04,-1.290404e-04,-1.046917e-04,-8.001802e-05,-5.463818e-05,-2.820542e-05,-2.483980e-07,2.982634e-05,6.256262e-05,9.835714e-05,1.372588e-04,1.785764e-04,2.213158e-04,2.647584e-04,3.083833e-04,3.519849e-04,8.551277e-06,6.567320e-06,4.590994e-06,2.410828e-06,-1.374898e-07,-2.769199e-06,-5.171182e-06,-7.055576e-06,-8.134316e-06,-8.167106e-06,-6.875737e-06,-3.729784e-06,1.948174e-06,1.051763e-05,2.175127e-05,3.479117e-05,4.855653e-05,6.227467e-05,6.167314e-05,5.855822e-05,5.544526e-05,5.230757e-05,4.912190e-05,4.564587e-05,4.166429e-05,3.721970e-05,3.220114e-05,2.623083e-05,1.903706e-05,1.050205e-05,6.862370e-07,-1.011625e-05,-2.145138e-05,-3.299155e-05,-4.455172e-05,-5.610374e-05,1.864264e-06,1.674452e-06,1.467265e-06,1.454997e-06,1.762356e-06,2.193090e-06,2.638401e-06,3.049367e-06,3.351559e-06,3.633468e-06,3.905059e-06,3.931350e-06,3.383204e-06,2.055077e-06,-5.116941e-08,-2.707313e-06,-5.552372e-06,-8.380303e-06
5.188915e-06,1.421053e-06,-4.103624e-05,3.516605e-04,3.503485e-04,3.488960e-04,3.466542e-04,3.454575e-04,3.392961e-04,3.258763e-04,3.046856e-04,2.798029e-04,2.574612e-04,2.524381e-04,2.782612e-04,3.460685e-04,4.550379e-04,5.933353e-04,7.443674e-04,8.702353e-04,1.000256e-03,-2.750168e-04,-2.369755e-04,-1.989353e-04,-1.608918e-04,-1.228614e-04,-8.444475e-05,-4.517404e-05,-4.593433e-06,3.780374e-05,8.251769e-05,1.300450e-04,1.808422e-04,2.350739e-04,2.920502e-04,3.507371e-04,4.103968e-04,4.703111e-04,5.301927e-04,-2.859334e-05,-2.435145e-05,-2.010350e-05,-1.601052e-05,-1.213540e-05,-7.998317e-06,-3.071609e-06,3.157180e-06,1.119273e-05,2.157064e-05,3.483419e-05,5.147209e-05,7.207256e-05,9.686900e-05,1.253981e-04,1.564092e-04,1.884169e-04,2.203579e-04,6.639263e-05,6.326165e-05,6.013256e-05,5.698031e-05,5.378620e-05,5.030451e-05,4.631146e-05,4.183094e-05,3.674560e-05,3.069426e-05,2.341641e-05,1.479251e-05,4.871170e-06,-6.056924e-06,-1.753744e-05,-2.924570e-05,-4.097724e-05,-5.269939e-05,6.417434e-06,6.759535e-06,7.084718e-06,7.595505e-06,8.403591e-06,9.289991e-06,1.011930e-05,1.081378e-05,1.127382e-05,1.154874e-05,1.161690e-05,1.125583e-05,1.015762e-05,8.138354e-06,5.230823e-06,1.706643e-06,-2.032446e-06,-5.752014e-06
5.925371e-06,2.482049e-06,-4.025645e-05,3.539725e-04,3.501978e-04,3.462319e-04,3.422517e-04,3.401942e-04,3.324252e-04,3.150174e-04,2.858049e-04,2.481860e-04,2.098493e-04,1.890656e-04,2.068423e-04,2.833555e-04,4.247083e-04,6.263225e-04,8.702353e-04,1.144407e-03,1.408251e-03,-3.412157e-04,-2.903806e-04,-2.395467e-04,-1.887083e-04,-1.378854e-04,-8.661742e-05,-3.435524e-05,1.944955e-05,7.532015e-05,1.336491e-04,1.948735e-04,2.595033e-04,3.278235e-04,3.991621e-04,4.724634e-04,5.469907e-04,6.218472e-04,6.966616e-04,-7.050596e-05,-5.923768e-05,-4.796516e-05,-3.679119e-05,-2.565977e-05,-1.387660e-05,-6.844651e-07,1.466719e-05,3.291376e-05,5.489563e-05,8.142886e-05,1.129552e-04,1.499635e-04,1.925541e-04,2.400147e-04,2.906802e-04,3.426365e-04,3.945056e-04,7.153701e-05,6.836642e-05,6.519766e-05,6.200739e-05,5.878159e-05,5.527142e-05,5.124521e-05,4.671053e-05,4.154606e-05,3.540855e-05,2.804992e-05,1.934953e-05,9.343583e-06,-1.682483e-06,-1.327566e-05,-2.511644e-05,-3.698359e-05,-4.884006e-05,1.084079e-05,1.178182e-05,1.270638e-05,1.380676e-05,1.517991e-05,1.658193e-05,1.784941e-05,1.887451e-05,1.953098e-05,1.982819e-05,1.971209e-05,1.897308e-05,1.732514e-05,1.460645e-05,1.088199e-05,6.469134e-06,1.812962e-06,-2.821126e-06
6.636449e-06,3.524231e-06,-3.946288e-05,3.561159e-04,3.498951e-04,3.434331e-04,3.377244e-04,3.348059e-04,3.254188e-04,3.040034e-04,2.667520e-04,2.163931e-04,1.620920e-04,1.256233e-04,1.355104e-04,2.208390e-04,3.950842e-04,6.592121e-04,1.000256e-03,1.408251e-03,1.861381e-03,-4.075277e-04,-3.438690e-04,-2.802117e-04,-2.165489e-04,-1.529038e-04,-8.875478e-05,-2.347137e-05,4.358831e-05,1.129650e-04,1.849441e-04,2.599036e-04,3.384069e-04,4.208585e-04,5.066034e-04,5.945631e-04,6.840005e-04,7.738407e-04,8.636296e-04,-1.119967e-04,-9.376310e-05,-7.552705e-05,-5.733356e-05,-3.900883e-05,-1.964547e-05,1.742205e-06,2.614185e-05,5.451854e-05,8.801677e-05,1.277249e-04,1.740384e-04,2.273474e-04,2.876203e-04,3.538971e-04,4.240997e-04,4.958874e-04,5.675676e-04,7.643160e-05,7.323435e-05,7.003888e-05,6.682356e-05,6.357905e-05,6.005350e-05,5.600746e-05,5.143214e-05,4.620227e-05,3.999267e-05,3.256771e-05,2.380567e-05,1.373039e-05,2.622117e-06,-9.067449e-06,-2.102404e-05,-3.300982e-05,-4.498365e-05,1.511594e-05,1.665874e-05,1.818554e-05,1.987840e-05,2.181971e-05,2.374096e-05,2.545103e-05,2.681228e-05,2.767202e-05,2.799980e-05,2.770914e-05,2.660329e-05,2.441804e-05,2.101352e-05,1.648670e-05,1.120037e-05,5.642566e-06,1.093705e-07
-1.980377e-04,7.125849e-06,-2.448008e-06,1.263958e-04,9.274409e-05,5.850208e-05,3.058500e-05,2.407144e-06,-9.138016e-06,8.034806e-06,2.867499e-05,3.806093e-05,3.907399e-05,2.909271e-05,1.611477e-06,-5.079479e-05,-1.236541e-04,-2.021151e-04,-2.750168e-04,-3.412157e-04,-4.075277e-04,3.050080e-03,2.803734e-03,2.561742e-03,2.328444e-03,2.108240e-03,1.904055e-03,1.717980e-03,1.549709e-03,1.397937e-03,1.260185e-03,1.133872e-03,1.016246e-03,9.044891e-04,7.966167e-04,6.909512e-04,5.859835e-04,4.810030e-04,3.760109e-04,-3.108948e-04,-2.885024e-04,-2.661097e-04,-2.433763e-04,-2.191289e-04,-1.932242e-04,-1.665065e-04,-1.402801e-04,-1.157522e-04,-9.359819e-05,-7.427149e-05,-5.781512e-05,-4.441522e-05,-3.384693e-05,-2.527615e-05,-1.791994e-05,-1.123073e-05,-4.516005e-06,-1.482446e-03,-1.441061e-03,-1.399656e-03,-1.358324e-03,-1.317675e-03,-1.278011e-03,-1.239854e-03,-1.203119e-03,-1.167718e-03,-1.133270e-03,-1.099952e-03,-1.067819e-03,-1.036651e-03,-1.006095e-03,-9.759505e-04,-9.461662e-04,-9.165731e-04,-8.869649e-04,1.181184e-04,1.067397e-04,9.536253e-05,8.391682e-05,7.213692e-05,6.013592e-05,4.844351e-05,3.769875e-05,2.853098e-05,2.125856e-05,1.593674e-05,1.229987e-05,9.919870e-06,8.550519e-06,8.074914e-06,8.198173e-06,8.502529e-06,8.786400e-06
-1.977105e-04,6.965459e-06,-1.842644e-06,1.109420e-04,8.032297e-05,4.917852e-05,2.373226e-05,-1.907027e-06,-1.256606e-05,2.457440e-06,1.978630e-05,2.600919e-05,2.466726e-05,1.442193e-05,-9.479025e-06,-5.327304e-05,-1.135006e-04,-1.777570e-04,-2.369755e-04,-2.903806e-04,-3.438690e-04,2.803734e-03,2.604712e-03,2.404526e-03,2.208997e-03,2.022122e-03,1.847072e-03,1.686133e-03,1.539428e-03,1.406145e-03,1.284330e-03,1.171947e-03,1.066787e-03,9.665214e-04,8.694887e-04,7.742911e-04,6.796803e-04,5.850626e-04,4.904338e-04,-2.834932e-04,-2.627777e-04,-2.420622e-04,-2.210365e-04,-1.986463e-04,-1.747662e-04,-1.501574e-04,-1.260089e-04,-1.034196e-04,-8.297032e-05,-6.503577e-05,-4.963535e-05,-3.691098e-05,-2.665402e-05,-1.813159e-05,-1.066521e-05,-3.781696e-06,3.123444e-06,-1.496372e-03,-1.453089e-03,-1.409785e-03,-1.366546e-03,-1.323954e-03,-1.282294e-03,-1.242073e-03,-1.203211e-03,-1.165631e-03,-1.128962e-03,-1.093390e-03,-1.058987e-03,-1.025546e-03,-9.927166e-04,-9.602995e-04,-9.282514e-04,-8.964020e-04,-8.645367e-04,1.149502e-04,1.038430e-04,9.273753e-05,8.156575e-05,7.007929e-05,5.839475e-05,4.702941e-05,3.660777e-05,2.774628e-05,2.075029e-05,1.566531e-05,1.222729e-05,1.000934e-05,8.769830e-06,8.405830e-06,8.632597e-06,9.033961e-06,9.415279e-06
-1.973833e-04,6.805205e-06,-1.237220e-06,9.548740e-05,6.790079e-05,3.985351e-05,1.687771e-05,-6.223074e-06,-1.599572e-05,-3.121119e-06,1.089678e-05,1.395690e-05,1.026015e-05,-2.491513e-07,-2.056985e-05,-5.575170e-05,-1.033476e-04,-1.533998e-04,-1.989353e-04,-2.395467e-04,-2.802117e-04,2.561742e-03,2.404526e-03,2.247625e-03,2.089468e-03,1.936028e-03,1.790084e-03,1.654287e-03,1.529147e-03,1.414352e-03,1.308476e-03,1.210022e-03,1.117327e-03,1.028553e-03,9.423594e-04,8.576294e-04,7.733753e-04,6.891201e-04,6.048546e-04,-2.560906e-04,-2.370523e-04,-2.180140e-04,-1.986962e-04,-1.781633e-04,-1.563080e-04,-1.338082e-04,-1.117379e-04,-9.108732e-05,-7.234292e-05,-5.580064e-05,-4.145632e-05,-2.940760e-05,-1.946210e-05,-1.098817e-05,-3.411752e-06,3.665935e-06,1.076136e-05,-1.510298e-03,-1.465115e-03,-1.419913e-03,-1.374768e-03,-1.330233e-03,-1.286577e-03,-1.244291e-03,-1.203303e-03,-1.163544e-03,-1.124653e-03,-1.086827e-03,-1.050155e-03,-1.014441e-03,-9.793379e-04,-9.446480e-04,-9.103361e-04,-8.762304e-04,-8.421080e-04,1.117829e-04,1.009473e-04,9.011344e-05,7.921560e-05,6.802257e-05,5.665448e-05,4.561620e-05,3.551766e-05,2.696244e-05,2.024286e-05,1.539469e-05,1.215550e-05,1.009957e-05,8.989878e-06,8.737456e-06,9.067707e-06,9.566052e-06,1.004479e-05
-1.970565e-04,6.644507e-06,-6.318902e-07,8.002830e-05,5.547700e-05,3.052985e-05,1.002719e-05,-1.053376e-05,-1.942036e-05,-8.695953e-06,2.009641e-06,1.905836e-06,-4.146542e-06,-1.492022e-05,-3.166065e-05,-5.822998e-05,-9.319346e-05,-1.290404e-04,-1.608918e-04,-1.887083e-04,-2.165489e-04,2.328444e-03,2.208997e-03,2.089468e-03,1.970270e-03,1.849841e-03,1.733118e-03,1.622434e-03,1.518868e-03,1.422561e-03,1.332623e-03,1.248099e-03,1.167871e-03,1.090588e-03,1.015235e-03,9.409738e-04,8.670772e-04,7.931853e-04,7.192837e-04,-2.287005e-04,-2.113378e-04,-1.939753e-04,-1.763638e-04,-1.576867e-04,-1.378547e-04,-1.174625e-04,-9.746901e-05,-7.875596e-05,-6.171528e-05,-4.656419e-05,-3.327490e-05,-2.190083e-05,-1.226580e-05,-3.839374e-06,3.848050e-06,1.112087e-05,1.840755e-05,-1.524228e-03,-1.477145e-03,-1.430044e-03,-1.382992e-03,-1.336515e-03,-1.290863e-03,-1.246512e-03,-1.203398e-03,-1.161460e-03,-1.120347e-03,-1.080267e-03,-1.041325e-03,-1.003339e-03,-9.659617e-04,-9.289987e-04,-8.924230e-04,-8.560609e-04,-8.196813e-04,1.086125e-04,9.804844e-05,8.748626e-05,7.686235e-05,6.596276e-05,5.491114e-05,4.419996e-05,3.442456e-05,2.617568e-05,1.973260e-05,1.512134e-05,1.208108e-05,1.018728e-05,9.207524e-06,9.066800e-06,9.500653e-06,1.009610e-05,1.067239e-05
-1.967281e-04,6.485404e-06,-2.581079e-08,6.451190e-05,4.300090e-05,2.115890e-05,3.134412e-06,-1.487937e-05,-2.287040e-05,-1.428682e-05,-6.886745e-06,-1.015051e-05,-1.855660e-05,-2.959425e-05,-4.275522e-05,-6.071380e-05,-8.304734e-05,-1.046917e-04,-1.228614e-04,-1.378854e-04,-1.529038e-04,2.108240e-03,2.022122e-03,1.936028e-03,1.849841e-03,1.764010e-03,1.676076e-03,1.590614e-03,1.508586e-03,1.430769e-03,1.356764e-03,1.286167e-03,1.218401e-03,1.152606e-03,1.088090e-03,1.024293e-03,9.607508e-04,8.972186e-04,8.336774e-04,-2.013226e-04,-1.856349e-04,-1.699476e-04,-1.540420e-04,-1.372202e-04,-1.194110e-04,-1.011261e-04,-8.320903e-05,-6.643325e-05,-5.109618e-05,-3.733628e-05,-2.510215e-05,-1.440295e-05,-5.078673e-06,3.299891e-06,1.109794e-05,1.856550e-05,2.604303e-05,-1.538145e-03,-1.489164e-03,-1.440164e-03,-1.391206e-03,-1.342785e-03,-1.295137e-03,-1.248722e-03,-1.203482e-03,-1.159366e-03,-1.116030e-03,-1.073697e-03,-1.032486e-03,-9.922274e-04,-9.525767e-04,-9.133411e-04,-8.745019e-04,-8.358838e-04,-7.972473e-04,1.054540e-04,9.516130e-05,8.487058e-05,7.452039e-05,6.391402e-05,5.317865e-05,4.279432e-05,3.334180e-05,2.539897e-05,1.923208e-05,1.485743e-05,1.201579e-05,1.028380e-05,9.433684e-06,9.404361e-06,9.941525e-06,1.063379e-05,1.130732e-05
-1.963784e-04,6.342653e-06,5.552376e-07,4.940585e-05,3.096144e-05,1.225068e-05,-3.269520e-06,-1.875184e-05,-2.590776e-05,-1.955323e-05,-1.553552e-05,-2.201085e-05,-3.280013e-05,-4.410716e-05,-5.367265e-05,-6.298442e-05,-7.263649e-05,-8.001802e-05,-8.444475e-05,-8.661742e-05,-8.875478e-05,1.904055e-03,1.847072e-03,1.790084e-03,1.733118e-03,1.676076e-03,1.618654e-03,1.558112e-03,1.497853e-03,1.438606e-03,1.380644e-03,1.324068e-03,1.268858e-03,1.214640e-03,1.161048e-03,1.107802e-03,1.054698e-03,1.001611e-03,9.485148e-04,-1.744574e-04,-1.604161e-04,-1.463751e-04,-1.321469e-04,-1.171506e-04,-1.013338e-04,-8.512541e-05,-6.925353e-05,-5.438288e-05,-4.071658e-05,-2.831459e-05,-1.710179e-05,-7.042930e-06,2.005844e-06,1.037246e-05,1.831746e-05,2.601635e-05,3.372131e-05,-1.551841e-03,-1.500973e-03,-1.450087e-03,-1.399234e-03,-1.348883e-03,-1.299251e-03,-1.250782e-03,-1.203427e-03,-1.157142e-03,-1.111594e-03,-1.067016e-03,-1.023545e-03,-9.810235e-04,-9.391088e-04,-8.976101e-04,-8.565169e-04,-8.156523e-04,-7.747684e-04,1.024393e-04,9.241419e-05,8.239126e-05,7.231122e-05,6.199438e-05,5.157143e-05,4.150998e-05,3.237608e-05,2.473471e-05,1.883918e-05,1.469619e-05,1.204805e-05,1.047248e-05,9.746218e-06,9.822148e-06,1.045619e-05,1.123873e-05,1.200299e-05
-1.959971e-04,6.210741e-06,1.096677e-06,3.516638e-05,1.976534e-05,4.160640e-06,-8.863579e-06,-2.188136e-05,-2.831568e-05,-2.434625e-05,-2.384370e-05,-3.360937e-05,-4.681426e-05,-5.836973e-05,-6.427382e-05,-6.483299e-05,-6.166892e-05,-5.463818e-05,-4.517404e-05,-3.435524e-05,-2.347137e-05,1.717980e-03,1.686133e-03,1.654287e-03,1.622434e-03,1.590614e-03,1.558112e-03,1.524419e-03,1.485821e-03,1.445557e-03,1.403892e-03,1.361617e-03,1.319221e-03,1.276834e-03,1.234412e-03,1.191960e-03,1.149538e-03,1.107138e-03,1.064731e-03,-1.488585e-04,-1.364017e-04,-1.239451e-04,-1.113318e-04,-9.809282e-05,-8.419289e-05,-6.997900e-05,-5.606416e-05,-4.300488e-05,-3.091108e-05,-1.976564e-05,-9.469868e-06,5.576398e-08,8.938716e-06,1.740521e-05,2.561038e-05,3.365458e-05,4.170093e-05,-1.565160e-03,-1.512429e-03,-1.459681e-03,-1.406957e-03,-1.354700e-03,-1.303109e-03,-1.252609e-03,-1.203158e-03,-1.154723e-03,-1.106979e-03,-1.060172e-03,-1.014456e-03,-9.696870e-04,-9.255231e-04,-8.817759e-04,-8.384433e-04,-7.953467e-04,-7.522300e-04,9.955766e-05,8.979740e-05,8.003934e-05,7.022664e-05,6.019587e-05,5.008096e-05,4.033709e-05,3.151566e-05,2.416877e-05,1.853713e-05,1.461809e-05,1.215541e-05,1.072768e-05,1.011609e-05,1.028744e-05,1.100807e-05,1.187038e-05,1.271488e-05
-1.955612e-04,6.087057e-06,1.630286e-06,2.191441e-05,9.326580e-06,-3.405936e-06,-1.413023e-05,-2.491567e-05,-3.085475e-05,-2.944800e-05,-3.251499e-05,-4.549806e-05,-6.098608e-05,-7.260515e-05,-7.462841e-05,-6.618148e-05,-4.992628e-05,-2.820542e-05,-4.593433e-06,1.944955e-05,4.358831e-05,1.549709e-03,1.539428e-03,1.529147e-03,1.518868e-03,1.508586e-03,1.497853e-03,1.485821e-03,1.471203e-03,1.450192e-03,1.425606e-03,1.398243e-03,1.369292e-03,1.339339e-03,1.308684e-03,1.277615e-03,1.246461e-03,1.215335e-03,1.184203e-03,-1.251622e-04,-1.142298e-04,-1.032976e-04,-9.223743e-05,-8.068367e-05,-6.861469e-05,-5.629536e-05,-4.422332e-05,-3.284676e-05,-2.218286e-05,-1.213943e-05,-2.595262e-06,6.572434e-06,1.547331e-05,2.423019e-05,3.289041e-05,4.147702e-05,5.006178e-05,-1.577907e-03,-1.523348e-03,-1.468773e-03,-1.414214e-03,-1.360086e-03,-1.306567e-03,-1.254068e-03,-1.202548e-03,-1.151985e-03,-1.102065e-03,-1.053045e-03,-1.005098e-03,-9.580906e-04,-9.116863e-04,-8.656985e-04,-8.201338e-04,-7.748124e-04,-7.294702e-04,9.676414e-05,8.727308e-05,7.778429e-05,6.824311e-05,5.850129e-05,4.869557e-05,3.926871e-05,3.075740e-05,2.370081e-05,1.832719e-05,1.462494e-05,1.233939e-05,1.105017e-05,1.054303e-05,1.079881e-05,1.159451e-05,1.252484e-05,1.343785e-05
-1.950862e-04,5.956955e-06,2.171370e-06,9.661724e-06,-4.430633e-07,-1.063847e-05,-1.934598e-05,-2.819401e-05,-3.389721e-05,-3.520631e-05,-4.183110e-05,-5.783668e-05,-7.533388e-05,-8.669331e-05,-8.449838e-05,-6.669453e-05,-3.699539e-05,-2.483980e-07,3.780374e-05,7.532015e-05,1.129650e-04,1.397937e-03,1.406145e-03,1.414352e-03,1.422561e-03,1.430769e-03,1.438606e-03,1.445557e-03,1.450192e-03,1.451205e-03,1.444413e-03,1.433184e-03,1.418724e-03,1.402269e-03,1.384417e-03,1.365760e-03,1.346900e-03,1.328074e-03,1.309241e-03,-1.035786e-04,-9.415428e-05,-8.472986e-05,-7.520368e-05,-6.530285e-05,-5.501374e-05,-4.451653e-05,-3.419071e-05,-2.437341e-05,-1.498949e-05,-5.875450e-06,3.110171e-06,1.213100e-05,2.127604e-05,3.056153e-05,3.992286e-05,4.930182e-05,5.867472e-05,-1.590211e-03,-1.533857e-03,-1.477488e-03,-1.421126e-03,-1.365160e-03,-1.309747e-03,-1.255276e-03,-1.201713e-03,-1.149041e-03,-1.096957e-03,-1.045733e-03,-9.955568e-04,-9.463119e-04,-8.976644e-04,-8.494314e-04,-8.016292e-04,-7.540776e-04,-7.065043e-04,9.391366e-05,8.470468e-05,7.549806e-05,6.624098e-05,5.679900e-05,4.731128e-05,3.820804e-05,3.001094e-05,2.324595e-05,1.812899e-05,1.464004e-05,1.252633e-05,1.136884e-05,1.095815e-05,1.128936e-05,1.215052e-05,1.313890e-05,1.411047e-05
-1.945690e-04,5.797381e-06,2.701299e-06,-1.691954e-06,-9.575403e-06,-1.750059e-05,-2.440444e-05,-3.151596e-05,-3.712374e-05,-4.115813e-05,-5.119178e-05,-6.991308e-05,-8.907173e-05,-9.981751e-05,-9.308347e-05,-6.562441e-05,-2.220033e-05,2.982634e-05,8.251769e-05,1.336491e-04,1.849441e-04,1.260185e-03,1.284330e-03,1.308476e-03,1.332623e-03,1.356764e-03,1.380644e-03,1.403892e-03,1.425606e-03,1.444413e-03,1.458680e-03,1.464793e-03,1.466534e-03,1.465116e-03,1.461624e-03,1.456914e-03,1.451879e-03,1.446885e-03,1.441886e-03,-8.371929e-05,-7.584559e-05,-6.797172e-05,-6.001933e-05,-5.179839e-05,-4.329690e-05,-3.460696e-05,-2.598649e-05,-1.765812e-05,-9.453543e-06,-1.142427e-06,7.434986e-06,1.648112e-05,2.606177e-05,3.608294e-05,4.636285e-05,5.675679e-05,6.714024e-05,-1.602047e-03,-1.543933e-03,-1.485806e-03,-1.427677e-03,-1.369907e-03,-1.312634e-03,-1.256225e-03,-1.200645e-03,-1.145887e-03,-1.091656e-03,-1.038237e-03,-9.858369e-04,-9.343545e-04,-8.834610e-04,-8.329779e-04,-7.829323e-04,-7.331444e-04,-6.833340e-04,9.080562e-05,8.189757e-05,7.299195e-05,6.403761e-05,5.491276e-05,4.575848e-05,3.699232e-05,2.912062e-05,2.265576e-05,1.780136e-05,1.452963e-05,1.258982e-05,1.156431e-05,1.124858e-05,1.165225e-05,1.257489e-05,1.361684e-05,1.464253e-05
