2.187359e-05,-3.452762e-07,-9.100979e-08,5.663633e-07,8.714316e-07,1.162489e-06,1.216684e-06,1.198426e-06,1.314133e-06,2.066937e-06,2.153069e-06,1.325025e-06,7.866841e-07,6.640037e-07,2.790346e-07,6.881512e-07,2.523763e-06,4.151264e-06,5.581297e-06,7.051177e-06,8.356977e-06,-1.362149e-04,-1.365531e-04,-1.368904e-04,-1.372312e-04,-1.375597e-04,-1.377520e-04,-1.377534e-04,-1.374271e-04,-1.368977e-04,-1.361474e-04,-1.353160e-04,-1.345378e-04,-1.337619e-04,-1.329176e-04,-1.320047e-04,-1.310897e-04,-1.302214e-04,-1.293426e-04,1.018865e-06,1.564823e-06,2.110304e-06,2.628598e-06,3.065615e-06,3.448365e-06,3.705354e-06,3.861135e-06,3.901045e-06,3.782945e-06,3.603919e-06,3.406072e-06,3.307123e-06,3.331878e-06,3.395422e-06,3.462006e-06,3.575798e-06,3.694315e-06,1.877929e-04,1.801196e-04,1.724344e-04,1.647083e-04,1.572294e-04,1.500198e-04,1.433414e-04,1.370315e-04,1.310213e-04,1.250160e-04,1.193647e-04,1.143305e-04,1.098769e-04,1.057506e-04,1.018585e-04,9.829763e-05,9.496325e-05,9.160983e-05,-1.566473e-05,-1.317579e-05,-1.069184e-05,-8.136693e-06,-5.303220e-06,-2.221820e-06,8.167596e-07,3.414246e-06,5.137617e-06,5.786439e-06,5.338589e-06,3.998884e-06,2.120559e-06,-1.844392e-07,-3.033723e-06,-6.306760e-06,-9.680151e-06,-1.303951e-05
-3.452762e-07,2.082150e-05,-5.467888e-08,1.751152e-06,1.233612e-06,1.084547e-06,7.490080e-07,2.555141e-07,3.016185e-07,9.820275e-07,1.203025e-06,1.259088e-06,3.730999e-07,-6.377478e-07,-1.959137e-06,-2.232117e-06,-1.727144e-06,4.907201e-08,3.172172e-06,6.248407e-06,9.200667e-06,3.814866e-06,3.918684e-06,4.023501e-06,4.125034e-06,4.238401e-06,4.467677e-06,4.778674e-06,5.144238e-06,5.442625e-06,5.511090e-06,5.342453e-06,4.950752e-06,4.425761e-06,3.789107e-06,2.993474e-06,2.075486e-06,1.124159e-06,1.792550e-07,-1.337491e-04,-1.330212e-04,-1.322789e-04,-1.314281e-04,-1.305906e-04,-1.296943e-04,-1.288241e-04,-1.279993e-04,-1.272325e-04,-1.265254e-04,-1.260167e-04,-1.256197e-04,-1.253201e-04,-1.251588e-04,-1.250670e-04,-1.249635e-04,-1.248275e-04,-1.246840e-04,-1.491155e-05,-1.252296e-05,-1.013857e-05,-7.692018e-06,-4.998703e-06,-2.078926e-06,7.889679e-07,3.224465e-06,4.831216e-06,5.416009e-06,4.963454e-06,3.670893e-06,1.883771e-06,-2.772855e-07,-2.922511e-06,-5.951045e-06,-9.065402e-06,-1.216651e-05,1.373511e-04,1.395521e-04,1.417458e-04,1.436354e-04,1.449589e-04,1.450928e-04,1.437510e-04,1.406911e-04,1.362741e-04,1.308072e-04,1.250383e-04,1.191177e-04,1.132184e-04,1.075859e-04,1.021841e-04,9.676512e-05,9.122924e-05,8.569239e-05
-9.100979e-08,-5.467888e-08,4.442969e-06,-3.675848e-05,-3.740019e-05,-3.788253e-05,-3.745304e-05,-3.766727e-05,-3.734107e-05,-3.786119e-05,-3.735709e-05,-3.672577e-05,-3.408889e-05,-3.209534e-05,-3.089784e-05,-3.024556e-05,-3.015941e-05,-3.043936e-05,-3.093580e-05,-3.155852e-05,-3.210181e-05,-2.927421e-06,-2.391936e-06,-1.856061e-06,-1.320890e-06,-7.815451e-07,-4.087897e-07,-2.875944e-07,-1.496849e-07,1.529585e-07,4.981561e-07,8.141377e-07,1.065933e-06,1.280457e-06,1.484283e-06,1.670065e-06,1.865732e-06,2.082373e-06,2.294749e-06,1.706355e-06,1.144037e-06,5.743785e-07,1.826096e-07,5.089682e-08,-4.471784e-08,-2.034227e-07,-4.294348e-07,-7.505962e-07,-1.021478e-06,-1.121689e-06,-1.099520e-06,-9.814261e-07,-8.295464e-07,-6.608992e-07,-4.728190e-07,-2.955397e-07,-1.213632e-07,8.484950e-07,7.898121e-08,-6.911351e-07,-1.455945e-06,-2.237028e-06,-2.867693e-06,-3.230833e-06,-3.522107e-06,-3.760284e-06,-3.642279e-06,-2.934000e-06,-1.521245e-06,5.795091e-07,3.200732e-06,6.076138e-06,9.012015e-06,1.193161e-05,1.484912e-05,-1.957800e-06,-1.347354e-06,-7.190774e-07,-2.874903e-07,-1.593991e-07,-1.327264e-07,-1.280316e-07,-1.391575e-07,-1.327524e-07,-2.613631e-07,-5.934148e-07,-9.448435e-07,-1.047057e-06,-7.230410e-07,6.267969e-08,1.184638e-06,2.419434e-06,3.644180e-06
5.663633e-07,1.751152e-06,-3.675848e-05,2.100104e-03,1.098022e-03,4.068919e-04,1.583608e-04,1.732503e-04,2.340888e-04,3.013959e-04,3.285177e-04,3.277654e-04,3.023043e-04,2.697565e-04,2.380265e-04,2.135312e-04,2.064841e-04,2.171810e-04,2.407439e-04,2.720587e-04,3.022925e-04,2.110240e-04,1.887516e-04,1.664974e-04,1.441068e-04,1.215480e-04,9.827989e-05,7.593051e-05,5.535031e-05,3.611101e-05,1.897521e-05,4.030812e-06,-8.939030e-06,-2.063612e-05,-3.149773e-05,-4.181110e-05,-5.204846e-05,-6.256402e-05,-7.303430e-05,-6.913845e-04,-5.563210e-04,-4.201563e-04,-2.976553e-04,-1.955492e-04,-1.131389e-04,-4.937875e-05,-1.585821e-06,3.259122e-05,5.439795e-05,6.574524e-05,6.913631e-05,6.670724e-05,6.087294e-05,5.295771e-05,4.363922e-05,3.383999e-05,2.410009e-05,-1.527230e-05,-7.553847e-06,1.674875e-07,7.709060e-06,1.519707e-05,2.163593e-05,2.597895e-05,2.941963e-05,3.200684e-05,3.125383e-05,2.528247e-05,1.322741e-05,-4.694147e-06,-2.705557e-05,-5.160538e-05,-7.670467e-05,-1.016685e-04,-1.266166e-04,4.918780e-05,3.622055e-05,2.296288e-05,1.273987e-05,6.932782e-06,3.840944e-06,2.576083e-06,2.566072e-06,3.205276e-06,5.449456e-06,9.600250e-06,1.399513e-05,1.632657e-05,1.506506e-05,9.938690e-06,2.019518e-06,-6.820481e-06,-1.557820e-05
8.714316e-07,1.233612e-06,-3.740019e-05,1.098022e-03,8.048609e-04,4.389652e-04,2.804496e-04,2.560395e-04,2.716900e-04,3.068600e-04,3.212450e-04,3.225250e-04,3.017014e-04,2.772593e-04,2.546754e-04,2.369827e-04,2.303625e-04,2.340793e-04,2.456339e-04,2.619636e-04,2.773873e-04,1.564963e-04,1.371493e-04,1.178080e-04,9.839794e-05,7.875370e-05,6.001759e-05,4.379721e-05,2.942458e-05,1.586199e-05,3.736632e-06,-6.744582e-06,-1.562540e-05,-2.345812e-05,-3.063878e-05,-3.736434e-05,-4.407530e-05,-5.102127e-05,-5.792574e-05,-3.826860e-04,-3.018229e-04,-2.201560e-04,-1.484113e-04,-9.144000e-05,-4.679525e-05,-1.296677e-05,1.179738e-05,2.922488e-05,3.966581e-05,4.381950e-05,4.322791e-05,3.915341e-05,3.313809e-05,2.590384e-05,1.781881e-05,9.509844e-06,1.245803e-06,-1.117823e-05,-3.701376e-06,3.779815e-06,1.112930e-05,1.852564e-05,2.468067e-05,2.852883e-05,3.150806e-05,3.375600e-05,3.276797e-05,2.662111e-05,1.440267e-05,-3.702381e-06,-2.626355e-05,-5.101205e-05,-7.629163e-05,-1.014303e-04,-1.265526e-04,3.667176e-05,2.650179e-05,1.607840e-05,8.308927e-06,4.470715e-06,2.674013e-06,2.042269e-06,2.201396e-06,2.647026e-06,4.465912e-06,8.079064e-06,1.186773e-05,1.353233e-05,1.155424e-05,5.656378e-06,-3.084744e-06,-1.277057e-05,-2.237208e-05
1.162489e-06,1.084547e-06,-3.788253e-05,4.068919e-04,4.389652e-04,4.970014e-04,3.980730e-04,3.395847e-04,3.072688e-04,3.105337e-04,3.120045e-04,3.157710e-04,2.999397e-04,2.837965e-04,2.705357e-04,2.598658e-04,2.537513e-04,2.502508e-04,2.492908e-04,2.499651e-04,2.499189e-04,9.554108e-05,8.001597e-05,6.448380e-05,4.895054e-05,3.311842e-05,1.979099e-05,1.045929e-05,2.901375e-06,-4.541443e-06,-1.137003e-05,-1.722402e-05,-2.193098e-05,-2.585852e-05,-2.934446e-05,-3.248309e-05,-3.567235e-05,-3.905090e-05,-4.239199e-05,-6.350436e-05,-3.838210e-05,-1.276125e-05,6.562294e-06,1.672690e-05,2.205025e-05,2.455405e-05,2.508142e-05,2.476487e-05,2.306403e-05,1.944620e-05,1.445348e-05,8.439907e-06,2.033104e-06,-4.683001e-06,-1.166690e-05,-1.860404e-05,-2.551148e-05,-7.686254e-06,-3.720204e-07,6.947783e-06,1.417593e-05,2.153949e-05,2.746103e-05,3.086617e-05,3.343107e-05,3.537850e-05,3.419395e-05,2.791549e-05,1.558744e-05,-2.633293e-06,-2.531607e-05,-5.018622e-05,-7.557499e-05,-1.008203e-04,-1.260481e-04,2.544392e-05,1.833346e-05,1.100809e-05,5.949910e-06,4.301826e-06,3.961766e-06,4.058705e-06,4.415485e-06,4.638823e-06,5.950943e-06,8.909062e-06,1.195410e-05,1.281236e-05,9.991592e-06,3.213901e-06,-6.447345e-06,-1.707620e-05,-2.761901e-05
1.216684e-06,7.490080e-07,-3.745304e-05,1.583608e-04,2.804496e-04,3.980730e-04,5.011705e-04,4.038486e-04,3.403228e-04,3.122014e-04,3.017675e-04,3.045390e-04,2.917033e-04,2.819035e-04,2.751994e-04,2.687098e-04,2.624789e-04,2.550507e-04,2.479529e-04,2.410546e-04,2.335323e-04,9.421260e-05,7.483171e-05,5.543167e-05,3.609036e-05,1.638795e-05,9.008964e-07,-8.174875e-06,-1.419972e-05,-1.934913e-05,-2.342261e-05,-2.626171e-05,-2.785438e-05,-2.863983e-05,-2.900509e-05,-2.905173e-05,-2.919285e-05,-2.949913e-05,-2.977053e-05,8.371067e-05,8.001749e-05,7.656632e-05,6.938224e-05,5.635314e-05,4.285764e-05,3.120667e-05,2.147136e-05,1.424062e-05,8.405225e-06,2.708802e-06,-2.810754e-06,-8.267203e-06,-1.347802e-05,-1.860561e-05,-2.373725e-05,-2.870295e-05,-3.364602e-05,-7.926242e-06,-4.418280e-07,7.048832e-06,1.447179e-05,2.210403e-05,2.812777e-05,3.139338e-05,3.373130e-05,3.544084e-05,3.408135e-05,2.773746e-05,1.547168e-05,-2.569278e-06,-2.497907e-05,-4.952049e-05,-7.455180e-05,-9.943790e-05,-1.243068e-04,1.681731e-05,1.161023e-05,6.225965e-06,2.782398e-06,2.391412e-06,2.861296e-06,3.337050e-06,3.783760e-06,3.894294e-06,4.952764e-06,7.582257e-06,1.027738e-05,1.081338e-05,7.731280e-06,7.489138e-07,-9.082596e-06,-1.987322e-05,-3.057859e-05
1.198426e-06,2.555141e-07,-3.766727e-05,1.732503e-04,2.560395e-04,3.395847e-04,4.038486e-04,4.901655e-04,4.025595e-04,3.459156e-04,3.090535e-04,2.981215e-04,2.786603e-04,2.701084e-04,2.684925e-04,2.692576e-04,2.705877e-04,2.715173e-04,2.716711e-04,2.708297e-04,2.694297e-04,-5.639476e-06,-1.339311e-05,-2.116870e-05,-2.886546e-05,-3.688559e-05,-4.034023e-05,-3.704434e-05,-3.202294e-05,-2.780000e-05,-2.381442e-05,-1.982209e-05,-1.571279e-05,-1.167238e-05,-7.869574e-06,-4.136493e-06,-6.034127e-07,2.779370e-06,6.196235e-06,7.781112e-05,6.547838e-05,5.321153e-05,3.915662e-05,2.201506e-05,7.146181e-06,-3.385066e-06,-1.009591e-05,-1.292935e-05,-1.344418e-05,-1.326412e-05,-1.244117e-05,-1.121749e-05,-9.501686e-06,-7.367970e-06,-5.021605e-06,-2.405185e-06,2.282186e-07,-6.419985e-06,7.470249e-07,7.920856e-06,1.504260e-05,2.238447e-05,2.805138e-05,3.087390e-05,3.290048e-05,3.446368e-05,3.306295e-05,2.676761e-05,1.462693e-05,-3.240870e-06,-2.543914e-05,-4.973615e-05,-7.451040e-05,-9.914045e-05,-1.237529e-04,1.052753e-05,6.339830e-06,1.999009e-06,-6.214026e-07,-4.699483e-07,2.817832e-07,8.352543e-07,1.240449e-06,1.250497e-06,2.213878e-06,4.783746e-06,7.445965e-06,7.962354e-06,4.857729e-06,-2.177467e-06,-1.208083e-05,-2.295187e-05,-3.373680e-05
1.314133e-06,3.016185e-07,-3.734107e-05,2.340888e-04,2.716900e-04,3.072688e-04,3.403228e-04,4.025595e-04,4.885653e-04,3.957859e-04,3.350790e-04,2.965585e-04,2.634081e-04,2.494850e-04,2.492027e-04,2.564709e-04,2.671044e-04,2.790273e-04,2.890194e-04,2.972838e-04,3.050410e-04,-9.219823e-05,-8.627447e-05,-8.036593e-05,-7.440240e-05,-6.863411e-05,-5.910012e-05,-4.343749e-05,-2.833613e-05,-1.697172e-05,-7.972591e-06,-7.080643e-07,5.292620e-06,1.024806e-05,1.428998e-05,1.791805e-05,2.131854e-05,2.458072e-05,2.787602e-05,4.316802e-05,3.252211e-05,2.188792e-05,1.012051e-05,-3.697877e-06,-1.527548e-05,-2.270204e-05,-2.613059e-05,-2.524611e-05,-2.178652e-05,-1.735534e-05,-1.198889e-05,-5.995747e-06,6.738844e-07,8.012159e-06,1.570057e-05,2.372151e-05,3.175490e-05,-3.290084e-06,3.241880e-06,9.780022e-06,1.627064e-05,2.294548e-05,2.803425e-05,3.032476e-05,3.203591e-05,3.355846e-05,3.228525e-05,2.625520e-05,1.449934e-05,-2.892027e-06,-2.454977e-05,-4.827999e-05,-7.249601e-05,-9.657453e-05,-1.206350e-04,1.008382e-05,6.123194e-06,2.018218e-06,-4.590751e-07,-3.084977e-07,4.720612e-07,1.116827e-06,1.604102e-06,1.644660e-06,2.598005e-06,5.110034e-06,7.682415e-06,8.111126e-06,4.940940e-06,-2.144798e-06,-1.208189e-05,-2.298374e-05,-3.379977e-05
2.066937e-06,9.820275e-07,-3.786119e-05,3.013959e-04,3.068600e-04,3.105337e-04,3.122014e-04,3.459156e-04,3.957859e-04,4.864407e-04,3.995097e-04,3.301810e-04,2.663008e-04,2.343173e-04,2.263959e-04,2.346059e-04,2.521686e-04,2.749889e-04,2.971457e-04,3.194621e-04,3.411710e-04,-5.305583e-05,-4.341179e-05,-3.377370e-05,-2.411686e-05,-1.451675e-05,-2.821589e-06,1.236526e-05,2.393910e-05,2.887525e-05,3.023115e-05,2.943352e-05,2.728834e-05,2.408843e-05,2.002353e-05,1.569427e-05,1.133069e-05,6.805155e-06,2.314490e-06,-8.444945e-06,-1.137530e-05,-1.428197e-05,-1.823751e-05,-2.354243e-05,-2.708200e-05,-2.737041e-05,-2.427402e-05,-1.725578e-05,-8.868512e-06,-6.987768e-07,7.440891e-06,1.537681e-05,2.335248e-05,3.156509e-05,3.979403e-05,4.819456e-05,5.661486e-05,5.494679e-06,1.119053e-05,1.689185e-05,2.254234e-05,2.833655e-05,3.273036e-05,3.461288e-05,3.623957e-05,3.794798e-05,3.682621e-05,3.078816e-05,1.884408e-05,1.111840e-06,-2.100907e-05,-4.529245e-05,-7.011259e-05,-9.479286e-05,-1.194550e-04,1.585613e-05,1.176185e-05,7.519879e-06,4.904832e-06,4.820756e-06,5.400419e-06,5.899946e-06,6.215688e-06,6.003736e-06,6.728872e-06,9.049355e-06,1.143604e-05,1.166946e-05,8.278022e-06,9.277402e-07,-9.303821e-06,-2.050631e-05,-3.162226e-05
2.153069e-06,1.203025e-06,-3.735709e-05,3.285177e-04,3.212450e-04,3.120045e-04,3.017675e-04,3.090535e-04,3.350790e-04,3.995097e-04,4.838199e-04,3.819858e-04,3.000596e-04,2.441137e-04,2.209244e-04,2.176650e-04,2.296524e-04,2.520963e-04,2.785251e-04,3.082111e-04,3.371064e-04,7.788003e-06,1.266246e-05,1.753527e-05,2.240979e-05,2.728552e-05,3.328449e-05,4.087267e-05,4.416559e-05,4.009977e-05,3.310280e-05,2.536664e-05,1.755498e-05,9.479256e-06,1.106313e-06,-7.193077e-06,-1.541432e-05,-2.384168e-05,-3.223051e-05,-3.801411e-05,-3.513724e-05,-3.221751e-05,-3.037847e-05,-2.947312e-05,-2.687448e-05,-2.129917e-05,-1.248924e-05,3.516307e-07,1.296739e-05,2.287053e-05,3.060618e-05,3.645983e-05,4.115483e-05,4.520717e-05,4.870240e-05,5.210345e-05,5.553908e-05,7.310422e-06,1.262606e-05,1.794684e-05,2.321741e-05,2.861400e-05,3.275897e-05,3.468810e-05,3.647161e-05,3.847318e-05,3.761044e-05,3.171441e-05,1.982560e-05,2.121136e-06,-1.999012e-05,-4.428514e-05,-6.913030e-05,-9.383442e-05,-1.185216e-04,1.850410e-05,1.431933e-05,9.986595e-06,7.258421e-06,6.945279e-06,7.258469e-06,7.470234e-06,7.447532e-06,6.802342e-06,7.185405e-06,9.359825e-06,1.176860e-05,1.217089e-05,9.071465e-06,2.120105e-06,-7.639293e-06,-1.833716e-05,-2.895120e-05
1.325025e-06,1.259088e-06,-3.672577e-05,3.277654e-04,3.225250e-04,3.157710e-04,3.045390e-04,2.981215e-04,2.965585e-04,3.301810e-04,3.819858e-04,4.826594e-04,4.026108e-04,3.362571e-04,2.765119e-04,2.306394e-04,2.051215e-04,1.972199e-04,2.045461e-04,2.205190e-04,2.353071e-04,6.827368e-05,5.799647e-05,4.771848e-05,3.743779e-05,2.716063e-05,1.762452e-05,8.590552e-06,-3.658122e-06,-2.112814e-05,-3.846561e-05,-5.281184e-05,-6.380913e-05,-7.272092e-05,-8.023539e-05,-8.692837e-05,-9.361227e-05,-1.005990e-04,-1.075369e-04,-5.530375e-05,-3.913203e-05,-2.290084e-05,-7.930852e-06,5.618053e-06,1.951588e-05,3.418322e-05,4.905854e-05,6.420148e-05,7.392438e-05,7.477544e-05,6.836337e-05,5.658214e-05,4.151003e-05,2.406118e-05,5.031545e-06,-1.454108e-05,-3.404808e-05,-1.024435e-06,4.766704e-06,1.056256e-05,1.631663e-05,2.220594e-05,2.694567e-05,2.970348e-05,3.229257e-05,3.498893e-05,3.465264e-05,2.904579e-05,1.721689e-05,-5.615703e-07,-2.284615e-05,-4.735374e-05,-7.239746e-05,-9.729765e-05,-1.221829e-04,2.362872e-05,1.844884e-05,1.312255e-05,9.377875e-06,7.987205e-06,7.233022e-06,6.449466e-06,5.593417e-06,4.368260e-06,4.584099e-06,7.126676e-06,1.032059e-05,1.175991e-05,9.837085e-06,4.217804e-06,-4.111097e-06,-1.333214e-05,-2.247362e-05
7.866841e-07,3.730999e-07,-3.408889e-05,3.023043e-04,3.017014e-04,2.999397e-04,2.917033e-04,2.786603e-04,2.634081e-04,2.663008e-04,3.000596e-04,4.026108e-04,5.309079e-04,4.567207e-04,3.707638e-04,2.675488e-04,1.851644e-04,1.216146e-04,8.604467e-05,6.531046e-05,4.301173e-05,1.384923e-04,1.101333e-04,8.177395e-05,5.340993e-05,2.504727e-05,-2.929198e-06,-3.141578e-05,-6.294269e-05,-9.834976e-05,-1.317551e-04,-1.582812e-04,-1.763576e-04,-1.882111e-04,-1.955991e-04,-2.007563e-04,-2.059152e-04,-2.114721e-04,-2.169723e-04,-5.636633e-05,-3.182386e-05,-7.215027e-06,1.608033e-05,3.769402e-05,5.866218e-05,7.855049e-05,9.595315e-05,1.099989e-04,1.144399e-04,1.037372e-04,8.007443e-05,4.742328e-05,9.220548e-06,-3.344388e-05,-7.887859e-05,-1.253981e-04,-1.718171e-04,-5.329969e-06,2.286510e-07,5.791465e-06,1.131901e-05,1.697682e-05,2.163490e-05,2.465541e-05,2.767479e-05,3.088966e-05,3.133556e-05,2.664899e-05,1.571290e-05,-1.144648e-06,-2.249689e-05,-4.604475e-05,-7.007106e-05,-9.395072e-05,-1.178194e-04,2.119696e-05,1.536048e-05,9.388228e-06,4.894050e-06,2.575793e-06,8.785104e-07,-7.581345e-07,-2.282368e-06,-3.879973e-06,-3.772472e-06,-8.445798e-07,3.237479e-06,5.954011e-06,5.638268e-06,2.004834e-06,-4.085825e-06,-1.096125e-05,-1.776616e-05
6.640037e-07,-6.377478e-07,-3.209534e-05,2.697565e-04,2.772593e-04,2.837965e-04,2.819035e-04,2.701084e-04,2.494850e-04,2.343173e-04,2.441137e-04,3.362571e-04,4.567207e-04,6.030754e-04,5.187297e-04,3.882203e-04,2.394295e-04,9.114211e-05,-2.747113e-05,-1.304133e-04,-2.349335e-04,2.201328e-04,1.720140e-04,1.238950e-04,7.576996e-05,2.764478e-05,-2.028240e-05,-6.901669e-05,-1.203052e-04,-1.736465e-04,-2.229925e-04,-2.617535e-04,-2.865699e-04,-2.994614e-04,-3.036825e-04,-3.037362e-04,-3.037836e-04,-3.042208e-04,-3.046062e-04,-2.596696e-05,-9.670720e-06,6.697924e-06,2.163209e-05,3.456845e-05,4.611341e-05,5.552294e-05,6.124424e-05,6.207439e-05,5.274357e-05,2.705228e-05,-1.275803e-05,-6.158853e-05,-1.158269e-04,-1.751404e-04,-2.373781e-04,-3.007981e-04,-3.641100e-04,-6.867464e-06,-1.496517e-06,3.877793e-06,9.221779e-06,1.470626e-05,1.932806e-05,2.256984e-05,2.596409e-05,2.960105e-05,3.071415e-05,2.684464e-05,1.664475e-05,3.627208e-07,-2.054052e-05,-4.366576e-05,-6.719350e-05,-9.056822e-05,-1.139340e-04,1.517488e-05,9.138880e-06,2.974571e-06,-1.769688e-06,-4.417068e-06,-6.373621e-06,-8.128935e-06,-9.601517e-06,-1.092747e-05,-1.050218e-05,-7.153329e-06,-2.496874e-06,9.097392e-07,1.413949e-06,-1.173100e-06,-6.092149e-06,-1.174124e-05,-1.732428e-05
2.790346e-07,-1.959137e-06,-3.089784e-05,2.380265e-04,2.546754e-04,2.705357e-04,2.751994e-04,2.684925e-04,2.492027e-04,2.263959e-04,2.209244e-04,2.765119e-04,3.707638e-04,5.187297e-04,6.577049e-04,5.362576e-04,3.614547e-04,1.367781e-04,-7.205383e-05,-2.756845e-04,-4.800106e-04,2.470553e-04,1.919298e-04,1.368037e-04,8.167205e-05,2.653196e-05,-2.832796e-05,-8.354908e-05,-1.403630e-04,-1.973175e-04,-2.489013e-04,-2.888993e-04,-3.137265e-04,-3.230171e-04,-3.208084e-04,-3.133343e-04,-3.059879e-04,-2.988510e-04,-2.916843e-04,2.159659e-05,2.347365e-05,2.542642e-05,2.574742e-05,2.345824e-05,1.875863e-05,1.076363e-05,-2.050375e-06,-2.101978e-05,-4.991246e-05,-9.367516e-05,-1.488431e-04,-2.093608e-04,-2.717318e-04,-3.367981e-04,-4.029575e-04,-4.695190e-04,-5.360174e-04,-1.046191e-05,-5.101121e-06,2.627220e-07,5.595654e-06,1.106405e-05,1.571301e-05,1.904187e-05,2.252217e-05,2.616808e-05,2.744051e-05,2.403964e-05,1.462386e-05,-9.042694e-07,-2.109889e-05,-4.346208e-05,-6.612640e-05,-8.864097e-05,-1.111447e-04,6.433280e-06,9.515094e-08,-6.366843e-06,-1.141839e-05,-1.433746e-05,-1.638570e-05,-1.798112e-05,-1.900548e-05,-1.955085e-05,-1.820261e-05,-1.395630e-05,-8.518313e-06,-4.520467e-06,-3.626825e-06,-5.916209e-06,-1.062706e-05,-1.610840e-05,-2.152017e-05
6.881512e-07,-2.232117e-06,-3.024556e-05,2.135312e-04,2.369827e-04,2.598658e-04,2.687098e-04,2.692576e-04,2.564709e-04,2.346059e-04,2.176650e-04,2.306394e-04,2.675488e-04,3.882203e-04,5.362576e-04,6.655725e-04,5.184208e-04,2.900627e-04,3.217488e-05,-2.418581e-04,-5.155139e-04,1.725453e-04,1.300755e-04,8.760375e-05,4.513073e-05,2.628890e-06,-3.910852e-05,-7.985958e-05,-1.202046e-04,-1.580538e-04,-1.889171e-04,-2.080474e-04,-2.128519e-04,-2.024664e-04,-1.810397e-04,-1.552125e-04,-1.299951e-04,-1.046030e-04,-7.922145e-05,5.859482e-05,4.913853e-05,3.975482e-05,2.857469e-05,1.402961e-05,-3.938014e-06,-2.611591e-05,-5.380035e-05,-8.822783e-05,-1.314783e-04,-1.863696e-04,-2.481522e-04,-3.100000e-04,-3.678143e-04,-4.221439e-04,-4.731948e-04,-5.227318e-04,-5.723147e-04,-8.602730e-06,-3.067436e-06,2.469954e-06,7.978730e-06,1.364776e-05,1.848960e-05,2.191963e-05,2.530414e-05,2.856672e-05,2.935616e-05,2.562713e-05,1.621556e-05,9.622335e-07,-1.870118e-05,-4.025715e-05,-6.194923e-05,-8.349696e-05,-1.050279e-04,2.930876e-06,-3.358362e-06,-9.769301e-06,-1.476736e-05,-1.753748e-05,-1.925637e-05,-2.031789e-05,-2.060307e-05,-2.018168e-05,-1.783213e-05,-1.279672e-05,-6.874225e-06,-2.739505e-06,-2.130072e-06,-5.200129e-06,-1.105409e-05,-1.784584e-05,-2.455456e-05
2.523763e-06,-1.727144e-06,-3.015941e-05,2.064841e-04,2.303625e-04,2.537513e-04,2.624789e-04,2.705877e-04,2.671044e-04,2.521686e-04,2.296524e-04,2.051215e-04,1.851644e-04,2.394295e-04,3.614547e-04,5.184208e-04,6.448860e-04,5.023140e-04,3.043576e-04,5.215977e-05,-1.955242e-04,2.649372e-05,9.690508e-06,-7.116560e-06,-2.391741e-05,-4.077229e-05,-5.611823e-05,-6.858215e-05,-7.793801e-05,-8.170939e-05,-7.630144e-05,-5.849817e-05,-2.663030e-05,1.967891e-05,7.579361e-05,1.351241e-04,1.938370e-04,2.532503e-04,3.125941e-04,6.934510e-05,5.564853e-05,4.201357e-05,2.659062e-05,7.471070e-06,-1.511091e-05,-4.127764e-05,-7.156503e-05,-1.065198e-04,-1.465024e-04,-1.918880e-04,-2.377600e-04,-2.779057e-04,-3.081993e-04,-3.267944e-04,-3.363922e-04,-3.420350e-04,-3.478690e-04,4.809796e-06,1.025665e-05,1.570388e-05,2.112771e-05,2.677276e-05,3.156646e-05,3.479069e-05,3.767769e-05,4.006519e-05,3.968401e-05,3.472632e-05,2.422972e-05,8.161825e-06,-1.195433e-05,-3.360182e-05,-5.521892e-05,-7.667948e-05,-9.811635e-05,1.587877e-06,-3.911856e-06,-9.533534e-06,-1.373316e-05,-1.559193e-05,-1.629258e-05,-1.629013e-05,-1.554625e-05,-1.419499e-05,-1.121042e-05,-6.112072e-06,-6.500983e-07,2.656366e-06,2.081074e-06,-2.897610e-06,-1.118104e-05,-2.063048e-05,-2.997819e-05
4.151264e-06,4.907201e-08,-3.043936e-05,2.171810e-04,2.340793e-04,2.502508e-04,2.550507e-04,2.715173e-04,2.790273e-04,2.749889e-04,2.520963e-04,1.972199e-04,1.216146e-04,9.114211e-05,1.367781e-04,2.900627e-04,5.023140e-04,7.426102e-04,7.298754e-04,6.606258e-04,5.912858e-04,-1.256080e-04,-1.141338e-04,-1.026655e-04,-9.118163e-05,-7.977331e-05,-6.601895e-05,-4.718872e-05,-2.214899e-05,1.188327e-05,5.787690e-05,1.177470e-04,1.927776e-04,2.834838e-04,3.853103e-04,4.921090e-04,6.008690e-04,7.110059e-04,8.209848e-04,5.143049e-05,3.593162e-05,2.047709e-05,3.493169e-06,-1.665422e-05,-3.853733e-05,-6.064111e-05,-8.171432e-05,-1.005618e-04,-1.151738e-04,-1.227274e-04,-1.186761e-04,-9.817691e-05,-5.799501e-05,3.720546e-06,8.065168e-05,1.640003e-04,2.469779e-04,1.510777e-05,2.086027e-05,2.661121e-05,3.235535e-05,3.841730e-05,4.363321e-05,4.710994e-05,4.993155e-05,5.184081e-05,5.056757e-05,4.446531e-05,3.269016e-05,1.526180e-05,-6.264589e-06,-2.940298e-05,-5.270152e-05,-7.585404e-05,-9.897242e-05,4.183296e-06,6.963049e-07,-2.915181e-06,-5.106778e-06,-4.889326e-06,-3.549007e-06,-1.678948e-06,5.896808e-07,2.977031e-06,6.261506e-06,1.056117e-05,1.419286e-05,1.482500e-05,1.081533e-05,1.540769e-06,-1.158009e-05,-2.608790e-05,-4.047408e-05
5.581297e-06,3.172172e-06,-3.093580e-05,2.407439e-04,2.456339e-04,2.492908e-04,2.479529e-04,2.716711e-04,2.890194e-04,2.971457e-04,2.785251e-04,2.045461e-04,8.604467e-05,-2.747113e-05,-7.205383e-05,3.217488e-05,3.043576e-04,7.298754e-04,1.185932e-03,1.442767e-03,1.730301e-03,-2.336470e-04,-2.006375e-04,-1.676353e-04,-1.346096e-04,-1.016685e-04,-6.571624e-05,-2.284854e-05,2.870010e-05,9.170295e-05,1.685606e-04,2.600041e-04,3.671715e-04,4.913199e-04,6.292236e-04,7.764241e-04,9.312045e-04,1.088239e-03,1.244987e-03,1.011859e-05,-6.732053e-06,-2.355608e-05,-4.147599e-05,-6.128012e-05,-7.974753e-05,-9.317440e-05,-9.793029e-05,-9.046794e-05,-6.613344e-05,-1.868999e-05,5.610300e-05,1.616866e-04,3.003688e-04,4.724843e-04,6.666787e-04,8.697776e-04,1.072280e-03,2.390229e-05,3.001219e-05,3.611893e-05,4.223869e-05,4.877730e-05,5.449307e-05,5.830910e-05,6.116851e-05,6.272605e-05,6.066497e-05,5.345698e-05,4.033835e-05,2.131141e-05,-2.167393e-06,-2.775744e-05,-5.412489e-05,-8.039077e-05,-1.066072e-04,1.323099e-05,1.255946e-05,1.175912e-05,1.235723e-05,1.535435e-05,1.928077e-05,2.335713e-05,2.722453e-05,3.042088e-05,3.347243e-05,3.613750e-05,3.675890e-05,3.314973e-05,2.374437e-05,8.006567e-06,-1.215609e-05,-3.392177e-05,-5.554364e-05
7.051177e-06,6.248407e-06,-3.155852e-05,2.720587e-04,2.619636e-04,2.499651e-04,2.410546e-04,2.708297e-04,2.972838e-04,3.194621e-04,3.082111e-04,2.205190e-04,6.531046e-05,-1.304133e-04,-2.756845e-04,-2.418581e-04,5.215977e-05,6.606258e-04,1.442767e-03,2.392795e-03,3.275093e-03,-3.182143e-04,-2.664890e-04,-2.147720e-04,-1.630248e-04,-1.113627e-04,-5.617343e-05,7.421670e-06,8.141780e-05,1.680206e-04,2.685959e-04,3.821939e-04,5.093458e-04,6.517667e-04,8.081066e-04,9.761968e-04,1.156370e-03,1.339690e-03,1.522608e-03,-3.990857e-05,-5.756368e-05,-7.521014e-05,-9.342903e-05,-1.118376e-04,-1.251382e-04,-1.272306e-04,-1.119027e-04,-7.303844e-05,-3.257619e-06,1.072119e-04,2.624018e-04,4.643680e-04,7.146847e-04,1.012111e-03,1.339812e-03,1.679635e-03,2.018614e-03,3.442255e-05,4.062744e-05,4.682818e-05,5.305686e-05,5.978386e-05,6.569034e-05,6.952016e-05,7.210958e-05,7.308102e-05,7.010821e-05,6.183443e-05,4.763553e-05,2.753909e-05,2.864592e-06,-2.422198e-05,-5.257188e-05,-8.086124e-05,-1.090852e-04,2.043928e-05,2.292445e-05,2.527556e-05,2.900665e-05,3.511086e-05,4.192647e-05,4.849377e-05,5.422851e-05,5.847860e-05,6.152540e-05,6.275461e-05,6.050893e-05,5.271871e-05,3.785081e-05,1.544116e-05,-1.208511e-05,-4.149719e-05,-7.073978e-05
8.356977e-06,9.200667e-06,-3.210181e-05,3.022925e-04,2.773873e-04,2.499189e-04,2.335323e-04,2.694297e-04,3.050410e-04,3.411710e-04,3.371064e-04,2.353071e-04,4.301173e-05,-2.349335e-04,-4.800106e-04,-5.155139e-04,-1.955242e-04,5.912858e-04,1.730301e-03,3.275093e-03,5.136227e-03,-4.032813e-04,-3.326285e-04,-2.619848e-04,-1.913044e-04,-1.207100e-04,-4.606888e-05,3.848076e-05,1.351849e-04,2.457086e-04,3.703928e-04,5.066161e-04,6.543082e-04,8.156360e-04,9.910782e-04,1.180712e-03,1.386868e-03,1.597004e-03,1.806633e-03,-8.852657e-05,-1.070566e-04,-1.255962e-04,-1.441881e-04,-1.612961e-04,-1.695685e-04,-1.605242e-04,-1.253843e-04,-5.548027e-05,5.929397e-05,2.322457e-04,4.672012e-04,7.648395e-04,1.126004e-03,1.547910e-03,2.008277e-03,2.484031e-03,2.958705e-03,4.354011e-05,4.987983e-05,5.621447e-05,6.259236e-05,6.954626e-05,7.568356e-05,7.957162e-05,8.194054e-05,8.238300e-05,7.857376e-05,6.933104e-05,5.417086e-05,3.314681e-05,7.445308e-06,-2.094195e-05,-5.105377e-05,-8.112992e-05,-1.111257e-04,2.695727e-05,3.255288e-05,3.800959e-05,4.482615e-05,5.398871e-05,6.365290e-05,7.268583e-05,8.028507e-05,8.561390e-05,8.870852e-05,8.857995e-05,8.357429e-05,7.174251e-05,5.158606e-05,2.271148e-05,-1.194616e-05,-4.876346e-05,-8.538736e-05
-1.362149e-04,3.814866e-06,-2.927421e-06,2.110240e-04,1.564963e-04,9.554108e-05,9.421260e-05,-5.639476e-06,-9.219823e-05,-5.305583e-05,7.788003e-06,6.827368e-05,1.384923e-04,2.201328e-04,2.470553e-04,1.725453e-04,2.649372e-05,-1.256080e-04,-2.336470e-04,-3.182143e-04,-4.032813e-04,4.515820e-03,3.771396e-03,3.057040e-03,2.402591e-03,1.838838e-03,1.377635e-03,1.023808e-03,7.676325e-04,5.963200e-04,4.932098e-04,4.427087e-04,4.283579e-04,4.359602e-04,4.570793e-04,4.845462e-04,5.123885e-04,5.401655e-04,5.679031e-04,-3.004555e-04,-3.175332e-04,-3.344389e-04,-3.490567e-04,-3.465013e-04,-3.236589e-04,-2.863121e-04,-2.425750e-04,-2.000315e-04,-1.644915e-04,-1.426579e-04,-1.341411e-04,-1.390754e-04,-1.556342e-04,-1.804343e-04,-2.097151e-04,-2.413533e-04,-2.728823e-04,-1.064341e-03,-1.021428e-03,-9.783856e-04,-9.356547e-04,-8.969820e-04,-8.626433e-04,-8.342862e-04,-8.097965e-04,-7.877665e-04,-7.655669e-04,-7.448706e-04,-7.268102e-04,-7.110688e-04,-6.963606e-04,-6.822983e-04,-6.694940e-04,-6.577798e-04,-6.459797e-04,1.186553e-04,1.049033e-04,9.115655e-05,7.679349e-05,5.846679e-05,3.606934e-05,1.244138e-05,-8.944212e-06,-2.451040e-05,-3.217857e-05,-3.101422e-05,-2.266359e-05,-9.797291e-06,6.467263e-06,2.644724e-05,4.908515e-05,7.242408e-05,9.566871e-05
-1.365531e-04,3.918684e-06,-2.391936e-06,1.887516e-04,1.371493e-04,8.001597e-05,7.483171e-05,-1.339311e-05,-8.627447e-05,-4.341179e-05,1.266246e-05,5.799647e-05,1.101333e-04,1.720140e-04,1.919298e-04,1.300755e-04,9.690508e-06,-1.141338e-04,-2.006375e-04,-2.664890e-04,-3.326285e-04,3.771396e-03,3.233551e-03,2.687695e-03,2.173898e-03,1.720097e-03,1.341377e-03,1.045750e-03,8.278924e-04,6.789551e-04,5.858060e-04,5.361117e-04,5.166519e-04,5.156549e-04,5.260212e-04,5.417829e-04,5.580065e-04,5.742152e-04,5.903798e-04,-2.687017e-04,-2.811673e-04,-2.934881e-04,-3.037681e-04,-2.991664e-04,-2.770150e-04,-2.423906e-04,-2.025949e-04,-1.644125e-04,-1.327587e-04,-1.130443e-04,-1.048942e-04,-1.084621e-04,-1.221723e-04,-1.430459e-04,-1.678552e-04,-1.947799e-04,-2.216149e-04,-1.081611e-03,-1.036876e-03,-9.920200e-04,-9.474044e-04,-9.065490e-04,-8.698008e-04,-8.389337e-04,-8.120432e-04,-7.878407e-04,-7.637346e-04,-7.414276e-04,-7.220952e-04,-7.053820e-04,-6.899114e-04,-6.752510e-04,-6.620040e-04,-6.499013e-04,-6.377073e-04,1.182974e-04,1.042328e-04,9.017760e-05,7.551671e-05,5.718181e-05,3.509431e-05,1.197510e-05,-8.806661e-06,-2.376075e-05,-3.094012e-05,-2.957890e-05,-2.127559e-05,-8.631233e-06,7.304804e-06,2.692096e-05,4.920793e-05,7.219012e-05,9.507855e-05
-1.368904e-04,4.023501e-06,-1.856061e-06,1.664974e-04,1.178080e-04,6.448380e-05,5.543167e-05,-2.116870e-05,-8.036593e-05,-3.377370e-05,1.753527e-05,4.771848e-05,8.177395e-05,1.238950e-04,1.368037e-04,8.760375e-05,-7.116560e-06,-1.026655e-04,-1.676353e-04,-2.147720e-04,-2.619848e-04,3.057040e-03,2.687695e-03,2.320533e-03,1.944649e-03,1.601527e-03,1.305086e-03,1.067708e-03,8.881486e-04,7.615870e-04,6.783955e-04,6.295066e-04,6.049365e-04,5.953394e-04,5.949524e-04,5.990082e-04,6.036128e-04,6.082526e-04,6.128438e-04,-2.369527e-04,-2.448062e-04,-2.525423e-04,-2.584844e-04,-2.518365e-04,-2.303762e-04,-1.984741e-04,-1.626195e-04,-1.287981e-04,-1.010305e-04,-8.343573e-05,-7.565265e-05,-7.785472e-05,-8.871722e-05,-1.056651e-04,-1.260039e-04,-1.482164e-04,-1.703584e-04,-1.098875e-03,-1.052320e-03,-1.005649e-03,-9.591486e-04,-9.161104e-04,-8.769527e-04,-8.435755e-04,-8.142843e-04,-7.879094e-04,-7.618971e-04,-7.379796e-04,-7.173755e-04,-6.996907e-04,-6.834579e-04,-6.681997e-04,-6.545100e-04,-6.420190e-04,-6.294312e-04,1.179454e-04,1.035683e-04,8.920505e-05,7.424659e-05,5.590374e-05,3.412632e-05,1.151589e-05,-8.662124e-06,-2.300430e-05,-2.969516e-05,-2.813741e-05,-1.988178e-05,-7.459713e-06,8.147506e-06,2.739958e-05,4.933535e-05,7.196058e-05,9.449257e-05
-1.372312e-04,4.125034e-06,-1.320890e-06,1.441068e-04,9.839794e-05,4.895054e-05,3.609036e-05,-2.886546e-05,-7.440240e-05,-2.411686e-05,2.240979e-05,3.743779e-05,5.340993e-05,7.576996e-05,8.167205e-05,4.513073e-05,-2.391741e-05,-9.118163e-05,-1.346096e-04,-1.630248e-04,-1.913044e-04,2.402591e-03,2.173898e-03,1.944649e-03,1.717635e-03,1.482286e-03,1.268932e-03,1.089611e-03,9.484231e-04,8.442343e-04,7.710135e-04,7.229354e-04,6.932598e-04,6.750655e-04,6.639272e-04,6.562789e-04,6.492659e-04,6.423384e-04,6.353578e-04,-2.052562e-04,-2.084860e-04,-2.116256e-04,-2.132191e-04,-2.045152e-04,-1.837378e-04,-1.545521e-04,-1.226344e-04,-9.317078e-05,-6.928656e-05,-5.380856e-05,-4.638962e-05,-4.722266e-05,-5.523384e-05,-6.825219e-05,-8.411628e-05,-1.016121e-04,-1.190568e-04,-1.116164e-03,-1.067788e-03,-1.019302e-03,-9.709171e-04,-9.256961e-04,-8.841288e-04,-8.482413e-04,-8.165490e-04,-7.880010e-04,-7.600814e-04,-7.345522e-04,-7.126752e-04,-6.940177e-04,-6.770216e-04,-6.611643e-04,-6.470309e-04,-6.341505e-04,-6.211679e-04,1.175745e-04,1.028838e-04,8.821108e-05,7.295393e-05,5.460219e-05,3.313427e-05,1.103252e-05,-8.541406e-06,-2.227093e-05,-2.847218e-05,-2.671662e-05,-1.850730e-05,-6.306167e-06,8.973489e-06,2.786267e-05,4.944841e-05,7.171784e-05,9.389456e-05
-1.375597e-04,4.238401e-06,-7.815451e-07,1.215480e-04,7.875370e-05,3.311842e-05,1.638795e-05,-3.688559e-05,-6.863411e-05,-1.451675e-05,2.728552e-05,2.716063e-05,2.504727e-05,2.764478e-05,2.653196e-05,2.628890e-06,-4.077229e-05,-7.977331e-05,-1.016685e-04,-1.113627e-04,-1.207100e-04,1.838838e-03,1.720097e-03,1.601527e-03,1.482286e-03,1.365601e-03,1.232298e-03,1.111742e-03,1.008649e-03,9.268391e-04,8.635373e-04,8.162485e-04,7.814489e-04,7.546458e-04,7.327476e-04,7.133885e-04,6.947516e-04,6.762503e-04,6.576915e-04,-1.738040e-04,-1.723868e-04,-1.709067e-04,-1.681272e-04,-1.573448e-04,-1.372288e-04,-1.107374e-04,-8.273638e-05,-5.761394e-05,-3.760173e-05,-2.423474e-05,-1.717910e-05,-1.664656e-05,-2.181333e-05,-3.091161e-05,-4.231209e-05,-5.510317e-05,-6.786230e-05,-1.133365e-03,-1.083169e-03,-1.032870e-03,-9.826001e-04,-9.351962e-04,-8.912191e-04,-8.528214e-04,-8.187292e-04,-7.880108e-04,-7.581876e-04,-7.310510e-04,-7.079054e-04,-6.882789e-04,-6.705228e-04,-6.540698e-04,-6.394960e-04,-6.262294e-04,-6.128550e-04,1.172809e-04,1.022785e-04,8.729835e-05,7.174398e-05,5.338450e-05,3.222665e-05,1.063308e-05,-8.338345e-06,-2.145777e-05,-2.717288e-05,-2.522347e-05,-1.706464e-05,-5.088359e-06,9.860362e-06,2.838370e-05,4.961663e-05,7.152753e-05,9.334624e-05
-1.377520e-04,4.467677e-06,-4.087897e-07,9.827989e-05,6.001759e-05,1.979099e-05,9.008964e-07,-4.034023e-05,-5.910012e-05,-2.821589e-06,3.328449e-05,1.762452e-05,-2.929198e-06,-2.028240e-05,-2.832796e-05,-3.910852e-05,-5.611823e-05,-6.601895e-05,-6.571624e-05,-5.617343e-05,-4.606888e-05,1.377635e-03,1.341377e-03,1.305086e-03,1.268932e-03,1.232298e-03,1.192271e-03,1.129455e-03,1.066780e-03,1.008303e-03,9.558335e-04,9.099262e-04,8.704282e-04,8.353126e-04,8.028676e-04,7.719639e-04,7.418581e-04,7.119389e-04,6.819576e-04,-1.434789e-04,-1.375529e-04,-1.315884e-04,-1.245788e-04,-1.117834e-04,-9.235532e-05,-6.856610e-05,-4.445176e-05,-2.359325e-05,-7.321015e-06,4.124013e-06,1.106232e-05,1.326203e-05,1.129150e-05,6.510534e-06,-1.477412e-09,-7.648458e-06,-1.528333e-05,-1.149066e-03,-1.097155e-03,-1.045147e-03,-9.930992e-04,-9.436236e-04,-8.973365e-04,-8.565070e-04,-8.200625e-04,-7.871973e-04,-7.554923e-04,-7.267807e-04,-7.024165e-04,-6.818910e-04,-6.634617e-04,-6.465091e-04,-6.315944e-04,-6.180404e-04,-6.043731e-04,1.178226e-04,1.025198e-04,8.724259e-05,7.140724e-05,5.305262e-05,3.221265e-05,1.112830e-05,-7.251396e-06,-1.978523e-05,-2.504713e-05,-2.293944e-05,-1.487396e-05,-3.179574e-06,1.136247e-05,2.942286e-05,5.018954e-05,7.162203e-05,9.296339e-05
-1.377534e-04,4.778674e-06,-2.875944e-07,7.593051e-05,4.379721e-05,1.045929e-05,-8.174875e-06,-3.704434e-05,-4.343749e-05,1.236526e-05,4.087267e-05,8.590552e-06,-3.141578e-05,-6.901669e-05,-8.354908e-05,-7.985958e-05,-6.858215e-05,-4.718872e-05,-2.284854e-05,7.421670e-06,3.848076e-05,1.023808e-03,1.045750e-03,1.067708e-03,1.089611e-03,1.111742e-03,1.129455e-03,1.140096e-03,1.118698e-03,1.087299e-03,1.047718e-03,1.004953e-03,9.620147e-04,9.195659e-04,8.773403e-04,8.355411e-04,7.945860e-04,7.538708e-04,7.130893e-04,-1.162463e-04,-1.065968e-04,-9.692929e-05,-8.644734e-05,-7.210396e-05,-5.346430e-05,-3.217742e-05,-1.150097e-05,5.733449e-06,1.905682e-05,2.948663e-05,3.732756e-05,4.232401e-05,4.477930e-05,4.564861e-05,4.542202e-05,4.434872e-05,4.326623e-05,-1.162118e-03,-1.108733e-03,-1.055258e-03,-1.001680e-03,-9.503944e-04,-9.020480e-04,-8.589824e-04,-8.203021e-04,-7.853445e-04,-7.517894e-04,-7.215340e-04,-6.959963e-04,-6.746383e-04,-6.556209e-04,-6.382631e-04,-6.231050e-04,-6.093605e-04,-5.954968e-04,1.189184e-04,1.034001e-04,8.790943e-05,7.188285e-05,5.359705e-05,3.309825e-05,1.251108e-05,-5.316426e-06,-1.732479e-05,-2.219933e-05,-1.999451e-05,-1.208727e-05,-7.560910e-07,1.327218e-05,3.072982e-05,5.086611e-05,7.164642e-05,9.233742e-05
-1.374271e-04,5.144238e-06,-1.496849e-07,5.535031e-05,2.942458e-05,2.901375e-06,-1.419972e-05,-3.202294e-05,-2.833613e-05,2.393910e-05,4.416559e-05,-3.658122e-06,-6.294269e-05,-1.203052e-04,-1.403630e-04,-1.202046e-04,-7.793801e-05,-2.214899e-05,2.870010e-05,8.141780e-05,1.351849e-04,7.676325e-04,8.278924e-04,8.881486e-04,9.484231e-04,1.008649e-03,1.066780e-03,1.118698e-03,1.157026e-03,1.155855e-03,1.134863e-03,1.098940e-03,1.055734e-03,1.008495e-03,9.586597e-04,9.078960e-04,8.579513e-04,8.083065e-04,7.585914e-04,-9.363733e-05,-8.158897e-05,-6.953822e-05,-5.685732e-05,-4.183627e-05,-2.433644e-05,-5.447389e-06,1.228874e-05,2.671680e-05,3.821072e-05,4.897726e-05,5.929788e-05,6.889698e-05,7.779545e-05,8.654163e-05,9.496289e-05,1.028933e-04,1.107901e-04,-1.170805e-03,-1.116393e-03,-1.061898e-03,-1.007240e-03,-9.546185e-04,-9.046658e-04,-8.597341e-04,-8.190621e-04,-7.821454e-04,-7.467896e-04,-7.149666e-04,-6.881718e-04,-6.658570e-04,-6.461001e-04,-6.281697e-04,-6.125957e-04,-5.984882e-04,-5.842555e-04,1.200558e-04,1.045043e-04,8.898168e-05,7.293984e-05,5.484704e-05,3.475640e-05,1.468836e-05,-2.604035e-06,-1.413484e-05,-1.869583e-05,-1.648134e-05,-8.830049e-06,2.033184e-06,1.543609e-05,3.216523e-05,5.153463e-05,7.152000e-05,9.141842e-05
-1.368977e-04,5.442625e-06,1.529585e-07,3.611101e-05,1.586199e-05,-4.541443e-06,-1.934913e-05,-2.780000e-05,-1.697172e-05,2.887525e-05,4.009977e-05,-2.112814e-05,-9.834976e-05,-1.736465e-04,-1.973175e-04,-1.580538e-04,-8.170939e-05,1.188327e-05,9.170295e-05,1.680206e-04,2.457086e-04,5.963200e-04,6.789551e-04,7.615870e-04,8.442343e-04,9.268391e-04,1.008303e-03,1.087299e-03,1.155855e-03,1.205845e-03,1.208933e-03,1.187728e-03,1.149991e-03,1.103135e-03,1.050192e-03,9.946085e-04,9.396759e-04,8.851181e-04,8.304852e-04,-7.381453e-05,-6.173217e-05,-4.965894e-05,-3.708803e-05,-2.327021e-05,-8.209727e-06,7.582658e-06,2.232198e-05,3.456224e-05,4.548059e-05,5.828524e-05,7.320506e-05,8.993039e-05,1.081590e-04,1.280184e-04,1.485586e-04,1.690806e-04,1.895387e-04,-1.175939e-03,-1.120977e-03,-1.065935e-03,-1.010681e-03,-9.572316e-04,-9.061658e-04,-8.597903e-04,-8.174349e-04,-7.787350e-04,-7.416192e-04,-7.081362e-04,-6.798707e-04,-6.562937e-04,-6.354268e-04,-6.165121e-04,-6.000960e-04,-5.852012e-04,-5.701750e-04,1.201701e-04,1.048068e-04,8.947408e-05,7.362912e-05,5.588446e-05,3.630455e-05,1.681822e-05,8.261421e-08,-1.099062e-05,-1.529531e-05,-1.314211e-05,-5.823605e-06,4.496354e-06,1.720289e-05,3.312881e-05,5.165374e-05,7.076136e-05,8.978466e-05
-1.361474e-04,5.511090e-06,4.981561e-07,1.897521e-05,3.736632e-06,-1.137003e-05,-2.342261e-05,-2.381442e-05,-7.972591e-06,3.023115e-05,3.310280e-05,-3.846561e-05,-1.317551e-04,-2.229925e-04,-2.489013e-04,-1.889171e-04,-7.630144e-05,5.787690e-05,1.685606e-04,2.685959e-04,3.703928e-04,4.932098e-04,5.858060e-04,6.783955e-04,7.710135e-04,8.635373e-04,9.558335e-04,1.047718e-03,1.134863e-03,1.208933e-03,1.259365e-03,1.260621e-03,1.238399e-03,1.199875e-03,1.151241e-03,1.097656e-03,1.044353e-03,9.915096e-04,9.385876e-04,-5.457138e-05,-4.503539e-05,-3.551663e-05,-2.559125e-05,-1.514430e-05,-4.172192e-06,7.437784e-06,1.872340e-05,2.900446e-05,4.027595e-05,5.648919e-05,7.782005e-05,1.039575e-04,1.342716e-04,1.684548e-04,2.046400e-04,2.414402e-04,2.781396e-04,-1.177373e-03,-1.122341e-03,-1.067233e-03,-1.011871e-03,-9.581093e-04,-9.064428e-04,-8.590909e-04,-8.154266e-04,-7.751874e-04,-7.363994e-04,-7.011833e-04,-6.712270e-04,-6.460592e-04,-6.236765e-04,-6.033164e-04,-5.855708e-04,-5.694023e-04,-5.530955e-04,1.181841e-04,1.031759e-04,8.819951e-05,7.271690e-05,5.545024e-05,3.648029e-05,1.765488e-05,1.534579e-06,-9.050070e-06,-1.309243e-05,-1.098733e-05,-3.984724e-06,5.802833e-06,1.780781e-05,3.289897e-05,5.052899e-05,6.869668e-05,8.678354e-05
-1.353160e-04,5.342453e-06,8.141377e-07,4.030812e-06,-6.744582e-06,-1.722402e-05,-2.626171e-05,-1.982209e-05,-7.080643e-07,2.943352e-05,2.536664e-05,-5.281184e-05,-1.582812e-04,-2.617535e-04,-2.888993e-04,-2.080474e-04,-5.849817e-05,1.177470e-04,2.600041e-04,3.821939e-04,5.066161e-04,4.427087e-04,5.361117e-04,6.295066e-04,7.229354e-04,8.162485e-04,9.099262e-04,1.004953e-03,1.098940e-03,1.187728e-03,1.260621e-03,1.309758e-03,1.312818e-03,1.294773e-03,1.260597e-03,1.218747e-03,1.176425e-03,1.134682e-03,1.092853e-03,-3.508579e-05,-3.023593e-05,-2.540849e-05,-2.024091e-05,-1.500683e-05,-9.596956e-06,-3.265086e-06,3.872319e-06,1.191763e-05,2.368832e-05,4.372348e-05,7.228337e-05,1.091585e-04,1.534600e-04,2.044320e-04,2.591278e-04,3.152800e-04,3.712861e-04,-1.176474e-03,-1.121756e-03,-1.066967e-03,-1.011887e-03,-9.582313e-04,-9.063903e-04,-8.584671e-04,-8.138336e-04,-7.722892e-04,-7.319240e-04,-6.949066e-04,-6.630225e-04,-6.359032e-04,-6.115549e-04,-5.892306e-04,-5.696018e-04,-5.516075e-04,-5.334678e-04,1.143355e-04,9.974996e-05,8.519696e-05,7.014670e-05,5.340603e-05,3.507821e-05,1.694389e-05,1.474247e-06,-8.579725e-06,-1.230123e-05,-1.014805e-05,-3.351480e-06,6.001682e-06,1.736926e-05,3.164715e-05,4.837269e-05,6.557287e-05,8.269694e-05
