3.164113e-05,-4.995155e-07,-1.304373e-07,8.152131e-07,1.256219e-06,1.676966e-06,1.755329e-06,1.728933e-06,1.896377e-06,2.985525e-06,3.109990e-06,1.912252e-06,1.133382e-06,9.556549e-07,3.990482e-07,9.914446e-07,3.647231e-06,6.001955e-06,8.071247e-06,1.019819e-05,1.208776e-05,-1.970458e-04,-1.975346e-04,-1.980222e-04,-1.985148e-04,-1.989895e-04,-1.992673e-04,-1.992689e-04,-1.987964e-04,-1.980302e-04,-1.969446e-04,-1.957416e-04,-1.946154e-04,-1.934926e-04,-1.922707e-04,-1.909497e-04,-1.896256e-04,-1.883691e-04,-1.870973e-04,1.475023e-06,2.264176e-06,3.052637e-06,3.801803e-06,4.433458e-06,4.986686e-06,5.358084e-06,5.583210e-06,5.640891e-06,5.470199e-06,5.211534e-06,4.925742e-06,4.783058e-06,4.819312e-06,4.911662e-06,5.008403e-06,5.173439e-06,5.345311e-06,2.716586e-04,2.605572e-04,2.494385e-04,2.382607e-04,2.274406e-04,2.170100e-04,2.073480e-04,1.982196e-04,1.895251e-04,1.808379e-04,1.726630e-04,1.653809e-04,1.589386e-04,1.529698e-04,1.473396e-04,1.421888e-04,1.373656e-04,1.325148e-04,-2.266109e-05,-1.906076e-05,-1.546763e-05,-1.177153e-05,-7.672827e-06,-3.215461e-06,1.179973e-06,4.937346e-06,7.430276e-06,8.368813e-06,7.720935e-06,5.782931e-06,3.065804e-06,-2.684990e-07,-4.390117e-06,-9.124711e-06,-1.400447e-05,-1.886392e-05
-4.995155e-07,3.011872e-05,-7.887215e-08,2.530961e-06,1.782020e-06,1.566146e-06,1.080509e-06,3.669422e-07,4.346165e-07,1.419451e-06,1.738405e-06,1.818400e-06,5.365930e-07,-9.254621e-07,-2.836871e-06,-3.231518e-06,-2.500445e-06,6.953571e-08,4.587937e-06,9.038597e-06,1.330991e-05,5.516480e-06,5.666520e-06,5.818003e-06,5.964740e-06,6.128596e-06,6.460181e-06,6.910067e-06,7.439063e-06,7.871033e-06,7.970551e-06,7.727168e-06,7.161127e-06,6.402289e-06,5.481948e-06,4.331640e-06,3.004339e-06,1.628809e-06,2.625709e-07,-1.934755e-04,-1.924220e-04,-1.913477e-04,-1.901165e-04,-1.889044e-04,-1.876072e-04,-1.863479e-04,-1.851544e-04,-1.840448e-04,-1.830217e-04,-1.822858e-04,-1.817114e-04,-1.812778e-04,-1.810443e-04,-1.809115e-04,-1.807616e-04,-1.805648e-04,-1.803572e-04,-2.157121e-05,-1.811679e-05,-1.466845e-05,-1.113013e-05,-7.234751e-06,-3.011650e-06,1.136579e-06,4.659611e-06,6.984050e-06,7.830381e-06,7.176317e-06,5.307241e-06,2.722748e-06,-4.027518e-07,-4.228758e-06,-8.609353e-06,-1.311414e-05,-1.759975e-05,1.986854e-04,2.018687e-04,2.050414e-04,2.077740e-04,2.096878e-04,2.098808e-04,2.079391e-04,2.035124e-04,1.971226e-04,1.892144e-04,1.808693e-04,1.723049e-04,1.637714e-04,1.556239e-04,1.478101e-04,1.399715e-04,1.319638e-04,1.239546e-04
-1.304373e-07,-7.887215e-08,6.426986e-06,-5.317378e-05,-5.410197e-05,-5.479965e-05,-5.417820e-05,-5.448789e-05,-5.401571e-05,-5.476776e-05,-5.403838e-05,-5.312510e-05,-4.931088e-05,-4.642725e-05,-4.469509e-05,-4.375155e-05,-4.362687e-05,-4.403178e-05,-4.474986e-05,-4.565059e-05,-4.643644e-05,-4.243075e-06,-3.468507e-06,-2.693375e-06,-1.919262e-06,-1.139105e-06,-5.999218e-07,-4.246206e-07,-2.251180e-07,2.126811e-07,7.120448e-07,1.169154e-06,1.533420e-06,1.843774e-06,2.138661e-06,2.407454e-06,2.690548e-06,3.003981e-06,3.311246e-06,2.467443e-06,1.653941e-06,8.298190e-07,2.630393e-07,7.246990e-08,-6.586332e-08,-2.954478e-07,-6.223795e-07,-1.086927e-06,-1.478734e-06,-1.623664e-06,-1.591567e-06,-1.420707e-06,-1.200968e-06,-9.569749e-07,-6.848718e-07,-4.283921e-07,-1.764007e-07,1.240028e-06,1.262975e-07,-9.883055e-07,-2.095237e-06,-3.225689e-06,-4.138515e-06,-4.664275e-06,-5.086005e-06,-5.430872e-06,-5.260497e-06,-4.236235e-06,-2.192872e-06,8.457593e-07,4.637302e-06,8.796552e-06,1.304330e-05,1.726651e-05,2.148669e-05,-2.831227e-06,-1.948043e-06,-1.039064e-06,-4.146238e-07,-2.292181e-07,-1.905231e-07,-1.836400e-07,-1.996858e-07,-1.904297e-07,-3.765249e-07,-8.569352e-07,-1.365390e-06,-1.513337e-06,-1.044712e-06,9.178645e-08,1.714661e-06,3.500760e-06,5.272320e-06
8.152131e-07,2.530961e-06,-5.317378e-05,3.037918e-03,1.588349e-03,5.885932e-04,2.290833e-04,2.506246e-04,3.386288e-04,4.359886e-04,4.752199e-04,4.741307e-04,4.373003e-04,3.902184e-04,3.443193e-04,3.088859e-04,2.986922e-04,3.141662e-04,3.482516e-04,3.935505e-04,4.372856e-04,3.052839e-04,2.730669e-04,2.408761e-04,2.084880e-04,1.758565e-04,1.421990e-04,1.098703e-04,8.010061e-05,5.227038e-05,2.748282e-05,5.865085e-06,-1.289646e-05,-2.981695e-05,-4.552895e-05,-6.044792e-05,-7.525698e-05,-9.046847e-05,-1.056145e-04,-1.000117e-03,-8.047386e-04,-6.077677e-04,-4.305622e-04,-2.828594e-04,-1.636482e-04,-7.141555e-05,-2.280664e-06,4.715787e-05,7.870197e-05,9.511595e-05,1.000208e-04,9.650656e-05,8.806645e-05,7.661616e-05,6.313597e-05,4.896039e-05,3.487064e-05,-2.214204e-05,-1.097469e-05,1.968257e-07,1.110836e-05,2.194238e-05,3.125860e-05,3.754266e-05,4.252104e-05,4.626455e-05,4.517623e-05,3.653917e-05,1.910151e-05,-6.822631e-06,-3.916946e-05,-7.468204e-05,-1.109895e-04,-1.471012e-04,-1.831899e-04,7.114042e-05,5.238198e-05,3.320339e-05,1.841477e-05,1.001423e-05,5.541578e-06,3.711930e-06,3.697756e-06,4.622971e-06,7.869989e-06,1.387499e-05,2.023296e-05,2.360582e-05,2.178103e-05,1.436535e-05,2.909642e-06,-9.878120e-06,-2.254686e-05
1.256219e-06,1.782020e-06,-5.410197e-05,1.588349e-03,1.164278e-03,6.349910e-04,4.056917e-04,3.703821e-04,3.930194e-04,4.438918e-04,4.646989e-04,4.665496e-04,4.364279e-04,4.010715e-04,3.684031e-04,3.428100e-04,3.332335e-04,3.386102e-04,3.553247e-04,3.789466e-04,4.012579e-04,2.264125e-04,1.984266e-04,1.704488e-04,1.423717e-04,1.139557e-04,8.685346e-05,6.339023e-05,4.259970e-05,2.298087e-05,5.441017e-06,-9.720578e-06,-2.256717e-05,-3.389768e-05,-4.428499e-05,-5.401400e-05,-6.372191e-05,-7.376978e-05,-8.375763e-05,-5.535647e-04,-4.365907e-04,-3.184543e-04,-2.146709e-04,-1.322584e-04,-6.767712e-05,-1.874234e-05,1.708021e-05,4.228968e-05,5.739261e-05,6.340071e-05,6.254454e-05,5.665014e-05,4.794823e-05,3.748308e-05,2.578723e-05,1.376745e-05,1.812668e-06,-1.622311e-05,-5.404993e-06,5.419409e-06,1.605332e-05,2.675498e-05,3.566079e-05,4.122914e-05,4.554010e-05,4.879291e-05,4.736469e-05,3.847383e-05,2.079988e-05,-5.389616e-06,-3.802532e-05,-7.382522e-05,-1.103934e-04,-1.467580e-04,-1.830986e-04,5.303378e-05,3.832169e-05,2.324298e-05,1.200350e-05,6.450996e-06,3.851782e-06,2.937940e-06,3.168429e-06,3.813652e-06,6.445503e-06,1.167283e-05,1.715395e-05,1.956226e-05,1.670098e-05,8.169396e-06,-4.475206e-06,-1.848640e-05,-3.237562e-05
1.676966e-06,1.566146e-06,-5.479965e-05,5.885932e-04,6.349910e-04,7.189456e-04,5.758402e-04,4.912331e-04,4.444845e-04,4.492051e-04,4.513313e-04,4.567788e-04,4.338790e-04,4.105279e-04,3.913459e-04,3.759116e-04,3.670666e-04,3.620029e-04,3.606140e-04,3.615893e-04,3.615223e-04,1.382429e-04,1.157850e-04,9.331686e-05,7.084715e-05,4.794509e-05,2.866624e-05,1.516742e-05,4.234379e-06,-6.532107e-06,-1.641005e-05,-2.487819e-05,-3.168712e-05,-3.736858e-05,-4.241128e-05,-4.695160e-05,-5.156517e-05,-5.645257e-05,-6.128578e-05,-9.184842e-05,-5.550716e-05,-1.844466e-05,9.508277e-06,2.421210e-05,3.191269e-05,3.553458e-05,3.629736e-05,3.583918e-05,3.337843e-05,2.814469e-05,2.092212e-05,1.222281e-05,2.954665e-06,-6.760891e-06,-1.686382e-05,-2.689911e-05,-3.689142e-05,-1.117503e-05,-5.919076e-07,9.999281e-06,2.045791e-05,3.111236e-05,3.968058e-05,4.460821e-05,4.831990e-05,5.113808e-05,4.942565e-05,4.034450e-05,2.251208e-05,-3.844684e-06,-3.665622e-05,-7.263202e-05,-1.093581e-04,-1.458767e-04,-1.823700e-04,3.679093e-05,2.650452e-05,1.590724e-05,8.589743e-06,6.205335e-06,5.713183e-06,5.853376e-06,6.369763e-06,6.693436e-06,8.592250e-06,1.287208e-05,1.727754e-05,1.851952e-05,1.443932e-05,4.635092e-06,-9.340430e-06,-2.471568e-05,-3.996644e-05
1.755329e-06,1.080509e-06,-5.417820e-05,2.290833e-04,4.056917e-04,5.758402e-04,7.249756e-04,5.841919e-04,4.922964e-04,4.516155e-04,4.365213e-04,4.405298e-04,4.219635e-04,4.077887e-04,3.980915e-04,3.887042e-04,3.796904e-04,3.689448e-04,3.586773e-04,3.486981e-04,3.378164e-04,1.363253e-04,1.082892e-04,8.022543e-05,5.224657e-05,2.374532e-05,1.341843e-06,-1.178728e-05,-2.050305e-05,-2.795230e-05,-3.384500e-05,-3.795204e-05,-4.025603e-05,-4.139231e-05,-4.192077e-05,-4.198836e-05,-4.219262e-05,-4.263580e-05,-4.302852e-05,1.211063e-04,1.157646e-04,1.107730e-04,1.003814e-04,8.153447e-05,6.201275e-05,4.515918e-05,3.107659e-05,2.061676e-05,1.217524e-05,3.934749e-06,-4.049894e-06,-1.194328e-05,-1.948137e-05,-2.689906e-05,-3.432263e-05,-4.150613e-05,-4.865690e-05,-1.152283e-05,-6.934180e-07,1.014504e-05,2.088557e-05,3.192876e-05,4.064487e-05,4.537069e-05,4.875405e-05,5.122812e-05,4.926264e-05,4.008688e-05,2.234458e-05,-3.752033e-06,-3.616857e-05,-7.166871e-05,-1.078776e-04,-1.438764e-04,-1.798503e-04,2.431036e-05,1.677731e-05,8.987934e-06,4.006062e-06,3.440108e-06,4.119578e-06,4.807753e-06,5.454255e-06,5.614795e-06,7.146744e-06,1.095125e-05,1.485061e-05,1.562649e-05,1.116836e-05,1.068166e-06,-1.315352e-05,-2.876265e-05,-4.424843e-05
1.728933e-06,3.669422e-07,-5.448789e-05,2.506246e-04,3.703821e-04,4.912331e-04,5.841919e-04,7.090526e-04,5.823233e-04,5.003830e-04,4.470589e-04,4.312447e-04,4.030947e-04,3.907252e-04,3.883885e-04,3.894953e-04,3.914190e-04,3.927634e-04,3.929857e-04,3.917683e-04,3.897426e-04,-8.116580e-06,-1.933324e-05,-3.058166e-05,-4.171605e-05,-5.331827e-05,-5.831621e-05,-5.354905e-05,-4.628579e-05,-4.017733e-05,-3.441211e-05,-2.863708e-05,-2.269282e-05,-1.684823e-05,-1.134738e-05,-5.947411e-06,-8.367787e-07,4.056445e-06,8.998969e-06,1.125694e-04,9.473026e-05,7.698643e-05,5.665594e-05,3.186022e-05,1.035194e-05,-4.881813e-06,-1.458932e-05,-1.868819e-05,-1.943320e-05,-1.917302e-05,-1.798286e-05,-1.621305e-05,-1.373139e-05,-1.064518e-05,-7.251368e-06,-3.466896e-06,3.421421e-07,-9.344639e-06,1.025740e-06,1.140599e-05,2.171092e-05,3.233415e-05,4.053419e-05,4.461915e-05,4.755220e-05,4.981459e-05,4.778948e-05,3.868398e-05,2.112268e-05,-4.723396e-06,-3.683388e-05,-7.198038e-05,-1.078173e-04,-1.434457e-04,-1.790486e-04,1.521367e-05,9.155256e-06,2.875332e-06,-9.157574e-07,-6.970102e-07,3.901819e-07,1.190781e-06,1.777209e-06,1.792353e-06,3.186685e-06,6.904858e-06,1.075653e-05,1.150396e-05,7.013194e-06,-3.163454e-06,-1.748911e-05,-3.321456e-05,-4.881547e-05
1.896377e-06,4.346165e-07,-5.401571e-05,3.386288e-04,3.930194e-04,4.444845e-04,4.922964e-04,5.823233e-04,7.067338e-04,5.725207e-04,4.847038e-04,4.289817e-04,3.810296e-04,3.608904e-04,3.604826e-04,3.709965e-04,3.863782e-04,4.036250e-04,4.180790e-04,4.300336e-04,4.412545e-04,-1.333330e-04,-1.247640e-04,-1.162171e-04,-1.075907e-04,-9.924670e-05,-8.545540e-05,-6.279862e-05,-4.095374e-05,-2.451443e-05,-1.149662e-05,-9.880640e-07,7.692214e-06,1.486042e-05,2.070712e-05,2.595511e-05,3.087386e-05,3.559253e-05,4.035912e-05,6.245055e-05,4.705171e-05,3.166985e-05,1.464859e-05,-5.339795e-06,-2.208698e-05,-3.282969e-05,-3.778936e-05,-3.651027e-05,-3.150627e-05,-2.509680e-05,-1.733437e-05,-8.665406e-06,9.821301e-07,1.159691e-05,2.271820e-05,3.432052e-05,4.594085e-05,-4.817069e-06,4.634697e-06,1.409541e-05,2.348739e-05,3.314576e-05,4.050956e-05,4.382499e-05,4.630185e-05,4.850550e-05,4.666490e-05,3.794318e-05,2.093862e-05,-4.218192e-06,-3.554668e-05,-6.987319e-05,-1.049025e-04,-1.397330e-04,-1.745373e-04,1.457796e-05,8.848126e-06,2.909467e-06,-6.745166e-07,-4.569914e-07,6.719107e-07,1.604537e-06,2.309600e-06,2.368722e-06,3.748323e-06,7.382587e-06,1.110405e-05,1.172441e-05,7.138595e-06,-3.111330e-06,-1.748591e-05,-3.325608e-05,-4.890212e-05
2.985525e-06,1.419451e-06,-5.476776e-05,4.359886e-04,4.438918e-04,4.492051e-04,4.516155e-04,5.003830e-04,5.725207e-04,7.036564e-04,5.779048e-04,4.776171e-04,3.852122e-04,3.389470e-04,3.274885e-04,3.393648e-04,3.647700e-04,3.977808e-04,4.298321e-04,4.621139e-04,4.935172e-04,-7.671598e-05,-6.276486e-05,-4.882235e-05,-3.485273e-05,-2.096522e-05,-4.047110e-06,1.792189e-05,3.466437e-05,4.180506e-05,4.376661e-05,4.261284e-05,3.950965e-05,3.488066e-05,2.900035e-05,2.273757e-05,1.642512e-05,9.878384e-06,3.382097e-06,-1.221374e-05,-1.645155e-05,-2.065510e-05,-2.637601e-05,-3.404914e-05,-3.916885e-05,-3.958587e-05,-3.510692e-05,-2.495507e-05,-1.282295e-05,-1.005483e-06,1.076852e-05,2.224779e-05,3.378456e-05,4.566409e-05,5.756724e-05,6.971861e-05,8.189858e-05,7.891591e-06,1.613377e-05,2.438386e-05,3.256044e-05,4.094484e-05,4.730327e-05,5.002852e-05,5.238319e-05,5.485571e-05,5.323418e-05,4.450094e-05,2.722416e-05,1.574358e-06,-3.042401e-05,-6.555058e-05,-1.014537e-04,-1.371546e-04,-1.728293e-04,2.293151e-05,1.700837e-05,1.087158e-05,7.088351e-06,6.966434e-06,7.804706e-06,8.527186e-06,8.984032e-06,8.677776e-06,9.727130e-06,1.308416e-05,1.653685e-05,1.687457e-05,1.196861e-05,1.335945e-06,-1.346466e-05,-2.966977e-05,-4.574968e-05
3.109990e-06,1.738405e-06,-5.403838e-05,4.752199e-04,4.646989e-04,4.513313e-04,4.365213e-04,4.470589e-04,4.847038e-04,5.779048e-04,6.998651e-04,5.525568e-04,4.340467e-04,3.531178e-04,3.195727e-04,3.148574e-04,3.321975e-04,3.646637e-04,4.028945e-04,4.458370e-04,4.876358e-04,1.129840e-05,1.835019e-05,2.539959e-05,3.245147e-05,3.950505e-05,4.818341e-05,5.916053e-05,6.392412e-05,5.804278e-05,4.792125e-05,3.673033e-05,2.543017e-05,1.374798e-05,1.635823e-06,-1.036997e-05,-2.226273e-05,-3.445366e-05,-4.658885e-05,-5.498235e-05,-5.081987e-05,-4.659539e-05,-4.393431e-05,-4.262408e-05,-3.886459e-05,-3.079942e-05,-1.805544e-05,5.192811e-07,1.876826e-05,3.309328e-05,4.428289e-05,5.275006e-05,5.954111e-05,6.540249e-05,7.045798e-05,7.537720e-05,8.034646e-05,1.051776e-05,1.820984e-05,2.590936e-05,3.353627e-05,4.134540e-05,4.734376e-05,5.013635e-05,5.271782e-05,5.561441e-05,5.436764e-05,4.583993e-05,2.864324e-05,3.033790e-06,-2.895041e-05,-6.409361e-05,-1.000327e-04,-1.357678e-04,-1.714785e-04,2.675724e-05,2.070305e-05,1.443481e-05,1.048778e-05,1.003436e-05,1.048705e-05,1.079320e-05,1.076046e-05,9.827580e-06,1.038227e-05,1.352824e-05,1.701314e-05,1.759545e-05,1.311222e-05,3.056950e-06,-1.106028e-05,-2.653505e-05,-4.188857e-05
1.912252e-06,1.818400e-06,-5.312510e-05,4.741307e-04,4.665496e-04,4.567788e-04,4.405298e-04,4.312447e-04,4.289817e-04,4.776171e-04,5.525568e-04,6.981892e-04,5.823948e-04,4.864096e-04,3.999838e-04,3.336255e-04,2.967114e-04,2.852803e-04,2.958776e-04,3.189827e-04,3.403741e-04,9.879582e-05,8.392959e-05,6.906224e-05,5.419097e-05,3.932476e-05,2.553044e-05,1.246234e-05,-5.256280e-06,-3.052795e-05,-5.560791e-05,-7.636083e-05,-9.226921e-05,-1.051607e-04,-1.160309e-04,-1.257127e-04,-1.353814e-04,-1.454881e-04,-1.555243e-04,-7.998616e-05,-5.659214e-05,-3.311209e-05,-1.145652e-05,8.143202e-06,2.824753e-05,4.946488e-05,7.098290e-05,9.288780e-05,1.069522e-04,1.081829e-04,9.890698e-05,8.186420e-05,6.006087e-05,3.481936e-05,7.291127e-06,-2.102260e-05,-4.924138e-05,-1.537702e-06,6.842099e-06,1.522873e-05,2.355494e-05,3.207667e-05,3.893525e-05,4.292644e-05,4.667313e-05,5.057471e-05,5.008947e-05,4.198010e-05,2.487016e-05,-8.462284e-07,-3.308101e-05,-6.853155e-05,-1.047577e-04,-1.407763e-04,-1.767733e-04,3.416299e-05,2.666919e-05,1.896358e-05,1.354601e-05,1.153378e-05,1.044239e-05,9.308755e-06,8.070615e-06,6.298939e-06,6.611977e-06,1.029080e-05,1.491178e-05,1.699456e-05,1.421370e-05,6.085726e-06,-5.961842e-06,-1.929994e-05,-3.252292e-05
1.133382e-06,5.365930e-07,-4.931088e-05,4.373003e-04,4.364279e-04,4.338790e-04,4.219635e-04,4.030947e-04,3.810296e-04,3.852122e-04,4.340467e-04,5.823948e-04,7.679863e-04,6.606701e-04,5.363278e-04,3.870201e-04,2.678446e-04,1.759140e-04,1.244583e-04,9.446326e-05,6.220506e-05,2.003725e-04,1.593496e-04,1.183263e-04,7.729616e-05,3.626801e-05,-4.201585e-06,-4.540927e-05,-9.101519e-05,-1.422340e-04,-1.905570e-04,-2.289288e-04,-2.550772e-04,-2.722238e-04,-2.829106e-04,-2.903703e-04,-2.978326e-04,-3.058705e-04,-3.138266e-04,-8.152152e-05,-4.601895e-05,-1.042038e-05,2.327808e-05,5.454377e-05,8.487556e-05,1.136452e-04,1.388190e-04,1.591366e-04,1.655603e-04,1.500774e-04,1.158472e-04,6.861471e-05,1.335142e-05,-4.836604e-05,-1.140909e-04,-1.813850e-04,-2.485337e-04,-7.765777e-06,2.777068e-07,8.327264e-06,1.632582e-05,2.451270e-05,3.125320e-05,3.562444e-05,3.999362e-05,4.464530e-05,4.529158e-05,3.851346e-05,2.269502e-05,-1.689240e-06,-3.257539e-05,-6.663764e-05,-1.013921e-04,-1.359344e-04,-1.704609e-04,3.064412e-05,2.220051e-05,1.356049e-05,7.058720e-06,3.704685e-06,1.249058e-06,-1.118622e-06,-3.323330e-06,-5.633779e-06,-5.477453e-06,-1.241219e-06,4.664579e-06,8.594980e-06,8.138924e-06,2.883643e-06,-5.926129e-06,-1.587109e-05,-2.571405e-05
9.556549e-07,-9.254621e-07,-4.642725e-05,3.902184e-04,4.010715e-04,4.105279e-04,4.077887e-04,3.907252e-04,3.608904e-04,3.389470e-04,3.531178e-04,4.864096e-04,6.606701e-04,8.723833e-04,7.503727e-04,5.615824e-04,3.463457e-04,1.318363e-04,-3.974801e-05,-1.886634e-04,-3.398616e-04,3.184712e-04,2.488646e-04,1.792578e-04,1.096422e-04,4.002633e-05,-2.930318e-05,-9.980038e-05,-1.739926e-04,-2.511542e-04,-3.225360e-04,-3.786059e-04,-4.145037e-04,-4.331513e-04,-4.392564e-04,-4.393331e-04,-4.394007e-04,-4.400323e-04,-4.405888e-04,-3.754745e-05,-1.397373e-05,9.704732e-06,3.130803e-05,5.002123e-05,6.672157e-05,8.033278e-05,8.860859e-05,8.980878e-05,7.631033e-05,3.914546e-05,-1.844335e-05,-8.908035e-05,-1.675401e-04,-2.533413e-04,-3.433727e-04,-4.351141e-04,-5.266993e-04,-9.991361e-06,-2.219226e-06,5.557778e-06,1.329093e-05,2.122722e-05,2.791535e-05,3.260680e-05,3.751838e-05,4.278078e-05,4.439230e-05,3.879619e-05,2.404273e-05,4.909875e-07,-2.974566e-05,-6.319662e-05,-9.722987e-05,-1.310418e-04,-1.648409e-04,2.193403e-05,1.320188e-05,4.284105e-06,-2.579354e-06,-6.409430e-06,-9.240062e-06,-1.177938e-05,-1.390938e-05,-1.582691e-05,-1.521095e-05,-1.036584e-05,-3.629200e-06,1.299380e-06,2.029360e-06,-1.712347e-06,-8.827406e-06,-1.699850e-05,-2.507405e-05
3.990482e-07,-2.836871e-06,-4.469509e-05,3.443193e-04,3.684031e-04,3.913459e-04,3.980915e-04,3.883885e-04,3.604826e-04,3.274885e-04,3.195727e-04,3.999838e-04,5.363278e-04,7.503727e-04,9.514113e-04,7.757307e-04,5.228660e-04,1.978544e-04,-1.042378e-04,-3.988068e-04,-6.943817e-04,3.574144e-04,2.776722e-04,1.979292e-04,1.181780e-04,3.841465e-05,-4.094350e-05,-1.208242e-04,-2.030091e-04,-2.853972e-04,-3.600160e-04,-4.178749e-04,-4.537881e-04,-4.672264e-04,-4.640302e-04,-4.532171e-04,-4.425888e-04,-4.322637e-04,-4.218953e-04,3.125634e-05,3.397168e-05,3.679653e-05,3.726083e-05,3.394918e-05,2.715053e-05,1.558480e-05,-2.952060e-06,-3.039330e-05,-7.218931e-05,-1.354957e-04,-2.153002e-04,-3.028434e-04,-3.930673e-04,-4.871900e-04,-5.828938e-04,-6.791792e-04,-7.753735e-04,-1.518821e-05,-7.430800e-06,3.310382e-07,8.048174e-06,1.596116e-05,2.268855e-05,2.750595e-05,3.254198e-05,3.781728e-05,3.965923e-05,3.474097e-05,2.112170e-05,-1.339564e-06,-3.055125e-05,-6.289992e-05,-9.568425e-05,-1.282520e-04,-1.608041e-04,9.288643e-06,1.195662e-07,-9.228696e-06,-1.653654e-05,-2.075949e-05,-2.372262e-05,-2.603051e-05,-2.751203e-05,-2.830033e-05,-2.634924e-05,-2.020592e-05,-1.233878e-05,-6.555004e-06,-5.261767e-06,-8.572989e-06,-1.538701e-05,-2.331557e-05,-3.114350e-05
9.914446e-07,-3.231518e-06,-4.375155e-05,3.088859e-04,3.428100e-04,3.759116e-04,3.887042e-04,3.894953e-04,3.709965e-04,3.393648e-04,3.148574e-04,3.336255e-04,3.870201e-04,5.615824e-04,7.757307e-04,9.627941e-04,7.499292e-04,4.195921e-04,4.653743e-05,-3.498733e-04,-7.457384e-04,2.496284e-04,1.881933e-04,1.267554e-04,6.531563e-05,3.834142e-06,-5.654160e-05,-1.154906e-04,-1.738522e-04,-2.286032e-04,-2.732486e-04,-3.009211e-04,-3.078703e-04,-2.928462e-04,-2.618500e-04,-2.244884e-04,-1.880089e-04,-1.512766e-04,-1.145597e-04,8.477505e-05,7.109595e-05,5.752183e-05,4.134898e-05,2.030832e-05,-5.683405e-06,-3.776567e-05,-7.781361e-05,-1.276159e-04,-1.901813e-04,-2.695858e-04,-3.589587e-04,-4.484257e-04,-5.320577e-04,-6.106487e-04,-6.844965e-04,-7.561543e-04,-8.278786e-04,-1.249335e-05,-4.483729e-06,3.528928e-06,1.150021e-05,1.970320e-05,2.670941e-05,3.167298e-05,3.657026e-05,4.129089e-05,4.243399e-05,3.704086e-05,2.342751e-05,1.363606e-06,-2.707981e-05,-5.826094e-05,-8.963902e-05,-1.208084e-04,-1.519533e-04,4.223207e-06,-4.875003e-06,-1.414927e-05,-2.137959e-05,-2.538693e-05,-2.787350e-05,-2.940894e-05,-2.982109e-05,-2.921087e-05,-2.581134e-05,-1.852658e-05,-9.958645e-06,-3.976973e-06,-3.094987e-06,-7.535655e-06,-1.600343e-05,-2.582776e-05,-3.553200e-05
3.647231e-06,-2.500445e-06,-4.362687e-05,2.986922e-04,3.332335e-04,3.670666e-04,3.796904e-04,3.914190e-04,3.863782e-04,3.647700e-04,3.321975e-04,2.967114e-04,2.678446e-04,3.463457e-04,5.228660e-04,7.499292e-04,9.328691e-04,7.266281e-04,4.402690e-04,7.544487e-05,-2.828495e-04,3.835379e-05,1.404690e-05,-1.026556e-05,-3.456903e-05,-5.895072e-05,-8.114965e-05,-9.917960e-05,-1.127135e-04,-1.181689e-04,-1.103456e-04,-8.459161e-05,-3.849222e-05,2.849748e-05,1.096714e-04,1.954970e-04,2.804293e-04,3.663747e-04,4.522196e-04,1.003220e-04,8.050910e-05,6.078535e-05,3.847504e-05,1.081719e-05,-2.184945e-05,-5.970179e-05,-1.035150e-04,-1.540800e-04,-2.119182e-04,-2.775718e-04,-3.439290e-04,-4.020024e-04,-4.458237e-04,-4.727222e-04,-4.866050e-04,-4.947668e-04,-5.032051e-04,6.913163e-06,1.479458e-05,2.267653e-05,3.052466e-05,3.869271e-05,4.562905e-05,5.029471e-05,5.447215e-05,5.792677e-05,5.737634e-05,5.020572e-05,3.502266e-05,1.178029e-05,-1.731818e-05,-4.863185e-05,-7.990160e-05,-1.109449e-04,-1.419540e-04,2.284154e-06,-5.671868e-06,-1.380430e-05,-1.987953e-05,-2.256845e-05,-2.358197e-05,-2.357828e-05,-2.250183e-05,-2.054655e-05,-1.622851e-05,-8.852822e-06,-9.512080e-07,3.832190e-06,3.000248e-06,-4.201532e-06,-1.618386e-05,-2.985290e-05,-4.337479e-05
6.001955e-06,6.953571e-08,-4.403178e-05,3.141662e-04,3.386102e-04,3.620029e-04,3.689448e-04,3.927634e-04,4.036250e-04,3.977808e-04,3.646637e-04,2.852803e-04,1.759140e-04,1.318363e-04,1.978544e-04,4.195921e-04,7.266281e-04,1.074232e-03,1.055810e-03,9.556343e-04,8.553278e-04,-1.816728e-04,-1.650748e-04,-1.484853e-04,-1.318732e-04,-1.153705e-04,-9.547417e-05,-6.823519e-05,-3.201370e-05,1.721627e-05,8.374923e-05,1.703555e-04,2.788922e-04,4.101046e-04,5.574031e-04,7.118942e-04,8.692223e-04,1.028542e-03,1.187634e-03,7.440368e-05,5.198374e-05,2.962793e-05,5.059685e-06,-2.408492e-05,-5.574054e-05,-8.771551e-05,-1.181998e-04,-1.454646e-04,-1.666024e-04,-1.775297e-04,-1.716696e-04,-1.420161e-04,-8.388998e-05,5.386323e-06,1.166733e-04,2.372437e-04,3.572772e-04,2.181380e-05,3.013706e-05,3.845808e-05,4.676927e-05,5.554014e-05,6.308701e-05,6.811774e-05,7.220044e-05,7.496313e-05,7.312217e-05,6.429576e-05,4.726311e-05,2.205269e-05,-9.085846e-06,-4.255627e-05,-7.625839e-05,-1.097493e-04,-1.431909e-04,6.042545e-06,9.981330e-07,-4.226377e-06,-7.396822e-06,-7.082314e-06,-5.143429e-06,-2.438112e-06,8.439567e-07,4.297957e-06,9.049742e-06,1.526999e-05,2.052387e-05,2.143859e-05,1.563852e-05,2.222392e-06,-1.675766e-05,-3.774404e-05,-5.855448e-05
8.071247e-06,4.587937e-06,-4.474986e-05,3.482516e-04,3.553247e-04,3.606140e-04,3.586773e-04,3.929857e-04,4.180790e-04,4.298321e-04,4.028945e-04,2.958776e-04,1.244583e-04,-3.974801e-05,-1.042378e-04,4.653743e-05,4.402690e-04,1.055810e-03,1.715527e-03,2.087056e-03,2.502994e-03,-3.379616e-04,-2.902115e-04,-2.424720e-04,-1.946985e-04,-1.470474e-04,-9.504048e-05,-3.302986e-05,4.153843e-05,1.326762e-04,2.438558e-04,3.761348e-04,5.311593e-04,7.107478e-04,9.102344e-04,1.123169e-03,1.347069e-03,1.574229e-03,1.800976e-03,1.463923e-05,-9.736055e-06,-3.407282e-05,-5.999494e-05,-8.864292e-05,-1.153574e-04,-1.347806e-04,-1.416608e-04,-1.308666e-04,-9.566571e-05,-2.703604e-05,8.115675e-05,2.338905e-04,4.345039e-04,6.834812e-04,9.643973e-04,1.258195e-03,1.551129e-03,3.454115e-05,4.338103e-05,5.221635e-05,6.107052e-05,7.053057e-05,7.880023e-05,8.432150e-05,8.845868e-05,9.071243e-05,8.773168e-05,7.730565e-05,5.832948e-05,3.080653e-05,-3.156355e-06,-4.017331e-05,-7.831488e-05,-1.163095e-04,-1.542327e-04,1.913522e-05,1.816359e-05,1.700561e-05,1.787067e-05,2.220617e-05,2.788603e-05,3.378289e-05,3.937765e-05,4.400186e-05,4.841663e-05,5.227222e-05,5.317142e-05,4.795071e-05,3.434533e-05,1.157965e-05,-1.758687e-05,-4.907227e-05,-8.034962e-05
1.019819e-05,9.038597e-06,-4.565059e-05,3.935505e-04,3.789466e-04,3.615893e-04,3.486981e-04,3.917683e-04,4.300336e-04,4.621139e-04,4.458370e-04,3.189827e-04,9.446326e-05,-1.886634e-04,-3.988068e-04,-3.498733e-04,7.544487e-05,9.556343e-04,2.087056e-03,3.461337e-03,4.737642e-03,-4.602976e-04,-3.854741e-04,-3.106624e-04,-2.358071e-04,-1.610749e-04,-8.124052e-05,1.075361e-05,1.177936e-04,2.430702e-04,3.885590e-04,5.528858e-04,7.368188e-04,9.428394e-04,1.168995e-03,1.412148e-03,1.672780e-03,1.937964e-03,2.202566e-03,-5.773260e-05,-8.327149e-05,-1.087979e-04,-1.351524e-04,-1.617815e-04,-1.810217e-04,-1.840489e-04,-1.618765e-04,-1.056573e-04,-4.715224e-06,1.550859e-04,3.795781e-04,6.717358e-04,1.033836e-03,1.464084e-03,1.938126e-03,2.429704e-03,2.920061e-03,4.976489e-05,5.874181e-05,6.771272e-05,7.672406e-05,8.645630e-05,9.500151e-05,1.005425e-04,1.042889e-04,1.056946e-04,1.013948e-04,8.942689e-05,6.888793e-05,3.981778e-05,4.125160e-06,-3.505670e-05,-7.606607e-05,-1.169879e-04,-1.578151e-04,2.956746e-05,3.316223e-05,3.656306e-05,4.196021e-05,5.079033e-05,6.064960e-05,7.014975e-05,7.844568e-05,8.459412e-05,8.900192e-05,9.078034e-05,8.753199e-05,7.626299e-05,5.475561e-05,2.233858e-05,-1.747993e-05,-6.002641e-05,-1.023277e-04
1.208776e-05,1.330991e-05,-4.643644e-05,4.372856e-04,4.012579e-04,3.615223e-04,3.378164e-04,3.897426e-04,4.412545e-04,4.935172e-04,4.876358e-04,3.403741e-04,6.220506e-05,-3.398616e-04,-6.943817e-04,-7.457384e-04,-2.828495e-04,8.553278e-04,2.502994e-03,4.737642e-03,7.429898e-03,-5.833563e-04,-4.811530e-04,-3.789628e-04,-2.767194e-04,-1.746006e-04,-6.662783e-05,5.567839e-05,1.955670e-04,3.554468e-04,5.358104e-04,7.328659e-04,9.465116e-04,1.179882e-03,1.433670e-03,1.707986e-03,2.006203e-03,2.310179e-03,2.613420e-03,-1.280658e-04,-1.548703e-04,-1.816886e-04,-2.085826e-04,-2.333303e-04,-2.452968e-04,-2.322138e-04,-1.813821e-04,-8.026178e-05,8.576630e-05,3.359521e-04,6.758306e-04,1.106384e-03,1.628833e-03,2.239149e-03,2.905102e-03,3.593313e-03,4.279962e-03,6.295936e-05,7.213095e-05,8.129518e-05,9.052202e-05,1.005821e-04,1.094610e-04,1.150859e-04,1.185131e-04,1.191535e-04,1.136436e-04,1.002739e-04,7.834427e-05,4.793218e-05,1.075383e-05,-3.030964e-05,-7.386781e-05,-1.173744e-04,-1.607648e-04,3.900104e-05,4.709530e-05,5.498861e-05,6.484911e-05,7.810336e-05,9.208329e-05,1.051501e-04,1.161431e-04,1.238520e-04,1.283288e-04,1.281430e-04,1.209020e-04,1.037865e-04,7.462884e-05,3.285980e-05,-1.727479e-05,-7.053345e-05,-1.235124e-04
-1.970458e-04,5.516480e-06,-4.243075e-06,3.052839e-04,2.264125e-04,1.382429e-04,1.363253e-04,-8.116580e-06,-1.333330e-04,-7.671598e-05,1.129840e-05,9.879582e-05,2.003725e-04,3.184712e-04,3.574144e-04,2.496284e-04,3.835379e-05,-1.816728e-04,-3.379616e-04,-4.602976e-04,-5.833563e-04,6.532424e-03,5.455571e-03,4.422212e-03,3.475512e-03,2.660010e-03,1.992854e-03,1.481022e-03,1.110450e-03,8.626370e-04,7.134823e-04,6.404296e-04,6.196702e-04,6.306668e-04,6.612162e-04,7.009479e-04,7.412228e-04,7.814032e-04,8.215265e-04,-4.346147e-04,-4.593164e-04,-4.837693e-04,-5.049129e-04,-5.012147e-04,-4.681705e-04,-4.141450e-04,-3.508762e-04,-2.893345e-04,-2.379247e-04,-2.063425e-04,-1.940244e-04,-2.011645e-04,-2.251200e-04,-2.609969e-04,-3.033555e-04,-3.491240e-04,-3.947347e-04,-1.539714e-03,-1.477625e-03,-1.415350e-03,-1.353524e-03,-1.297570e-03,-1.247886e-03,-1.206856e-03,-1.171423e-03,-1.139551e-03,-1.107436e-03,-1.077496e-03,-1.051370e-03,-1.028598e-03,-1.007321e-03,-9.869787e-04,-9.684563e-04,-9.515110e-04,-9.344415e-04,1.716372e-04,1.517435e-04,1.318572e-04,1.110797e-04,8.456874e-05,5.216918e-05,1.798976e-05,-1.294569e-05,-3.546279e-05,-4.655459e-05,-4.486925e-05,-3.278830e-05,-1.417523e-05,9.353374e-06,3.825640e-05,7.100425e-05,1.047661e-04,1.383916e-04
-1.975346e-04,5.666520e-06,-3.468507e-06,2.730669e-04,1.984266e-04,1.157850e-04,1.082892e-04,-1.933324e-05,-1.247640e-04,-6.276486e-05,1.835019e-05,8.392959e-05,1.593496e-04,2.488646e-04,2.776722e-04,1.881933e-04,1.404690e-05,-1.650748e-04,-2.902115e-04,-3.854741e-04,-4.811530e-04,5.455571e-03,4.677545e-03,3.887931e-03,3.144693e-03,2.488245e-03,1.940404e-03,1.512763e-03,1.197618e-03,9.821717e-04,8.474259e-04,7.755400e-04,7.473897e-04,7.459466e-04,7.609410e-04,7.837400e-04,8.072074e-04,8.306531e-04,8.540351e-04,-3.886805e-04,-4.067103e-04,-4.245307e-04,-4.393992e-04,-4.327407e-04,-4.006959e-04,-3.506084e-04,-2.930409e-04,-2.378078e-04,-1.920196e-04,-1.635032e-04,-1.517156e-04,-1.568791e-04,-1.767142e-04,-2.069112e-04,-2.428015e-04,-2.817519e-04,-3.205725e-04,-1.564691e-03,-1.499968e-03,-1.435068e-03,-1.370517e-03,-1.311406e-03,-1.258236e-03,-1.213576e-03,-1.174670e-03,-1.139656e-03,-1.104782e-03,-1.072513e-03,-1.044547e-03,-1.020370e-03,-9.979899e-04,-9.767826e-04,-9.576198e-04,-9.401127e-04,-9.224735e-04,1.711185e-04,1.507725e-04,1.304401e-04,1.092318e-04,8.270898e-05,5.075779e-05,1.731434e-05,-1.274758e-05,-3.437920e-05,-4.476388e-05,-4.279372e-05,-3.078119e-05,-1.248915e-05,1.056425e-05,3.894099e-05,7.118117e-05,1.044270e-04,1.375372e-04
-1.980222e-04,5.818003e-06,-2.693375e-06,2.408761e-04,1.704488e-04,9.331686e-05,8.022543e-05,-3.058166e-05,-1.162171e-04,-4.882235e-05,2.539959e-05,6.906224e-05,1.183263e-04,1.792578e-04,1.979292e-04,1.267554e-04,-1.026556e-05,-1.484853e-04,-2.424720e-04,-3.106624e-04,-3.789628e-04,4.422212e-03,3.887931e-03,3.356810e-03,2.813071e-03,2.316726e-03,1.887907e-03,1.544524e-03,1.284781e-03,1.101702e-03,9.813599e-04,9.106387e-04,8.750957e-04,8.612116e-04,8.606502e-04,8.665157e-04,8.731750e-04,8.798853e-04,8.865254e-04,-3.427534e-04,-3.541113e-04,-3.652993e-04,-3.738926e-04,-3.642740e-04,-3.332287e-04,-2.870790e-04,-2.352126e-04,-1.862879e-04,-1.461213e-04,-1.206711e-04,-1.094146e-04,-1.126024e-04,-1.283181e-04,-1.528366e-04,-1.822601e-04,-2.143940e-04,-2.464260e-04,-1.589659e-03,-1.522303e-03,-1.454779e-03,-1.387502e-03,-1.325233e-03,-1.268579e-03,-1.220287e-03,-1.177909e-03,-1.139752e-03,-1.102122e-03,-1.067523e-03,-1.037717e-03,-1.012135e-03,-9.886526e-04,-9.665805e-04,-9.467777e-04,-9.287090e-04,-9.105004e-04,1.706082e-04,1.498103e-04,1.290323e-04,1.073935e-04,8.085919e-05,4.935660e-05,1.664916e-05,-1.253936e-05,-3.328577e-05,-4.296374e-05,-4.070925e-05,-2.876567e-05,-1.079517e-05,1.178259e-05,3.963267e-05,7.136482e-05,1.040943e-04,1.366888e-04
-1.985148e-04,5.964740e-06,-1.919262e-06,2.084880e-04,1.423717e-04,7.084715e-05,5.224657e-05,-4.171605e-05,-1.075907e-04,-3.485273e-05,3.245147e-05,5.419097e-05,7.729616e-05,1.096422e-04,1.181780e-04,6.531563e-05,-3.456903e-05,-1.318732e-04,-1.946985e-04,-2.358071e-04,-2.767194e-04,3.475512e-03,3.144693e-03,2.813071e-03,2.484682e-03,2.144237e-03,1.835607e-03,1.576207e-03,1.371970e-03,1.221254e-03,1.115335e-03,1.045786e-03,1.002858e-03,9.765368e-04,9.604227e-04,9.493570e-04,9.392104e-04,9.291876e-04,9.190879e-04,-2.969021e-04,-3.015714e-04,-3.061100e-04,-3.084127e-04,-2.958197e-04,-2.657621e-04,-2.235418e-04,-1.773702e-04,-1.347492e-04,-1.002003e-04,-7.781216e-05,-6.708249e-05,-6.829004e-05,-7.988118e-05,-9.871537e-05,-1.216660e-04,-1.469772e-04,-1.722143e-04,-1.614664e-03,-1.544674e-03,-1.474526e-03,-1.404522e-03,-1.339096e-03,-1.278956e-03,-1.227034e-03,-1.181182e-03,-1.139882e-03,-1.099493e-03,-1.062562e-03,-1.030915e-03,-1.003926e-03,-9.793400e-04,-9.564015e-04,-9.359571e-04,-9.173253e-04,-8.985456e-04,1.700706e-04,1.488190e-04,1.275934e-04,1.055226e-04,7.897546e-05,4.792060e-05,1.594903e-05,-1.236558e-05,-3.222571e-05,-4.119541e-05,-3.865473e-05,-2.677811e-05,-9.127177e-06,1.297675e-05,4.030188e-05,7.152769e-05,1.037425e-04,1.358231e-04
-1.989895e-04,6.128596e-06,-1.139105e-06,1.758565e-04,1.139557e-04,4.794509e-05,2.374532e-05,-5.331827e-05,-9.924670e-05,-2.096522e-05,3.950505e-05,3.932476e-05,3.626801e-05,4.002633e-05,3.841465e-05,3.834142e-06,-5.895072e-05,-1.153705e-04,-1.470474e-04,-1.610749e-04,-1.746006e-04,2.660010e-03,2.488245e-03,2.316726e-03,2.144237e-03,1.975444e-03,1.782613e-03,1.608221e-03,1.459089e-03,1.340745e-03,1.249174e-03,1.180767e-03,1.130425e-03,1.091651e-03,1.059972e-03,1.031965e-03,1.005004e-03,9.782383e-04,9.513896e-04,-2.514045e-04,-2.493513e-04,-2.472071e-04,-2.431836e-04,-2.275838e-04,-1.984827e-04,-1.601597e-04,-1.196537e-04,-8.331256e-05,-5.436470e-05,-3.503039e-05,-2.482635e-05,-2.405860e-05,-3.153520e-05,-4.469887e-05,-6.119276e-05,-7.969825e-05,-9.815755e-05,-1.639543e-03,-1.566919e-03,-1.494148e-03,-1.421418e-03,-1.352835e-03,-1.289209e-03,-1.233656e-03,-1.184333e-03,-1.139893e-03,-1.096750e-03,-1.057495e-03,-1.024013e-03,-9.956223e-04,-9.699372e-04,-9.461371e-04,-9.250556e-04,-9.058652e-04,-8.865190e-04,1.696449e-04,1.479424e-04,1.262721e-04,1.037714e-04,7.721306e-05,4.660677e-05,1.537035e-05,-1.207267e-05,-3.105022e-05,-3.931664e-05,-3.649551e-05,-2.469190e-05,-7.366210e-06,1.425901e-05,4.105493e-05,7.177038e-05,1.034665e-04,1.350293e-04
-1.992673e-04,6.460181e-06,-5.999218e-07,1.421990e-04,8.685346e-05,2.866624e-05,1.341843e-06,-5.831621e-05,-8.545540e-05,-4.047110e-06,4.818341e-05,2.553044e-05,-4.201585e-06,-2.930318e-05,-4.094350e-05,-5.654160e-05,-8.114965e-05,-9.547417e-05,-9.504048e-05,-8.124052e-05,-6.662783e-05,1.992854e-03,1.940404e-03,1.887907e-03,1.835607e-03,1.782613e-03,1.724710e-03,1.633842e-03,1.543178e-03,1.458585e-03,1.382684e-03,1.316275e-03,1.259136e-03,1.208337e-03,1.161401e-03,1.116694e-03,1.073142e-03,1.029859e-03,9.864868e-04,-2.075377e-04,-1.989620e-04,-1.903306e-04,-1.801878e-04,-1.616758e-04,-1.335696e-04,-9.915536e-05,-6.427155e-05,-3.409840e-05,-1.056065e-05,5.993353e-06,1.602758e-05,1.920689e-05,1.635377e-05,9.435288e-06,1.278051e-08,-1.105156e-05,-2.209838e-05,-1.662251e-03,-1.587147e-03,-1.511903e-03,-1.436602e-03,-1.365022e-03,-1.298055e-03,-1.238984e-03,-1.186259e-03,-1.138714e-03,-1.092849e-03,-1.051315e-03,-1.016071e-03,-9.863798e-04,-9.597208e-04,-9.351983e-04,-9.136238e-04,-8.940179e-04,-8.742481e-04,1.704279e-04,1.482908e-04,1.261909e-04,1.032837e-04,7.673243e-05,4.658600e-05,1.608624e-05,-1.050078e-05,-2.863121e-05,-3.624199e-05,-3.319189e-05,-2.152330e-05,-4.605400e-06,1.643153e-05,4.255775e-05,7.259871e-05,1.036028e-04,1.344750e-04
-1.992689e-04,6.910067e-06,-4.246206e-07,1.098703e-04,6.339023e-05,1.516742e-05,-1.178728e-05,-5.354905e-05,-6.279862e-05,1.792189e-05,5.916053e-05,1.246234e-05,-4.540927e-05,-9.980038e-05,-1.208242e-04,-1.154906e-04,-9.917960e-05,-6.823519e-05,-3.302986e-05,1.075361e-05,5.567839e-05,1.481022e-03,1.512763e-03,1.544524e-03,1.576207e-03,1.608221e-03,1.633842e-03,1.649233e-03,1.618278e-03,1.572856e-03,1.515597e-03,1.453734e-03,1.391619e-03,1.330211e-03,1.269126e-03,1.208658e-03,1.149411e-03,1.090511e-03,1.031515e-03,-1.681450e-04,-1.541829e-04,-1.401946e-04,-1.250285e-04,-1.042771e-04,-7.731125e-05,-4.651663e-05,-1.660584e-05,8.324899e-06,2.759693e-05,4.268232e-05,5.402218e-05,6.124710e-05,6.479616e-05,6.605110e-05,6.572080e-05,6.416564e-05,6.259719e-05,-1.681126e-03,-1.603891e-03,-1.526526e-03,-1.449011e-03,-1.374813e-03,-1.304867e-03,-1.242562e-03,-1.186603e-03,-1.136031e-03,-1.087490e-03,-1.043723e-03,-1.006782e-03,-9.758863e-04,-9.483768e-04,-9.232682e-04,-9.013419e-04,-8.814606e-04,-8.614069e-04,1.720130e-04,1.495643e-04,1.271555e-04,1.039718e-04,7.752007e-05,4.786719e-05,1.808666e-05,-7.701556e-06,-2.507183e-05,-3.212229e-05,-2.893168e-05,-1.749203e-05,-1.099557e-06,1.919413e-05,4.444838e-05,7.357738e-05,1.036380e-04,1.335694e-04
-1.987964e-04,7.439063e-06,-2.251180e-07,8.010061e-05,4.259970e-05,4.234379e-06,-2.050305e-05,-4.628579e-05,-4.095374e-05,3.466437e-05,6.392412e-05,-5.256280e-06,-9.101519e-05,-1.739926e-04,-2.030091e-04,-1.738522e-04,-1.127135e-04,-3.201370e-05,4.153843e-05,1.177936e-04,1.955670e-04,1.110450e-03,1.197618e-03,1.284781e-03,1.371970e-03,1.459089e-03,1.543178e-03,1.618278e-03,1.673720e-03,1.672024e-03,1.641657e-03,1.589689e-03,1.527186e-03,1.458849e-03,1.386756e-03,1.313320e-03,1.241068e-03,1.169251e-03,1.097332e-03,-1.354417e-04,-1.180093e-04,-1.005734e-04,-8.222622e-05,-6.049431e-05,-3.517717e-05,-7.851034e-06,1.780650e-05,3.867772e-05,5.530336e-05,7.087582e-05,8.580269e-05,9.968560e-05,1.125551e-04,1.252045e-04,1.373838e-04,1.488532e-04,1.602737e-04,-1.693688e-03,-1.614968e-03,-1.536126e-03,-1.457051e-03,-1.380920e-03,-1.308651e-03,-1.243646e-03,-1.184806e-03,-1.131400e-03,-1.080255e-03,-1.034221e-03,-9.954607e-04,-9.631814e-04,-9.346025e-04,-9.086657e-04,-8.861380e-04,-8.657318e-04,-8.451444e-04,1.736594e-04,1.511626e-04,1.287078e-04,1.055020e-04,7.932955e-05,5.026714e-05,2.123759e-05,-3.776553e-06,-2.045603e-05,-2.705296e-05,-2.384843e-05,-1.277910e-05,2.936369e-06,2.232533e-05,4.652566e-05,7.454520e-05,1.034558e-04,1.322405e-04
-1.980302e-04,7.871033e-06,2.126811e-07,5.227038e-05,2.298087e-05,-6.532107e-06,-2.795230e-05,-4.017733e-05,-2.451443e-05,4.180506e-05,5.804278e-05,-3.052795e-05,-1.422340e-04,-2.511542e-04,-2.853972e-04,-2.286032e-04,-1.181689e-04,1.721627e-05,1.326762e-04,2.430702e-04,3.554468e-04,8.626370e-04,9.821717e-04,1.101702e-03,1.221254e-03,1.340745e-03,1.458585e-03,1.572856e-03,1.672024e-03,1.744336e-03,1.748800e-03,1.718123e-03,1.663532e-03,1.595749e-03,1.519160e-03,1.438750e-03,1.359283e-03,1.280358e-03,1.201325e-03,-1.067695e-04,-8.928780e-05,-7.181929e-05,-5.363110e-05,-3.363963e-05,-1.185107e-05,1.099562e-05,3.231815e-05,5.002462e-05,6.581769e-05,8.433841e-05,1.059183e-04,1.301098e-04,1.564759e-04,1.852013e-04,2.149115e-04,2.445953e-04,2.741867e-04,-1.701111e-03,-1.621595e-03,-1.541963e-03,-1.462025e-03,-1.384697e-03,-1.310818e-03,-1.243725e-03,-1.182449e-03,-1.126464e-03,-1.072773e-03,-1.024338e-03,-9.834506e-04,-9.493458e-04,-9.191612e-04,-8.918009e-04,-8.680552e-04,-8.465104e-04,-8.247753e-04,1.738267e-04,1.516024e-04,1.294223e-04,1.065014e-04,8.083259e-05,5.250903e-05,2.432097e-05,1.122428e-07,-1.590539e-05,-2.213163e-05,-1.901588e-05,-8.428064e-06,6.501402e-06,2.488289e-05,4.792119e-05,7.471900e-05,1.023597e-04,1.298784e-04
-1.969446e-04,7.970551e-06,7.120448e-07,2.748282e-05,5.441017e-06,-1.641005e-05,-3.384500e-05,-3.441211e-05,-1.149662e-05,4.376661e-05,4.792125e-05,-5.560791e-05,-1.905570e-04,-3.225360e-04,-3.600160e-04,-2.732486e-04,-1.103456e-04,8.374923e-05,2.438558e-04,3.885590e-04,5.358104e-04,7.134823e-04,8.474259e-04,9.813599e-04,1.115335e-03,1.249174e-03,1.382684e-03,1.515597e-03,1.641657e-03,1.748800e-03,1.821751e-03,1.823565e-03,1.791416e-03,1.735685e-03,1.665329e-03,1.587811e-03,1.510701e-03,1.434255e-03,1.357696e-03,-7.893648e-05,-6.513820e-05,-5.136484e-05,-3.700351e-05,-2.188816e-05,-6.013626e-06,1.078300e-05,2.710957e-05,4.198196e-05,5.828587e-05,8.173731e-05,1.125911e-04,1.503978e-04,1.942464e-04,2.436922e-04,2.960339e-04,3.492653e-04,4.023509e-04,-1.703182e-03,-1.623564e-03,-1.543838e-03,-1.463742e-03,-1.385964e-03,-1.311216e-03,-1.242710e-03,-1.179542e-03,-1.121330e-03,-1.065220e-03,-1.014278e-03,-9.709451e-04,-9.345393e-04,-9.021624e-04,-8.727114e-04,-8.470428e-04,-8.236555e-04,-8.000683e-04,1.709569e-04,1.492463e-04,1.275818e-04,1.051851e-04,8.020783e-05,5.276667e-05,2.553467e-05,2.215991e-06,-1.309495e-05,-1.894184e-05,-1.589581e-05,-5.765113e-06,8.394032e-06,2.576051e-05,4.759109e-05,7.309419e-05,9.937502e-05,1.255389e-04
-1.957416e-04,7.727168e-06,1.169154e-06,5.865085e-06,-9.720578e-06,-2.487819e-05,-3.795204e-05,-2.863708e-05,-9.880640e-07,4.261284e-05,3.673033e-05,-7.636083e-05,-2.289288e-04,-3.786059e-04,-4.178749e-04,-3.009211e-04,-8.459161e-05,1.703555e-04,3.761348e-04,5.528858e-04,7.328659e-04,6.404296e-04,7.755400e-04,9.106387e-04,1.045786e-03,1.180767e-03,1.316275e-03,1.453734e-03,1.589689e-03,1.718123e-03,1.823565e-03,1.894642e-03,1.899064e-03,1.872958e-03,1.823515e-03,1.762972e-03,1.701745e-03,1.641356e-03,1.580844e-03,-5.075309e-05,-4.373357e-05,-3.674647e-05,-2.926758e-05,-2.169294e-05,-1.386451e-05,-4.702979e-06,5.622959e-06,1.726121e-05,3.428722e-05,6.326728e-05,1.045783e-04,1.579178e-04,2.220000e-04,2.957319e-04,3.748505e-04,4.560758e-04,5.370898e-04,-1.701878e-03,-1.622716e-03,-1.543450e-03,-1.463763e-03,-1.386137e-03,-1.311137e-03,-1.241806e-03,-1.177235e-03,-1.117136e-03,-1.058744e-03,-1.005197e-03,-9.590752e-04,-9.198466e-04,-8.846264e-04,-8.523343e-04,-8.239418e-04,-7.979137e-04,-7.716753e-04,1.653932e-04,1.442941e-04,1.232421e-04,1.014709e-04,7.725466e-05,5.074243e-05,2.451017e-05,2.132677e-06,-1.241069e-05,-1.779358e-05,-1.467816e-05,-4.845690e-06,8.684884e-06,2.512913e-05,4.578306e-05,6.997757e-05,9.485861e-05,1.196296e-04
