3.989881e-05,-8.117724e-07,-2.487124e-07,1.675886e-06,2.092813e-06,2.508729e-06,2.844148e-06,3.134567e-06,3.388024e-06,3.660012e-06,3.702515e-06,3.519137e-06,3.412614e-06,3.488914e-06,3.642753e-06,4.072404e-06,4.890436e-06,5.745691e-06,6.640207e-06,7.582839e-06,8.492988e-06,-2.534902e-04,-2.530714e-04,-2.526525e-04,-2.522342e-04,-2.518137e-04,-2.513661e-04,-2.508781e-04,-2.503201e-04,-2.497122e-04,-2.490502e-04,-2.483595e-04,-2.476663e-04,-2.469634e-04,-2.462404e-04,-2.455007e-04,-2.447605e-04,-2.440293e-04,-2.432962e-04,6.737649e-06,6.807134e-06,6.876585e-06,6.938032e-06,6.976230e-06,6.992095e-06,6.969759e-06,6.910843e-06,6.809801e-06,6.657341e-06,6.470163e-06,6.259534e-06,6.051578e-06,5.854433e-06,5.652452e-06,5.443273e-06,5.239295e-06,5.036359e-06,3.316591e-04,3.205038e-04,3.093460e-04,2.981854e-04,2.870873e-04,2.760699e-04,2.651957e-04,2.544477e-04,2.438216e-04,2.332674e-04,2.228466e-04,2.126007e-04,2.025136e-04,1.925281e-04,1.826143e-04,1.727781e-04,1.629887e-04,1.531953e-04,-1.583014e-05,-1.404708e-05,-1.226440e-05,-1.047451e-05,-8.657078e-06,-6.840746e-06,-5.105177e-06,-3.547381e-06,-2.265151e-06,-1.304614e-06,-6.678277e-07,-3.066812e-07,-1.401122e-07,-1.271661e-07,-2.642773e-07,-5.072799e-07,-7.766810e-07,-1.042671e-06
-8.117724e-07,3.733974e-05,1.137868e-07,4.212364e-07,1.507218e-07,-5.352659e-08,-2.971632e-07,-5.498695e-07,-6.469751e-07,-6.216775e-07,-6.810372e-07,-7.966179e-07,-1.077598e-06,-1.252302e-06,-1.321184e-06,-1.033958e-06,-4.588021e-07,4.888795e-07,1.818287e-06,3.177134e-06,4.511896e-06,9.120134e-06,8.914819e-06,8.709678e-06,8.503968e-06,8.300301e-06,8.117559e-06,7.948675e-06,7.790307e-06,7.623723e-06,7.419417e-06,7.177662e-06,6.900845e-06,6.603931e-06,6.287657e-06,5.939445e-06,5.563654e-06,5.181360e-06,4.800290e-06,-2.359963e-04,-2.354160e-04,-2.348333e-04,-2.342312e-04,-2.336338e-04,-2.330327e-04,-2.324484e-04,-2.318899e-04,-2.313653e-04,-2.308771e-04,-2.304542e-04,-2.300788e-04,-2.297437e-04,-2.294529e-04,-2.291891e-04,-2.289311e-04,-2.286707e-04,-2.284088e-04,-1.554123e-05,-1.378671e-05,-1.203238e-05,-1.027334e-05,-8.494659e-06,-6.721812e-06,-5.029584e-06,-3.510303e-06,-2.252979e-06,-1.299499e-06,-6.492490e-07,-2.548453e-07,-3.694810e-08,4.585973e-08,-3.760971e-09,-1.482041e-07,-3.166805e-07,-4.820104e-07,2.768195e-04,2.720295e-04,2.672393e-04,2.623811e-04,2.573754e-04,2.520763e-04,2.464001e-04,2.402798e-04,2.337702e-04,2.269278e-04,2.199017e-04,2.127402e-04,2.054996e-04,1.982480e-04,1.910025e-04,1.837357e-04,1.764428e-04,1.691502e-04
-2.487124e-07,1.137868e-07,7.958777e-06,-6.696229e-05,-6.724084e-05,-6.749566e-05,-6.751164e-05,-6.750494e-05,-6.716595e-05,-6.663076e-05,-6.552159e-05,-6.400988e-05,-6.186271e-05,-5.979182e-05,-5.794038e-05,-5.629252e-05,-5.486336e-05,-5.361288e-05,-5.252623e-05,-5.152814e-05,-5.051240e-05,-3.133762e-06,-2.358953e-06,-1.584068e-06,-8.093038e-07,-3.357906e-08,7.101061e-07,1.403092e-06,2.086057e-06,2.778591e-06,3.456848e-06,4.104471e-06,4.714469e-06,5.296759e-06,5.862627e-06,6.418319e-06,6.975517e-06,7.537318e-06,8.098284e-06,-8.192595e-07,-9.930566e-07,-1.168398e-06,-1.306106e-06,-1.382497e-06,-1.430332e-06,-1.461504e-06,-1.471300e-06,-1.458739e-06,-1.396147e-06,-1.258633e-06,-1.059085e-06,-8.100961e-07,-5.291272e-07,-2.249731e-07,9.521676e-08,4.192667e-07,7.424774e-07,-7.713291e-06,-7.105254e-06,-6.497664e-06,-5.884974e-06,-5.260158e-06,-4.579802e-06,-3.808543e-06,-2.967783e-06,-2.050196e-06,-9.953821e-07,2.388103e-07,1.667498e-06,3.278145e-06,5.028402e-06,6.855114e-06,8.709848e-06,1.056694e-05,1.242318e-05,-2.181122e-07,1.026143e-08,2.418982e-07,4.368783e-07,5.738494e-07,6.872819e-07,7.910236e-07,8.864670e-07,9.809764e-07,1.049181e-06,1.080934e-06,1.111244e-06,1.190233e-06,1.350378e-06,1.597455e-06,1.907571e-06,2.238482e-06,2.567521e-06
1.675886e-06,4.212364e-07,-6.696229e-05,1.492920e-03,1.153972e-03,8.722916e-04,6.787725e-04,5.671171e-04,5.135728e-04,4.973255e-04,4.944482e-04,4.926855e-04,4.848974e-04,4.756430e-04,4.662038e-04,4.576274e-04,4.515109e-04,4.490475e-04,4.501258e-04,4.530852e-04,4.558288e-04,1.617901e-04,1.420091e-04,1.222273e-04,1.024396e-04,8.257859e-05,6.324285e-05,4.501636e-05,2.805387e-05,1.237047e-05,-2.162172e-06,-1.569702e-05,-2.840144e-05,-4.052236e-05,-5.228225e-05,-6.386250e-05,-7.544987e-05,-8.709239e-05,-9.872654e-05,-2.156247e-04,-1.841451e-04,-1.525175e-04,-1.228520e-04,-9.640769e-05,-7.277789e-05,-5.179466e-05,-3.335347e-05,-1.735453e-05,-3.603870e-06,8.116025e-06,1.819542e-05,2.698989e-05,3.490813e-05,4.227550e-05,4.929454e-05,5.618202e-05,6.308245e-05,5.441657e-05,5.052394e-05,4.663527e-05,4.268275e-05,3.860540e-05,3.399485e-05,2.849204e-05,2.220506e-05,1.504481e-05,6.549201e-06,-3.593840e-06,-1.547537e-05,-2.896093e-05,-4.367042e-05,-5.905016e-05,-7.467664e-05,-9.032491e-05,-1.059661e-04,1.538216e-05,1.180336e-05,8.177586e-06,5.061427e-06,2.761436e-06,9.586533e-07,-4.836115e-07,-1.604603e-06,-2.482970e-06,-2.960027e-06,-2.998802e-06,-2.923812e-06,-3.181636e-06,-4.069746e-06,-5.660259e-06,-7.765087e-06,-1.003716e-05,-1.229417e-05
2.092813e-06,1.507218e-07,-6.724084e-05,1.153972e-03,9.961367e-04,8.245656e-04,6.943296e-04,6.081052e-04,5.582918e-04,5.346168e-04,5.214942e-04,5.110592e-04,4.971545e-04,4.839721e-04,4.722241e-04,4.621693e-04,4.546393e-04,4.501346e-04,4.484461e-04,4.482532e-04,4.478658e-04,1.187155e-04,1.028165e-04,8.691614e-05,7.101374e-05,5.504440e-05,3.963397e-05,2.530304e-05,1.194153e-05,-5.635089e-07,-1.225278e-05,-2.320365e-05,-3.352016e-05,-4.339649e-05,-5.300578e-05,-6.247527e-05,-7.195531e-05,-8.148532e-05,-9.100732e-05,-1.335046e-04,-1.123669e-04,-9.111187e-05,-7.143618e-05,-5.433626e-05,-3.928227e-05,-2.605057e-05,-1.456090e-05,-4.712684e-06,3.554740e-06,1.032109e-05,1.586907e-05,2.045070e-05,2.437232e-05,2.786604e-05,3.108377e-05,3.420416e-05,3.733551e-05,5.969284e-05,5.540775e-05,5.112666e-05,4.678637e-05,4.232872e-05,3.733955e-05,3.146881e-05,2.486230e-05,1.744866e-05,8.750975e-06,-1.555097e-06,-1.357071e-05,-2.716988e-05,-4.197965e-05,-5.745297e-05,-7.317038e-05,-8.890889e-05,-1.046403e-04,1.186747e-05,8.820280e-06,5.730398e-06,3.105150e-06,1.221509e-06,-2.550666e-07,-1.466246e-06,-2.446438e-06,-3.274214e-06,-3.772992e-06,-3.889123e-06,-3.935658e-06,-4.348828e-06,-5.416195e-06,-7.200646e-06,-9.508119e-06,-1.198663e-05,-1.444975e-05
2.508729e-06,-5.352659e-08,-6.749566e-05,8.722916e-04,8.245656e-04,7.816228e-04,7.092219e-04,6.494767e-04,6.028203e-04,5.716980e-04,5.482651e-04,5.291909e-04,5.092162e-04,4.921490e-04,4.781238e-04,4.666100e-04,4.576672e-04,4.510942e-04,4.465865e-04,4.431765e-04,4.395941e-04,7.488530e-05,6.295127e-05,5.101539e-05,3.908123e-05,2.708654e-05,1.568415e-05,5.329058e-06,-4.355998e-06,-1.361347e-05,-2.239680e-05,-3.070713e-05,-3.858384e-05,-4.616675e-05,-5.357848e-05,-6.089102e-05,-6.821747e-05,-7.558851e-05,-8.295193e-05,-4.964146e-05,-3.906656e-05,-2.840506e-05,-1.894105e-05,-1.140424e-05,-5.137455e-06,1.409308e-07,4.488292e-06,8.007564e-06,1.062664e-05,1.228697e-05,1.316169e-05,1.339714e-05,1.319502e-05,1.269189e-05,1.198750e-05,1.122105e-05,1.046351e-05,6.489387e-05,6.022441e-05,5.555899e-05,5.083885e-05,4.600866e-05,4.064843e-05,3.441738e-05,2.749917e-05,1.984027e-05,1.094915e-05,4.892591e-07,-1.165066e-05,-2.535314e-05,-4.025253e-05,-5.580872e-05,-7.160647e-05,-8.742464e-05,-1.032357e-04,8.709987e-06,6.205625e-06,3.662890e-06,1.539504e-06,8.194371e-08,-1.060772e-06,-2.035717e-06,-2.872701e-06,-3.650227e-06,-4.173767e-06,-4.372619e-06,-4.547837e-06,-5.124707e-06,-6.380325e-06,-8.367951e-06,-1.088745e-05,-1.358189e-05,-1.626059e-05
2.844148e-06,-2.971632e-07,-6.751164e-05,6.787725e-04,6.943296e-04,7.092219e-04,7.193818e-04,6.843599e-04,6.447769e-04,6.071805e-04,5.740171e-04,5.460281e-04,5.195209e-04,4.981631e-04,4.815904e-04,4.685178e-04,4.583207e-04,4.502020e-04,4.437166e-04,4.380814e-04,4.322867e-04,3.915090e-05,3.037959e-05,2.160596e-05,1.283749e-05,4.014927e-06,-4.181901e-06,-1.134209e-05,-1.808318e-05,-2.475911e-05,-3.123370e-05,-3.743957e-05,-4.336643e-05,-4.911600e-05,-5.477248e-05,-6.036484e-05,-6.597679e-05,-7.163022e-05,-7.727620e-05,7.284015e-06,1.024447e-05,1.326272e-05,1.542751e-05,1.622819e-05,1.640726e-05,1.628206e-05,1.587723e-05,1.528505e-05,1.430172e-05,1.274170e-05,1.069531e-05,8.231373e-06,5.475662e-06,2.498585e-06,-6.336315e-07,-3.805596e-06,-6.969929e-06,6.894985e-05,6.397757e-05,5.900935e-05,5.399039e-05,4.886794e-05,4.321766e-05,3.670602e-05,2.955014e-05,2.171210e-05,1.268719e-05,2.129010e-06,-1.008139e-05,-2.383317e-05,-3.876734e-05,-5.435068e-05,-7.017244e-05,-8.601392e-05,-1.018482e-04,5.573582e-06,3.521803e-06,1.435815e-06,-2.729626e-07,-1.383290e-06,-2.256134e-06,-3.041065e-06,-3.762534e-06,-4.497526e-06,-5.034483e-06,-5.287389e-06,-5.547640e-06,-6.231632e-06,-7.608427e-06,-9.724750e-06,-1.237705e-05,-1.520627e-05,-1.801957e-05
3.134567e-06,-5.498695e-07,-6.750494e-05,5.671171e-04,6.081052e-04,6.494767e-04,6.843599e-04,7.092520e-04,6.810884e-04,6.438727e-04,6.027662e-04,5.660494e-04,5.321577e-04,5.055456e-04,4.855900e-04,4.704269e-04,4.588976e-04,4.497139e-04,4.421844e-04,4.354475e-04,4.285506e-04,3.082944e-06,-2.438930e-06,-7.963205e-06,-1.348061e-05,-1.904274e-05,-2.399924e-05,-2.800475e-05,-3.188839e-05,-3.608438e-05,-4.033619e-05,-4.449405e-05,-4.849971e-05,-5.242589e-05,-5.632750e-05,-6.020224e-05,-6.410973e-05,-6.805891e-05,-7.200046e-05,2.784440e-05,2.710680e-05,2.640351e-05,2.513154e-05,2.296459e-05,2.065921e-05,1.852715e-05,1.655185e-05,1.479929e-05,1.292570e-05,1.062539e-05,7.947029e-06,4.928120e-06,1.662387e-06,-1.805848e-06,-5.419546e-06,-9.066661e-06,-1.270637e-05,7.261036e-05,6.733912e-05,6.207191e-05,5.675743e-05,5.134405e-05,4.541130e-05,3.863580e-05,3.126384e-05,2.326868e-05,1.412847e-05,3.485431e-06,-8.786707e-06,-2.258241e-05,-3.754799e-05,-5.315536e-05,-6.899757e-05,-8.485872e-05,-1.007128e-04,3.076074e-06,1.319690e-06,-4.674918e-07,-1.912377e-06,-2.815627e-06,-3.538614e-06,-4.228524e-06,-4.904208e-06,-5.639588e-06,-6.205122e-06,-6.500300e-06,-6.811927e-06,-7.553121e-06,-8.990067e-06,-1.116749e-05,-1.388118e-05,-1.677211e-05,-1.964709e-05
3.388024e-06,-6.469751e-07,-6.716595e-05,5.135728e-04,5.582918e-04,6.028203e-04,6.447769e-04,6.810884e-04,7.044810e-04,6.746495e-04,6.335381e-04,5.899744e-04,5.487071e-04,5.154479e-04,4.901510e-04,4.707455e-04,4.559011e-04,4.440497e-04,4.342975e-04,4.255029e-04,4.165348e-04,-1.169505e-05,-1.608261e-05,-2.047225e-05,-2.485546e-05,-2.927119e-05,-3.315868e-05,-3.624048e-05,-3.949016e-05,-4.338418e-05,-4.751381e-05,-5.162941e-05,-5.562724e-05,-5.957017e-05,-6.350663e-05,-6.743149e-05,-7.140105e-05,-7.541565e-05,-7.942220e-05,3.002660e-05,2.828037e-05,2.655307e-05,2.444569e-05,2.175503e-05,1.916486e-05,1.694501e-05,1.504593e-05,1.350650e-05,1.184136e-05,9.639470e-06,6.954388e-06,3.846946e-06,4.281462e-07,-3.244114e-06,-7.094104e-06,-1.099066e-05,-1.487889e-05,7.538642e-05,6.989191e-05,6.440132e-05,5.886616e-05,5.323465e-05,4.710086e-05,4.015301e-05,3.265606e-05,2.458944e-05,1.541182e-05,4.753461e-06,-7.518077e-06,-2.129994e-05,-3.624211e-05,-5.182014e-05,-6.762973e-05,-8.345753e-05,-9.927840e-05,2.376282e-06,7.170660e-07,-9.705718e-07,-2.340693e-06,-3.210293e-06,-3.928658e-06,-4.636474e-06,-5.349301e-06,-6.138093e-06,-6.756287e-06,-7.090604e-06,-7.427568e-06,-8.181424e-06,-9.619719e-06,-1.178919e-05,-1.448892e-05,-1.736362e-05,-2.022258e-05
3.660012e-06,-6.216775e-07,-6.663076e-05,4.973255e-04,5.346168e-04,5.716980e-04,6.071805e-04,6.438727e-04,6.746495e-04,6.953611e-04,6.624465e-04,6.201480e-04,5.731857e-04,5.326250e-04,4.995015e-04,4.724486e-04,4.505444e-04,4.323831e-04,4.171199e-04,4.032207e-04,3.891229e-04,1.028620e-05,3.147579e-06,-3.992570e-06,-1.112795e-05,-1.828386e-05,-2.502446e-05,-3.115913e-05,-3.768899e-05,-4.505922e-05,-5.267717e-05,-6.017399e-05,-6.740843e-05,-7.446847e-05,-8.143824e-05,-8.836007e-05,-9.532730e-05,-1.023457e-04,-1.093555e-04,2.294894e-05,2.202850e-05,2.111863e-05,1.993240e-05,1.833193e-05,1.686665e-05,1.572285e-05,1.480188e-05,1.409505e-05,1.296377e-05,1.090051e-05,8.013983e-06,4.451502e-06,3.964112e-07,-4.038456e-06,-8.727939e-06,-1.349898e-05,-1.825961e-05,7.784880e-05,7.220624e-05,6.656747e-05,6.088598e-05,5.510922e-05,4.885190e-05,4.181703e-05,3.427219e-05,2.619332e-05,1.701646e-05,6.358530e-06,-5.917456e-06,-1.970662e-05,-3.465803e-05,-5.024567e-05,-6.606361e-05,-8.189915e-05,-9.772795e-05,3.381343e-06,1.620791e-06,-1.667288e-07,-1.652283e-06,-2.663799e-06,-3.530623e-06,-4.382744e-06,-5.230967e-06,-6.140815e-06,-6.848047e-06,-7.227574e-06,-7.571020e-06,-8.300043e-06,-9.689087e-06,-1.179124e-05,-1.441260e-05,-1.720427e-05,-1.998059e-05
3.702515e-06,-6.810372e-07,-6.552159e-05,4.944482e-04,5.214942e-04,5.482651e-04,5.740171e-04,6.027662e-04,6.335381e-04,6.624465e-04,6.812293e-04,6.488678e-04,6.049367e-04,5.590516e-04,5.171601e-04,4.791277e-04,4.455904e-04,4.159713e-04,3.899958e-04,3.658286e-04,3.414411e-04,3.670579e-05,2.532873e-05,1.395062e-05,2.575538e-06,-8.811379e-06,-1.988136e-05,-3.051538e-05,-4.161419e-05,-5.353838e-05,-6.551962e-05,-7.706634e-05,-8.801417e-05,-9.851017e-05,-1.087186e-04,-1.187853e-04,-1.288836e-04,-1.390384e-04,-1.491844e-04,1.912460e-05,1.920186e-05,1.928629e-05,1.913304e-05,1.861047e-05,1.811290e-05,1.772780e-05,1.729808e-05,1.675757e-05,1.531715e-05,1.237469e-05,8.132452e-06,2.877626e-06,-3.092324e-06,-9.586531e-06,-1.641847e-05,-2.337238e-05,-3.031360e-05,7.745598e-05,7.187398e-05,6.629562e-05,6.067596e-05,5.496204e-05,4.878949e-05,4.187642e-05,3.447533e-05,2.655350e-05,1.753066e-05,7.013011e-06,-5.138617e-06,-1.881393e-05,-3.365839e-05,-4.914158e-05,-6.485409e-05,-8.058378e-05,-9.630694e-05,4.008259e-06,2.065502e-06,9.672850e-08,-1.579879e-06,-2.797199e-06,-3.860090e-06,-4.885275e-06,-5.876555e-06,-6.891769e-06,-7.650829e-06,-8.017644e-06,-8.291956e-06,-8.906713e-06,-1.014671e-05,-1.207369e-05,-1.450396e-05,-1.709776e-05,-1.967678e-05
3.519137e-06,-7.966179e-07,-6.400988e-05,4.926855e-04,5.110592e-04,5.291909e-04,5.460281e-04,5.660494e-04,5.899744e-04,6.201480e-04,6.488678e-04,6.709757e-04,6.392064e-04,5.966486e-04,5.473291e-04,4.965044e-04,4.471539e-04,4.007042e-04,3.581458e-04,3.176763e-04,2.769815e-04,4.872027e-05,3.329451e-05,1.786805e-05,2.443142e-06,-1.298853e-05,-2.816931e-05,-4.301497e-05,-5.823207e-05,-7.402508e-05,-8.948248e-05,-1.040021e-04,-1.174027e-04,-1.299092e-04,-1.418088e-04,-1.534099e-04,-1.650101e-04,-1.766675e-04,-1.883166e-04,2.608945e-05,2.640503e-05,2.672763e-05,2.680121e-05,2.643528e-05,2.584734e-05,2.500880e-05,2.368787e-05,2.173865e-05,1.827663e-05,1.264404e-05,5.177058e-06,-3.643246e-06,-1.336845e-05,-2.372172e-05,-3.446300e-05,-4.535529e-05,-5.623345e-05,7.424855e-05,6.894346e-05,6.364183e-05,5.829996e-05,5.286501e-05,4.699023e-05,4.040508e-05,3.333449e-05,2.572852e-05,1.699952e-05,6.747211e-06,-5.168514e-06,-1.863006e-05,-3.327603e-05,-4.856695e-05,-6.408713e-05,-7.962449e-05,-9.515547e-05,4.234733e-06,2.062257e-06,-1.356161e-07,-2.046578e-06,-3.500955e-06,-4.775434e-06,-5.970948e-06,-7.081269e-06,-8.152581e-06,-8.896553e-06,-9.171180e-06,-9.288067e-06,-9.696317e-06,-1.069462e-05,-1.235400e-05,-1.450136e-05,-1.680559e-05,-1.909561e-05
3.412614e-06,-1.077598e-06,-6.186271e-05,4.848974e-04,4.971545e-04,5.092162e-04,5.195209e-04,5.321577e-04,5.487071e-04,5.731857e-04,6.049367e-04,6.392064e-04,6.629614e-04,6.323761e-04,5.845711e-04,5.234550e-04,4.581068e-04,3.923624e-04,3.295483e-04,2.686051e-04,2.074758e-04,5.001802e-05,3.157779e-05,1.313709e-05,-5.303095e-06,-2.374759e-05,-4.197893e-05,-5.991665e-05,-7.805623e-05,-9.642108e-05,-1.140052e-04,-1.300844e-04,-1.444193e-04,-1.572915e-04,-1.691343e-04,-1.804602e-04,-1.917211e-04,-2.030298e-04,-2.143321e-04,3.863801e-05,3.765371e-05,3.667758e-05,3.542583e-05,3.363914e-05,3.139212e-05,2.857017e-05,2.489445e-05,2.015968e-05,1.347703e-05,4.161510e-06,-7.329043e-06,-2.031550e-05,-3.421591e-05,-4.870648e-05,-6.354060e-05,-7.851684e-05,-9.348019e-05,7.090152e-05,6.594589e-05,6.099352e-05,5.600218e-05,5.092060e-05,4.541900e-05,3.923742e-05,3.257066e-05,2.534972e-05,1.699248e-05,7.094653e-06,-4.489277e-06,-1.763833e-05,-3.198565e-05,-4.698300e-05,-6.220921e-05,-7.745268e-05,-9.268984e-05,2.599347e-06,3.300490e-07,-1.963988e-06,-3.976490e-06,-5.534246e-06,-6.886952e-06,-8.122006e-06,-9.225954e-06,-1.023525e-05,-1.086675e-05,-1.097672e-05,-1.088437e-05,-1.105154e-05,-1.178703e-05,-1.316642e-05,-1.502388e-05,-1.703371e-05,-1.902968e-05
3.488914e-06,-1.252302e-06,-5.979182e-05,4.756430e-04,4.839721e-04,4.921490e-04,4.981631e-04,5.055456e-04,5.154479e-04,5.326250e-04,5.590516e-04,5.966486e-04,6.323761e-04,6.576272e-04,6.217623e-04,5.622457e-04,4.867799e-04,4.050617e-04,3.231182e-04,2.420014e-04,1.607952e-04,3.724379e-05,1.846543e-05,-3.133141e-07,-1.909204e-05,-3.787457e-05,-5.645087e-05,-7.470673e-05,-9.292787e-05,-1.109605e-04,-1.277594e-04,-1.425092e-04,-1.548890e-04,-1.651776e-04,-1.739551e-04,-1.819493e-04,-1.897745e-04,-1.976215e-04,-2.054658e-04,5.036541e-05,4.619848e-05,4.204106e-05,3.758431e-05,3.252216e-05,2.685920e-05,2.046588e-05,1.308529e-05,4.518160e-06,-6.015229e-06,-1.913580e-05,-3.430023e-05,-5.069058e-05,-6.766215e-05,-8.492836e-05,-1.023276e-04,-1.197907e-04,-1.372467e-04,6.890187e-05,6.427919e-05,5.965958e-05,5.500233e-05,5.025896e-05,4.511240e-05,3.930831e-05,3.301150e-05,2.613396e-05,1.810634e-05,8.524697e-06,-2.763792e-06,-1.564142e-05,-2.973600e-05,-4.448907e-05,-5.947335e-05,-7.447556e-05,-8.947122e-05,6.471022e-07,-1.509335e-06,-3.689947e-06,-5.594062e-06,-7.046307e-06,-8.278363e-06,-9.372572e-06,-1.031676e-05,-1.114562e-05,-1.159491e-05,-1.153032e-05,-1.127350e-05,-1.129100e-05,-1.189351e-05,-1.315156e-05,-1.489617e-05,-1.679601e-05,-1.868168e-05
3.642753e-06,-1.321184e-06,-5.794038e-05,4.662038e-04,4.722241e-04,4.781238e-04,4.815904e-04,4.855900e-04,4.901510e-04,4.995015e-04,5.171601e-04,5.473291e-04,5.845711e-04,6.217623e-04,6.432109e-04,5.996015e-04,5.313262e-04,4.462634e-04,3.561708e-04,2.647545e-04,1.734494e-04,2.070237e-06,-1.212559e-05,-2.632182e-05,-4.051802e-05,-5.471906e-05,-6.869336e-05,-8.226287e-05,-9.551676e-05,-1.081504e-04,-1.191393e-04,-1.276502e-04,-1.333067e-04,-1.363062e-04,-1.373419e-04,-1.373308e-04,-1.370185e-04,-1.366847e-04,-1.363539e-04,5.848922e-05,5.077854e-05,4.307849e-05,3.506370e-05,2.640502e-05,1.710290e-05,7.074662e-06,-3.857739e-06,-1.583098e-05,-2.943166e-05,-4.511815e-05,-6.226288e-05,-7.995517e-05,-9.753820e-05,-1.148301e-04,-1.318581e-04,-1.487919e-04,-1.657296e-04,6.767514e-05,6.334991e-05,5.902759e-05,5.466894e-05,5.022891e-05,4.539830e-05,3.992338e-05,3.394070e-05,2.734596e-05,1.958899e-05,1.027536e-05,-7.500268e-07,-1.338181e-05,-2.724556e-05,-4.177413e-05,-5.653742e-05,-7.131990e-05,-8.609523e-05,-1.521864e-06,-3.382795e-06,-5.267417e-06,-6.880341e-06,-8.045361e-06,-8.984678e-06,-9.782771e-06,-1.043532e-05,-1.098189e-05,-1.118660e-05,-1.093646e-05,-1.055487e-05,-1.050809e-05,-1.110346e-05,-1.239871e-05,-1.420969e-05,-1.618734e-05,-1.814977e-05
4.072404e-06,-1.033958e-06,-5.629252e-05,4.576274e-04,4.621693e-04,4.666100e-04,4.685178e-04,4.704269e-04,4.707455e-04,4.724486e-04,4.791277e-04,4.965044e-04,5.234550e-04,5.622457e-04,5.996015e-04,6.222823e-04,5.821538e-04,5.193552e-04,4.429630e-04,3.626901e-04,2.826687e-04,-6.500766e-05,-6.818002e-05,-7.135292e-05,-7.452531e-05,-7.770482e-05,-8.061143e-05,-8.297781e-05,-8.470413e-05,-8.536111e-05,-8.399166e-05,-7.979333e-05,-7.235798e-05,-6.181190e-05,-4.892804e-05,-3.476747e-05,-2.015508e-05,-5.462461e-06,9.219660e-06,5.751821e-05,4.807806e-05,3.864914e-05,2.890252e-05,1.850938e-05,7.524888e-06,-4.032585e-06,-1.621369e-05,-2.904321e-05,-4.285564e-05,-5.788096e-05,-7.342823e-05,-8.853684e-05,-1.025614e-04,-1.154416e-04,-1.274884e-04,-1.392087e-04,-1.509485e-04,6.886219e-05,6.476088e-05,6.066233e-05,5.652883e-05,5.231968e-05,4.772872e-05,4.249806e-05,3.673604e-05,3.032386e-05,2.273362e-05,1.358585e-05,2.727461e-06,-9.745337e-06,-2.345739e-05,-3.783571e-05,-5.245263e-05,-6.709039e-05,-8.172013e-05,-1.935884e-06,-3.364770e-06,-4.816896e-06,-6.002920e-06,-6.747830e-06,-7.273420e-06,-7.673894e-06,-7.959526e-06,-8.180949e-06,-8.137561e-06,-7.744965e-06,-7.325122e-06,-7.338027e-06,-8.083720e-06,-9.604702e-06,-1.169024e-05,-1.396215e-05,-1.621710e-05
4.890436e-06,-4.588021e-07,-5.486336e-05,4.515109e-04,4.546393e-04,4.576672e-04,4.583207e-04,4.588976e-04,4.559011e-04,4.505444e-04,4.455904e-04,4.471539e-04,4.581068e-04,4.867799e-04,5.313262e-04,5.821538e-04,6.254054e-04,6.123375e-04,5.824427e-04,5.436204e-04,5.057011e-04,-1.582656e-04,-1.452694e-04,-1.322740e-04,-1.192772e-04,-1.062906e-04,-9.296514e-05,-7.892710e-05,-6.389699e-05,-4.734596e-05,-2.840882e-05,-6.334812e-06,1.932165e-05,4.850909e-05,8.038461e-05,1.137697e-04,1.477912e-04,1.819639e-04,2.161172e-04,4.315436e-05,3.531876e-05,2.749415e-05,1.936756e-05,1.064425e-05,1.496985e-06,-7.898146e-06,-1.741357e-05,-2.690958e-05,-3.642407e-05,-4.591461e-05,-5.467425e-05,-6.175947e-05,-6.658577e-05,-6.921668e-05,-7.031983e-05,-7.081234e-05,-7.134325e-05,7.360582e-05,6.957657e-05,6.554994e-05,6.148986e-05,5.736085e-05,5.285589e-05,4.770950e-05,4.200241e-05,3.560323e-05,2.800660e-05,1.884965e-05,7.982001e-06,-4.507523e-06,-1.824200e-05,-3.264388e-05,-4.729065e-05,-6.196001e-05,-7.662028e-05,-8.857622e-07,-1.772236e-06,-2.681484e-06,-3.331649e-06,-3.552362e-06,-3.574697e-06,-3.510895e-06,-3.393235e-06,-3.290693e-06,-3.043416e-06,-2.600495e-06,-2.275867e-06,-2.513703e-06,-3.599644e-06,-5.560556e-06,-8.150000e-06,-1.095152e-05,-1.373380e-05
5.745691e-06,4.888795e-07,-5.361288e-05,4.490475e-04,4.501346e-04,4.510942e-04,4.502020e-04,4.497139e-04,4.440497e-04,4.323831e-04,4.159713e-04,4.007042e-04,3.923624e-04,4.050617e-04,4.462634e-04,5.193552e-04,6.123375e-04,7.097189e-04,7.594620e-04,8.016851e-04,8.437830e-04,-2.586936e-04,-2.275160e-04,-1.963393e-04,-1.651600e-04,-1.339943e-04,-1.024127e-04,-6.992719e-05,-3.609395e-05,-3.097014e-07,3.818519e-05,8.008680e-05,1.259029e-04,1.756961e-04,2.285817e-04,2.832872e-04,3.388929e-04,3.947318e-04,4.505409e-04,1.094926e-05,8.410087e-06,5.880682e-06,3.090358e-06,-1.711974e-07,-3.539477e-06,-6.613683e-06,-9.025348e-06,-1.040574e-05,-1.044728e-05,-8.793859e-06,-4.766538e-06,2.501770e-06,1.347121e-05,2.785079e-05,4.454239e-05,6.216257e-05,7.972231e-05,7.892089e-05,7.493483e-05,7.095128e-05,6.693609e-05,6.285948e-05,5.841122e-05,5.331586e-05,4.762787e-05,4.120524e-05,3.356440e-05,2.435761e-05,1.343406e-05,8.711103e-07,-1.295476e-05,-2.746242e-05,-4.223254e-05,-5.702825e-05,-7.181353e-05,2.378163e-06,2.135370e-06,1.870337e-06,1.854804e-06,2.248396e-06,2.799901e-06,3.370047e-06,3.896211e-06,4.283120e-06,4.644036e-06,4.991700e-06,5.025343e-06,4.323681e-06,2.623630e-06,-7.241040e-08,-3.472313e-06,-7.114024e-06,-1.073381e-05
6.640207e-06,1.818287e-06,-5.252623e-05,4.501258e-04,4.484461e-04,4.465865e-04,4.437166e-04,4.421844e-04,4.342975e-04,4.171199e-04,3.899958e-04,3.581458e-04,3.295483e-04,3.231182e-04,3.561708e-04,4.429630e-04,5.824427e-04,7.594620e-04,9.527820e-04,1.113892e-03,1.280318e-03,-3.520063e-04,-3.033143e-04,-2.546236e-04,-2.059288e-04,-1.572508e-04,-1.080784e-04,-5.781277e-05,-5.870492e-06,4.839695e-05,1.056298e-04,1.664638e-04,2.314830e-04,3.008985e-04,3.738270e-04,4.489450e-04,5.253084e-04,6.019974e-04,6.786447e-04,-3.659991e-05,-3.116998e-05,-2.573229e-05,-2.049297e-05,-1.553250e-05,-1.023670e-05,-3.930155e-06,4.043075e-06,1.432899e-05,2.761316e-05,4.459098e-05,6.588800e-05,9.225711e-05,1.239971e-04,1.605148e-04,2.002095e-04,2.411799e-04,2.820649e-04,8.496203e-05,8.095540e-05,7.695118e-05,7.291733e-05,6.882990e-05,6.437436e-05,5.926431e-05,5.353030e-05,4.702214e-05,3.927755e-05,2.996307e-05,1.892570e-05,6.227627e-06,-7.759084e-06,-2.245290e-05,-3.743822e-05,-5.245335e-05,-6.745645e-05,8.211628e-06,8.649590e-06,9.065897e-06,9.719782e-06,1.075421e-05,1.188886e-05,1.295041e-05,1.383936e-05,1.442820e-05,1.478005e-05,1.486718e-05,1.440488e-05,1.299900e-05,1.041415e-05,6.692335e-06,2.181210e-06,-2.604997e-06,-7.366216e-06
7.582839e-06,3.177134e-06,-5.152814e-05,4.530852e-04,4.482532e-04,4.431765e-04,4.380814e-04,4.354475e-04,4.255029e-04,4.032207e-04,3.658286e-04,3.176763e-04,2.686051e-04,2.420014e-04,2.647545e-04,3.626901e-04,5.436204e-04,8.016851e-04,1.113892e-03,1.464830e-03,1.802550e-03,-4.367394e-04,-3.716714e-04,-3.066050e-04,-2.415330e-04,-1.764808e-04,-1.108588e-04,-4.396426e-05,2.490477e-05,9.641799e-05,1.710779e-04,2.494439e-04,3.321687e-04,4.196171e-04,5.109292e-04,6.047535e-04,7.001470e-04,7.959618e-04,8.917229e-04,-9.025246e-05,-7.582872e-05,-6.139957e-05,-4.709655e-05,-3.284799e-05,-1.776518e-05,-8.788655e-07,1.877165e-05,4.212769e-05,7.026494e-05,1.042280e-04,1.445822e-04,1.919533e-04,2.464698e-04,3.072199e-04,3.720722e-04,4.385768e-04,5.049697e-04,9.154684e-05,8.748949e-05,8.343450e-05,7.935196e-05,7.522396e-05,7.073195e-05,6.557943e-05,5.977607e-05,5.316661e-05,4.531169e-05,3.589378e-05,2.475845e-05,1.195203e-05,-2.160134e-06,-1.699820e-05,-3.215320e-05,-4.734197e-05,-6.251706e-05,1.387937e-05,1.508385e-05,1.626727e-05,1.767573e-05,1.943334e-05,2.122788e-05,2.285016e-05,2.416218e-05,2.500232e-05,2.538256e-05,2.523370e-05,2.428749e-05,2.217781e-05,1.869756e-05,1.392993e-05,8.281153e-06,2.320932e-06,-3.611021e-06
8.492988e-06,4.511896e-06,-5.051240e-05,4.558288e-04,4.478658e-04,4.395941e-04,4.322867e-04,4.285506e-04,4.165348e-04,3.891229e-04,3.414411e-04,2.769815e-04,2.074758e-04,1.607952e-04,1.734494e-04,2.826687e-04,5.057011e-04,8.437830e-04,1.280318e-03,1.802550e-03,2.382554e-03,-5.216171e-04,-4.401352e-04,-3.586551e-04,-2.771680e-04,-1.957035e-04,-1.135940e-04,-3.003249e-05,5.580261e-05,1.446034e-04,2.367353e-04,3.326820e-04,4.331647e-04,5.387011e-04,6.484530e-04,7.610398e-04,8.755180e-04,9.905118e-04,1.105440e-03,-1.433650e-04,-1.200256e-04,-9.668312e-05,-7.339510e-05,-4.993908e-05,-2.515360e-05,2.223026e-06,3.345499e-05,6.977760e-05,1.126558e-04,1.634827e-04,2.227645e-04,2.910005e-04,3.681503e-04,4.529851e-04,5.428450e-04,6.347337e-04,7.264848e-04,9.781193e-05,9.372045e-05,8.963125e-05,8.551663e-05,8.136467e-05,7.685297e-05,7.167505e-05,6.581965e-05,5.912645e-05,5.117923e-05,4.167637e-05,3.046209e-05,1.756687e-05,3.349428e-06,-1.161207e-05,-2.691536e-05,-4.225602e-05,-5.758139e-05,1.935739e-05,2.133205e-05,2.328623e-05,2.545297e-05,2.793770e-05,3.039675e-05,3.258545e-05,3.432761e-05,3.542780e-05,3.584703e-05,3.547461e-05,3.405870e-05,3.126111e-05,2.690286e-05,2.110805e-05,1.434109e-05,7.226630e-06,1.436736e-07
-2.534902e-04,9.120134e-06,-3.133762e-06,1.617901e-04,1.187155e-04,7.488530e-05,3.915090e-05,3.082944e-06,-1.169505e-05,1.028620e-05,3.670579e-05,4.872027e-05,5.001802e-05,3.724379e-05,2.070237e-06,-6.500766e-05,-1.582656e-04,-2.586936e-04,-3.520063e-04,-4.367394e-04,-5.216171e-04,3.904082e-03,3.588762e-03,3.279014e-03,2.980394e-03,2.698535e-03,2.437180e-03,2.199006e-03,1.983621e-03,1.789355e-03,1.613034e-03,1.451357e-03,1.300797e-03,1.157750e-03,1.019676e-03,8.844261e-04,7.500695e-04,6.156966e-04,4.813089e-04,-3.979320e-04,-3.692692e-04,-3.406062e-04,-3.115069e-04,-2.804698e-04,-2.473114e-04,-2.131124e-04,-1.795423e-04,-1.481464e-04,-1.197891e-04,-9.505085e-05,-7.398672e-05,-5.683490e-05,-4.330754e-05,-3.233697e-05,-2.292106e-05,-1.435891e-05,-5.764106e-06,-1.897580e-03,-1.844604e-03,-1.791601e-03,-1.738694e-03,-1.686659e-03,-1.635886e-03,-1.587041e-03,-1.540017e-03,-1.494699e-03,-1.450603e-03,-1.407952e-03,-1.366818e-03,-1.326920e-03,-1.287805e-03,-1.249217e-03,-1.211089e-03,-1.173207e-03,-1.135305e-03,1.511903e-04,1.366262e-04,1.220641e-04,1.074142e-04,9.233664e-05,7.697602e-05,6.201040e-05,4.825778e-05,3.652369e-05,2.721564e-05,2.040429e-05,1.574963e-05,1.270371e-05,1.095137e-05,1.034297e-05,1.050108e-05,1.089099e-05,1.125468e-05
-2.530714e-04,8.914819e-06,-2.358953e-06,1.420091e-04,1.028165e-04,6.295127e-05,3.037959e-05,-2.438930e-06,-1.608261e-05,3.147579e-06,2.532873e-05,3.329451e-05,3.157779e-05,1.846543e-05,-1.212559e-05,-6.818002e-05,-1.452694e-04,-2.275160e-04,-3.033143e-04,-3.716714e-04,-4.401352e-04,3.588762e-03,3.334015e-03,3.077779e-03,2.827503e-03,2.588306e-03,2.364243e-03,2.158242e-03,1.970462e-03,1.799861e-03,1.643940e-03,1.500092e-03,1.365489e-03,1.237151e-03,1.112951e-03,9.911001e-04,8.700002e-04,7.488916e-04,6.277689e-04,-3.628576e-04,-3.363414e-04,-3.098250e-04,-2.829117e-04,-2.542518e-04,-2.236849e-04,-1.921853e-04,-1.612750e-04,-1.323605e-04,-1.061853e-04,-8.322907e-05,-6.351660e-05,-4.722950e-05,-3.410068e-05,-2.319206e-05,-1.363519e-05,-4.824388e-06,4.014094e-06,-1.915405e-03,-1.859998e-03,-1.804565e-03,-1.749217e-03,-1.694696e-03,-1.641368e-03,-1.589881e-03,-1.540135e-03,-1.492029e-03,-1.445088e-03,-1.399552e-03,-1.355513e-03,-1.312706e-03,-1.270681e-03,-1.229184e-03,-1.188159e-03,-1.147388e-03,-1.106597e-03,1.471347e-04,1.329182e-04,1.187039e-04,1.044047e-04,8.970268e-05,7.474714e-05,6.020019e-05,4.686117e-05,3.551914e-05,2.656493e-05,2.005676e-05,1.565664e-05,1.281817e-05,1.123204e-05,1.076651e-05,1.105713e-05,1.157123e-05,1.205967e-05
-2.526525e-04,8.709678e-06,-1.584068e-06,1.222273e-04,8.691614e-05,5.101539e-05,2.160596e-05,-7.963205e-06,-2.047225e-05,-3.992570e-06,1.395062e-05,1.786805e-05,1.313709e-05,-3.133141e-07,-2.632182e-05,-7.135292e-05,-1.322740e-04,-1.963393e-04,-2.546236e-04,-3.066050e-04,-3.586551e-04,3.279014e-03,3.077779e-03,2.876947e-03,2.674508e-03,2.478106e-03,2.291299e-03,2.117480e-03,1.957302e-03,1.810367e-03,1.674846e-03,1.548827e-03,1.430180e-03,1.316550e-03,1.206225e-03,1.097772e-03,9.899287e-04,8.820840e-04,7.742260e-04,-3.277820e-04,-3.034125e-04,-2.790431e-04,-2.543159e-04,-2.280334e-04,-2.000582e-04,-1.712582e-04,-1.430079e-04,-1.165750e-04,-9.258214e-05,-7.140805e-05,-5.304741e-05,-3.762521e-05,-2.489511e-05,-1.404861e-05,-4.350945e-06,4.708340e-06,1.379033e-05,-1.933229e-03,-1.875391e-03,-1.817529e-03,-1.759740e-03,-1.702732e-03,-1.646849e-03,-1.592719e-03,-1.540251e-03,-1.489357e-03,-1.439572e-03,-1.391152e-03,-1.344208e-03,-1.298492e-03,-1.253556e-03,-1.209149e-03,-1.165227e-03,-1.121569e-03,-1.077889e-03,1.430804e-04,1.292115e-04,1.153448e-04,1.013963e-04,8.706988e-05,7.251942e-05,5.839111e-05,4.546568e-05,3.451569e-05,2.591530e-05,1.971027e-05,1.556467e-05,1.293359e-05,1.151365e-05,1.119097e-05,1.161406e-05,1.225231e-05,1.286547e-05
-2.522342e-04,8.503968e-06,-8.093038e-07,1.024396e-04,7.101374e-05,3.908123e-05,1.283749e-05,-1.348061e-05,-2.485546e-05,-1.112795e-05,2.575538e-06,2.443142e-06,-5.303095e-06,-1.909204e-05,-4.051802e-05,-7.452531e-05,-1.192772e-04,-1.651600e-04,-2.059288e-04,-2.415330e-04,-2.771680e-04,2.980394e-03,2.827503e-03,2.674508e-03,2.521935e-03,2.367788e-03,2.218383e-03,2.076709e-03,1.944145e-03,1.820873e-03,1.705755e-03,1.597566e-03,1.494876e-03,1.395955e-03,1.299505e-03,1.204452e-03,1.109866e-03,1.015286e-03,9.206938e-04,-2.927224e-04,-2.704977e-04,-2.482732e-04,-2.257301e-04,-2.018231e-04,-1.764377e-04,-1.503355e-04,-1.247436e-04,-1.007908e-04,-7.897867e-05,-5.958533e-05,-4.257518e-05,-2.801657e-05,-1.568391e-05,-4.898283e-06,4.941416e-06,1.425042e-05,2.357715e-05,-1.951058e-03,-1.890789e-03,-1.830497e-03,-1.770267e-03,-1.710772e-03,-1.652334e-03,-1.595562e-03,-1.540372e-03,-1.486689e-03,-1.434060e-03,-1.382754e-03,-1.332906e-03,-1.284280e-03,-1.236434e-03,-1.189118e-03,-1.142298e-03,-1.095752e-03,-1.049183e-03,1.390220e-04,1.255007e-04,1.119818e-04,9.838391e-05,8.443313e-05,7.028776e-05,5.657816e-05,4.406636e-05,3.350850e-05,2.526204e-05,1.936027e-05,1.546933e-05,1.304580e-05,1.179220e-05,1.161250e-05,1.216822e-05,1.293078e-05,1.366881e-05
-2.518137e-04,8.300301e-06,-3.357906e-08,8.257859e-05,5.504440e-05,2.708654e-05,4.014927e-06,-1.904274e-05,-2.927119e-05,-1.828386e-05,-8.811379e-06,-1.298853e-05,-2.374759e-05,-3.787457e-05,-5.471906e-05,-7.770482e-05,-1.062906e-04,-1.339943e-04,-1.572508e-04,-1.764808e-04,-1.957035e-04,2.698535e-03,2.588306e-03,2.478106e-03,2.367788e-03,2.257925e-03,2.145370e-03,2.035979e-03,1.930984e-03,1.831380e-03,1.736655e-03,1.646292e-03,1.559553e-03,1.475337e-03,1.392758e-03,1.311100e-03,1.229767e-03,1.148447e-03,1.067116e-03,-2.576783e-04,-2.375977e-04,-2.175175e-04,-1.971579e-04,-1.756257e-04,-1.528296e-04,-1.294246e-04,-1.064907e-04,-8.501757e-05,-6.538612e-05,-4.777355e-05,-3.211404e-05,-1.841930e-05,-6.484471e-06,4.239846e-06,1.422109e-05,2.377930e-05,3.335027e-05,-1.968871e-03,-1.906172e-03,-1.843449e-03,-1.780779e-03,-1.718798e-03,-1.657805e-03,-1.598390e-03,-1.540480e-03,-1.484008e-03,-1.428535e-03,-1.374345e-03,-1.321591e-03,-1.270057e-03,-1.219301e-03,-1.169077e-03,-1.119359e-03,-1.069925e-03,-1.020467e-03,1.349789e-04,1.218049e-04,1.086335e-04,9.538601e-05,8.181056e-05,6.806999e-05,5.477877e-05,4.268027e-05,3.251418e-05,2.462127e-05,1.902236e-05,1.538567e-05,1.316929e-05,1.208163e-05,1.204455e-05,1.273253e-05,1.361903e-05,1.448156e-05
-2.513661e-04,8.117559e-06,7.101061e-07,6.324285e-05,3.963397e-05,1.568415e-05,-4.181901e-06,-2.399924e-05,-3.315868e-05,-2.502446e-05,-1.988136e-05,-2.816931e-05,-4.197893e-05,-5.645087e-05,-6.869336e-05,-8.061143e-05,-9.296514e-05,-1.024127e-04,-1.080784e-04,-1.108588e-04,-1.135940e-04,2.437180e-03,2.364243e-03,2.291299e-03,2.218383e-03,2.145370e-03,2.071870e-03,1.994377e-03,1.917247e-03,1.841411e-03,1.767221e-03,1.694805e-03,1.624138e-03,1.554740e-03,1.486143e-03,1.417990e-03,1.350018e-03,1.282068e-03,1.214107e-03,-2.232906e-04,-2.053174e-04,-1.873444e-04,-1.691319e-04,-1.499364e-04,-1.296905e-04,-1.089436e-04,-8.862742e-05,-6.959293e-05,-5.210010e-05,-3.622570e-05,-2.187353e-05,-8.998471e-06,2.583669e-06,1.329264e-05,2.346193e-05,3.331618e-05,4.317821e-05,-1.986401e-03,-1.921287e-03,-1.856150e-03,-1.791055e-03,-1.726602e-03,-1.663070e-03,-1.601027e-03,-1.540408e-03,-1.481161e-03,-1.422856e-03,-1.365793e-03,-1.310147e-03,-1.255716e-03,-1.202062e-03,-1.148941e-03,-1.096339e-03,-1.044029e-03,-9.916947e-04,1.311198e-04,1.182884e-04,1.054598e-04,9.255803e-05,7.935319e-05,6.601254e-05,5.313461e-05,4.144396e-05,3.166375e-05,2.411820e-05,1.881585e-05,1.542686e-05,1.341070e-05,1.248160e-05,1.257925e-05,1.339126e-05,1.439333e-05,1.537200e-05
-2.508781e-04,7.948675e-06,1.403092e-06,4.501636e-05,2.530304e-05,5.329058e-06,-1.134209e-05,-2.800475e-05,-3.624048e-05,-3.115913e-05,-3.051538e-05,-4.301497e-05,-5.991665e-05,-7.470673e-05,-8.226287e-05,-8.297781e-05,-7.892710e-05,-6.992719e-05,-5.781277e-05,-4.396426e-05,-3.003249e-05,2.199006e-03,2.158242e-03,2.117480e-03,2.076709e-03,2.035979e-03,1.994377e-03,1.951250e-03,1.901845e-03,1.850309e-03,1.796979e-03,1.742867e-03,1.688602e-03,1.634347e-03,1.580049e-03,1.525712e-03,1.471413e-03,1.417142e-03,1.362862e-03,-1.905235e-04,-1.745784e-04,-1.586336e-04,-1.424882e-04,-1.255420e-04,-1.077498e-04,-8.955585e-05,-7.174473e-05,-5.502883e-05,-3.954884e-05,-2.528286e-05,-1.210453e-05,8.795722e-08,1.145780e-05,2.229456e-05,3.279681e-05,4.309301e-05,5.339197e-05,-2.003448e-03,-1.935949e-03,-1.868430e-03,-1.800940e-03,-1.734048e-03,-1.668007e-03,-1.603365e-03,-1.540064e-03,-1.478064e-03,-1.416948e-03,-1.357033e-03,-1.298514e-03,-1.241206e-03,-1.184673e-03,-1.128673e-03,-1.073205e-03,-1.018038e-03,-9.628457e-04,1.274309e-04,1.149385e-04,1.024489e-04,8.988941e-05,7.705077e-05,6.410442e-05,5.163300e-05,4.034233e-05,3.093907e-05,2.373131e-05,1.871564e-05,1.556406e-05,1.373716e-05,1.295487e-05,1.317468e-05,1.409754e-05,1.520174e-05,1.628315e-05
-2.503201e-04,7.790307e-06,2.086057e-06,2.805387e-05,1.194153e-05,-4.355998e-06,-1.808318e-05,-3.188839e-05,-3.949016e-05,-3.768899e-05,-4.161419e-05,-5.823207e-05,-7.805623e-05,-9.292787e-05,-9.551676e-05,-8.470413e-05,-6.389699e-05,-3.609395e-05,-5.870492e-06,2.490477e-05,5.580261e-05,1.983621e-03,1.970462e-03,1.957302e-03,1.944145e-03,1.930984e-03,1.917247e-03,1.901845e-03,1.883135e-03,1.856241e-03,1.824772e-03,1.789749e-03,1.752692e-03,1.714354e-03,1.675117e-03,1.635349e-03,1.595474e-03,1.555634e-03,1.515785e-03,-1.601918e-04,-1.461980e-04,-1.322043e-04,-1.180470e-04,-1.032578e-04,-8.780931e-05,-7.204039e-05,-5.658809e-05,-4.202610e-05,-2.837642e-05,-1.552105e-05,-3.304812e-06,8.429475e-06,1.982221e-05,3.103061e-05,4.211528e-05,5.310572e-05,6.409377e-05,-2.019765e-03,-1.949926e-03,-1.880067e-03,-1.810228e-03,-1.740941e-03,-1.672434e-03,-1.605232e-03,-1.539284e-03,-1.474560e-03,-1.410659e-03,-1.347911e-03,-1.286534e-03,-1.226362e-03,-1.166962e-03,-1.108095e-03,-1.049769e-03,-9.917546e-04,-9.337136e-04,1.238548e-04,1.117069e-04,9.956203e-05,8.735006e-05,7.488127e-05,6.233070e-05,5.026508e-05,3.937138e-05,3.033973e-05,2.346226e-05,1.872409e-05,1.579926e-05,1.414968e-05,1.350111e-05,1.382901e-05,1.484799e-05,1.603928e-05,1.720840e-05
-2.497122e-04,7.623723e-06,2.778591e-06,1.237047e-05,-5.635089e-07,-1.361347e-05,-2.475911e-05,-3.608438e-05,-4.338418e-05,-4.505922e-05,-5.353838e-05,-7.402508e-05,-9.642108e-05,-1.109605e-04,-1.081504e-04,-8.536111e-05,-4.734596e-05,-3.097014e-07,4.839695e-05,9.641799e-05,1.446034e-04,1.789355e-03,1.799861e-03,1.810367e-03,1.820873e-03,1.831380e-03,1.841411e-03,1.850309e-03,1.856241e-03,1.857539e-03,1.848845e-03,1.834474e-03,1.815965e-03,1.794904e-03,1.772054e-03,1.748175e-03,1.724034e-03,1.699938e-03,1.675834e-03,-1.325643e-04,-1.205007e-04,-1.084371e-04,-9.624326e-05,-8.356992e-05,-7.039965e-05,-5.696306e-05,-4.374596e-05,-3.117985e-05,-1.916859e-05,-7.502864e-06,3.998390e-06,1.554464e-05,2.724986e-05,3.913485e-05,5.111687e-05,6.312146e-05,7.511829e-05,-2.035514e-03,-1.963377e-03,-1.891222e-03,-1.819076e-03,-1.747436e-03,-1.676504e-03,-1.606779e-03,-1.538214e-03,-1.470791e-03,-1.404121e-03,-1.338551e-03,-1.274322e-03,-1.211286e-03,-1.149014e-03,-1.087273e-03,-1.026083e-03,-9.652144e-04,-9.043177e-04,1.202057e-04,1.084189e-04,9.663519e-05,8.478688e-05,7.270190e-05,6.055838e-05,4.890701e-05,3.841551e-05,2.975712e-05,2.320819e-05,1.874308e-05,1.603823e-05,1.455729e-05,1.403219e-05,1.445668e-05,1.555946e-05,1.682508e-05,1.806918e-05
-2.490502e-04,7.419417e-06,3.456848e-06,-2.162172e-06,-1.225278e-05,-2.239680e-05,-3.123370e-05,-4.033619e-05,-4.751381e-05,-5.267717e-05,-6.551962e-05,-8.948248e-05,-1.140052e-04,-1.277594e-04,-1.191393e-04,-8.399166e-05,-2.840882e-05,3.818519e-05,1.056298e-04,1.710779e-04,2.367353e-04,1.613034e-03,1.643940e-03,1.674846e-03,1.705755e-03,1.736655e-03,1.767221e-03,1.796979e-03,1.824772e-03,1.848845e-03,1.867108e-03,1.874932e-03,1.877163e-03,1.875347e-03,1.870879e-03,1.864851e-03,1.858408e-03,1.852016e-03,1.845617e-03,-1.071437e-04,-9.706509e-05,-8.698620e-05,-7.680681e-05,-6.628374e-05,-5.540165e-05,-4.427840e-05,-3.324417e-05,-2.258393e-05,-1.208225e-05,-1.444314e-06,9.534396e-06,2.111300e-05,3.337576e-05,4.620235e-05,5.936011e-05,7.266383e-05,8.595410e-05,-2.050664e-03,-1.976275e-03,-1.901869e-03,-1.827461e-03,-1.753513e-03,-1.680200e-03,-1.607993e-03,-1.536848e-03,-1.466754e-03,-1.397336e-03,-1.328957e-03,-1.261881e-03,-1.195981e-03,-1.130834e-03,-1.066213e-03,-1.002152e-03,-9.384206e-04,-8.746604e-04,1.162269e-04,1.048254e-04,9.342693e-05,8.196614e-05,7.028709e-05,5.857038e-05,4.735049e-05,3.727552e-05,2.900131e-05,2.278848e-05,1.860143e-05,1.611920e-05,1.480721e-05,1.440369e-05,1.492095e-05,1.610244e-05,1.743666e-05,1.875005e-05
