2.884582e-05,-4.553233e-07,-1.199753e-07,7.497117e-07,1.151938e-06,1.535678e-06,1.606983e-06,1.582391e-06,1.734113e-06,2.726537e-06,2.840863e-06,1.749362e-06,1.038842e-06,8.762809e-07,3.686422e-07,9.084414e-07,3.329709e-06,5.476231e-06,7.362209e-06,9.300986e-06,1.102336e-05,-1.796316e-04,-1.800779e-04,-1.805232e-04,-1.809730e-04,-1.814065e-04,-1.816605e-04,-1.816627e-04,-1.812327e-04,-1.805349e-04,-1.795458e-04,-1.784495e-04,-1.774230e-04,-1.763995e-04,-1.752857e-04,-1.740813e-04,-1.728741e-04,-1.717285e-04,-1.705689e-04,1.343278e-06,2.063404e-06,2.782902e-06,3.466534e-06,4.042970e-06,4.547840e-06,4.886857e-06,5.092389e-06,5.145086e-06,4.989411e-06,4.753405e-06,4.492573e-06,4.362160e-06,4.394879e-06,4.478706e-06,4.566496e-06,4.716525e-06,4.872787e-06,2.476523e-04,2.375334e-04,2.273987e-04,2.172102e-04,2.073477e-04,1.978403e-04,1.890333e-04,1.807122e-04,1.727862e-04,1.648665e-04,1.574136e-04,1.507743e-04,1.449004e-04,1.394579e-04,1.343241e-04,1.296271e-04,1.252287e-04,1.208053e-04,-2.065824e-05,-1.737579e-05,-1.409992e-05,-1.073015e-05,-6.993304e-06,-2.929517e-06,1.077770e-06,4.503356e-06,6.776185e-06,7.631900e-06,7.041283e-06,5.274417e-06,2.797148e-06,-2.428788e-07,-4.000754e-06,-8.317497e-06,-1.276659e-05,-1.719717e-05
-4.553233e-07,2.745833e-05,-7.158469e-08,2.309488e-06,1.626778e-06,1.429982e-06,9.872749e-07,3.363749e-07,3.972697e-07,1.294662e-06,1.585876e-06,1.659486e-06,4.911600e-07,-8.417422e-07,-2.584675e-06,-2.945286e-06,-2.279746e-06,6.194753e-08,4.179425e-06,8.234903e-06,1.212690e-05,5.033509e-06,5.170129e-06,5.308066e-06,5.441673e-06,5.590889e-06,5.892991e-06,6.302897e-06,6.784793e-06,7.178107e-06,7.268182e-06,7.045491e-06,6.528505e-06,5.835627e-06,4.995430e-06,3.945549e-06,2.734312e-06,1.479111e-06,2.323808e-07,-1.763829e-04,-1.754231e-04,-1.744443e-04,-1.733224e-04,-1.722180e-04,-1.710360e-04,-1.698885e-04,-1.688010e-04,-1.677899e-04,-1.668575e-04,-1.661869e-04,-1.656634e-04,-1.652684e-04,-1.650555e-04,-1.649344e-04,-1.647977e-04,-1.646182e-04,-1.644288e-04,-1.966470e-05,-1.651459e-05,-1.337001e-05,-1.014345e-05,-6.591456e-06,-2.740842e-06,1.041300e-06,4.253176e-06,6.372114e-06,7.143345e-06,6.546588e-06,4.842080e-06,2.485379e-06,-3.644564e-07,-3.852836e-06,-7.846750e-06,-1.195386e-05,-1.604350e-05,1.811315e-04,1.840341e-04,1.869270e-04,1.894188e-04,1.911643e-04,1.913409e-04,1.895714e-04,1.855363e-04,1.797113e-04,1.725019e-04,1.648941e-04,1.570863e-04,1.493066e-04,1.418786e-04,1.347549e-04,1.276084e-04,1.203078e-04,1.130059e-04
-1.199753e-07,-7.158469e-08,5.859171e-06,-4.847534e-05,-4.932159e-05,-4.995769e-05,-4.939131e-05,-4.967382e-05,-4.924367e-05,-4.992957e-05,-4.926476e-05,-4.843218e-05,-4.495486e-05,-4.232589e-05,-4.074665e-05,-3.988642e-05,-3.977274e-05,-4.014184e-05,-4.079640e-05,-4.161751e-05,-4.233390e-05,-3.861425e-06,-3.155234e-06,-2.448528e-06,-1.742752e-06,-1.031472e-06,-5.398767e-07,-3.800192e-07,-1.981240e-07,2.009991e-07,6.562251e-07,1.072912e-06,1.404942e-06,1.687801e-06,1.956541e-06,2.201475e-06,2.459439e-06,2.745062e-06,3.025060e-06,2.246392e-06,1.504819e-06,7.535671e-07,2.369035e-07,6.318392e-08,-6.292804e-08,-2.722337e-07,-5.702919e-07,-9.938135e-07,-1.351016e-06,-1.483148e-06,-1.453890e-06,-1.298127e-06,-1.097804e-06,-8.753651e-07,-6.272928e-07,-3.934608e-07,-1.637203e-07,1.120203e-06,1.053649e-07,-9.102676e-07,-1.918902e-06,-2.948991e-06,-3.780715e-06,-4.259645e-06,-4.643812e-06,-4.957968e-06,-4.802422e-06,-3.868447e-06,-2.005427e-06,7.649116e-07,4.221629e-06,8.013545e-06,1.188520e-05,1.573538e-05,1.958281e-05,-2.576501e-06,-1.771510e-06,-9.430045e-07,-3.738926e-07,-2.050347e-07,-1.699622e-07,-1.639239e-07,-1.788107e-07,-1.706314e-07,-3.405507e-07,-7.787887e-07,-1.242601e-06,-1.377759e-06,-9.508073e-07,8.503428e-08,1.564293e-06,3.192354e-06,4.807159e-06
7.497117e-07,2.309488e-06,-4.847534e-05,2.769553e-03,1.448038e-03,5.365959e-04,2.088370e-04,2.284700e-04,3.087024e-04,3.974660e-04,4.332344e-04,4.322423e-04,3.986657e-04,3.557431e-04,3.138981e-04,2.815944e-04,2.723005e-04,2.864067e-04,3.174800e-04,3.587765e-04,3.986473e-04,2.782800e-04,2.489076e-04,2.195591e-04,1.900309e-04,1.602807e-04,1.295953e-04,1.001214e-04,7.298069e-05,4.760850e-05,2.501052e-05,5.302595e-06,-1.180128e-05,-2.722654e-05,-4.154991e-05,-5.515019e-05,-6.865021e-05,-8.251712e-05,-9.632431e-05,-9.117659e-04,-7.336498e-04,-5.540816e-04,-3.925324e-04,-2.578790e-04,-1.491996e-04,-6.511508e-05,-2.087466e-06,4.298399e-05,7.174189e-05,8.670627e-05,9.117829e-05,8.797491e-05,8.028082e-05,6.984242e-05,5.755341e-05,4.463041e-05,3.178566e-05,-2.012758e-05,-9.948782e-06,2.338212e-07,1.017933e-05,2.005418e-05,2.854548e-05,3.427296e-05,3.881048e-05,4.222237e-05,4.122918e-05,3.335407e-05,1.745581e-05,-6.179093e-06,-3.566920e-05,-6.804529e-05,-1.011459e-04,-1.340680e-04,-1.669692e-04,6.485029e-05,4.775077e-05,3.026825e-05,1.678773e-05,9.130795e-06,5.054699e-06,3.388019e-06,3.376246e-06,4.220650e-06,7.181635e-06,1.265701e-05,1.845430e-05,2.153034e-05,1.986801e-05,1.310873e-05,2.666336e-06,-8.990406e-06,-2.053864e-05
1.151938e-06,1.626778e-06,-4.932159e-05,1.448038e-03,1.061425e-03,5.788919e-04,3.698443e-04,3.376512e-04,3.582909e-04,4.046725e-04,4.236435e-04,4.253314e-04,3.978707e-04,3.656374e-04,3.358541e-04,3.125213e-04,3.037905e-04,3.086917e-04,3.239290e-04,3.454636e-04,3.658036e-04,2.063709e-04,1.808565e-04,1.553495e-04,1.297520e-04,1.038456e-04,7.913691e-05,5.774578e-05,3.879148e-05,2.090559e-05,4.915223e-06,-8.906829e-06,-2.061827e-05,-3.094739e-05,-4.041649e-05,-4.928534e-05,-5.813491e-05,-6.729441e-05,-7.639919e-05,-5.046643e-04,-3.980252e-04,-2.903264e-04,-1.957124e-04,-1.205809e-04,-6.170512e-05,-1.709342e-05,1.556457e-05,3.854717e-05,5.231609e-05,5.779362e-05,5.701329e-05,5.163982e-05,4.370684e-05,3.416634e-05,2.350382e-05,1.254597e-05,1.647371e-06,-1.472884e-05,-4.868735e-06,4.997098e-06,1.468922e-05,2.444313e-05,3.256009e-05,3.763494e-05,4.156390e-05,4.452838e-05,4.322529e-05,3.511876e-05,1.900508e-05,-4.871759e-06,-3.462525e-05,-6.726331e-05,-1.006017e-04,-1.337543e-04,-1.668851e-04,4.834281e-05,3.493223e-05,2.118745e-05,1.094257e-05,5.882135e-06,3.514058e-06,2.682380e-06,2.893752e-06,3.482983e-06,5.883215e-06,1.064968e-05,1.564762e-05,1.784435e-05,1.523711e-05,7.460501e-06,-4.065760e-06,-1.683786e-05,-2.949876e-05
1.535678e-06,1.429982e-06,-4.995769e-05,5.365959e-04,5.788919e-04,6.554268e-04,5.249625e-04,4.478295e-04,4.052125e-04,4.095180e-04,4.114576e-04,4.164244e-04,3.955474e-04,3.742585e-04,3.567700e-04,3.426987e-04,3.346349e-04,3.300182e-04,3.287517e-04,3.296407e-04,3.295795e-04,1.259851e-04,1.055110e-04,8.502765e-05,6.454282e-05,4.366389e-05,2.608803e-05,1.378156e-05,3.814346e-06,-6.000931e-06,-1.500608e-05,-2.272592e-05,-2.893307e-05,-3.411221e-05,-3.870891e-05,-4.284750e-05,-4.705283e-05,-5.150780e-05,-5.591337e-05,-8.373767e-05,-5.060732e-05,-1.681946e-05,8.663787e-06,2.206856e-05,2.908880e-05,3.239061e-05,3.308590e-05,3.266813e-05,3.042471e-05,2.565326e-05,1.906870e-05,1.113788e-05,2.688470e-06,-6.168869e-06,-1.537940e-05,-2.452829e-05,-3.363800e-05,-1.012412e-05,-4.785514e-07,9.174364e-06,1.870639e-05,2.841702e-05,3.622602e-05,4.071661e-05,4.409914e-05,4.666732e-05,4.510509e-05,3.682506e-05,2.056687e-05,-3.462481e-06,-3.337630e-05,-6.617475e-05,-9.965708e-05,-1.329502e-04,-1.662202e-04,3.353416e-05,2.415833e-05,1.449910e-05,7.829760e-06,5.657585e-06,5.210508e-06,5.339850e-06,5.811967e-06,6.108149e-06,7.840185e-06,1.174292e-05,1.576028e-05,1.689375e-05,1.317530e-05,4.238481e-06,-8.501129e-06,-2.251679e-05,-3.641895e-05
1.606983e-06,9.872749e-07,-4.939131e-05,2.088370e-04,3.698443e-04,5.249625e-04,6.609244e-04,5.325800e-04,4.488042e-04,4.117180e-04,3.979577e-04,4.016122e-04,3.846856e-04,3.717621e-04,3.629203e-04,3.543619e-04,3.461446e-04,3.363483e-04,3.269876e-04,3.178900e-04,3.079697e-04,1.242346e-04,9.867566e-05,7.309145e-05,4.758470e-05,2.160178e-05,1.177867e-06,-1.079112e-05,-1.873657e-05,-2.552742e-05,-3.089928e-05,-3.464325e-05,-3.674347e-05,-3.777902e-05,-3.826036e-05,-3.832144e-05,-3.850709e-05,-3.891055e-05,-3.926801e-05,1.104060e-04,1.055358e-04,1.009847e-04,9.151076e-05,7.432863e-05,5.653127e-05,4.116623e-05,2.832736e-05,1.879125e-05,1.109519e-05,3.582436e-06,-3.697031e-06,-1.089326e-05,-1.776557e-05,-2.452813e-05,-3.129610e-05,-3.784522e-05,-4.436451e-05,-1.044149e-05,-5.715248e-07,9.306675e-06,1.909558e-05,2.916051e-05,3.710427e-05,4.141083e-05,4.449402e-05,4.674851e-05,4.495560e-05,3.658933e-05,2.041330e-05,-3.378921e-06,-3.293268e-05,-6.529756e-05,-9.830842e-05,-1.311278e-04,-1.639244e-04,2.215667e-05,1.529087e-05,8.191398e-06,3.651265e-06,3.136827e-06,3.757827e-06,4.386720e-06,4.977448e-06,5.124905e-06,6.522491e-06,9.991905e-06,1.354788e-05,1.425642e-05,1.019340e-05,9.867292e-07,-1.197735e-05,-2.620628e-05,-4.032277e-05
1.582391e-06,3.363749e-07,-4.967382e-05,2.284700e-04,3.376512e-04,4.478295e-04,5.325800e-04,6.464120e-04,5.308802e-04,4.561794e-04,4.075662e-04,3.931489e-04,3.674850e-04,3.562072e-04,3.540756e-04,3.550842e-04,3.568380e-04,3.580635e-04,3.582659e-04,3.571561e-04,3.553094e-04,-7.442637e-06,-1.766808e-05,-2.792248e-05,-3.807291e-05,-4.864978e-05,-5.320587e-05,-4.885966e-05,-4.223783e-05,-3.666883e-05,-3.141279e-05,-2.614783e-05,-2.072860e-05,-1.540010e-05,-1.038487e-05,-5.461515e-06,-8.018853e-07,3.659536e-06,8.165904e-06,1.026256e-04,8.636201e-05,7.018534e-05,5.165068e-05,2.904539e-05,9.437043e-06,-4.451220e-06,-1.330147e-05,-1.703855e-05,-1.771804e-05,-1.748113e-05,-1.639637e-05,-1.478315e-05,-1.252096e-05,-9.707683e-06,-6.614008e-06,-3.164212e-06,3.079793e-07,-8.459195e-06,9.922878e-07,1.045277e-05,1.984456e-05,2.952666e-05,3.699996e-05,4.072232e-05,4.339505e-05,4.545666e-05,4.360950e-05,3.530740e-05,1.929648e-05,-4.267258e-06,-3.354196e-05,-6.558438e-05,-9.825612e-05,-1.307377e-04,-1.631960e-04,1.386159e-05,8.339995e-06,2.616470e-06,-8.382273e-07,-6.374216e-07,3.551732e-07,1.086487e-06,1.622431e-06,1.637375e-06,2.909598e-06,6.300448e-06,9.813127e-06,1.049591e-05,6.403308e-06,-2.872904e-06,-1.593161e-05,-3.026642e-05,-4.448770e-05
1.734113e-06,3.972697e-07,-4.924367e-05,3.087024e-04,3.582909e-04,4.052125e-04,4.488042e-04,5.308802e-04,6.443017e-04,5.219471e-04,4.418884e-04,3.910884e-04,3.473715e-04,3.290103e-04,3.286374e-04,3.382219e-04,3.522446e-04,3.679674e-04,3.811441e-04,3.920426e-04,4.022721e-04,-1.215867e-04,-1.137750e-04,-1.059834e-04,-9.811927e-05,-9.051261e-05,-7.793990e-05,-5.728505e-05,-3.737032e-05,-2.238359e-05,-1.051601e-05,-9.359398e-07,6.977454e-06,1.351253e-05,1.884299e-05,2.362774e-05,2.811240e-05,3.241466e-05,3.676060e-05,5.693715e-05,4.289820e-05,2.887472e-05,1.335683e-05,-4.865827e-06,-2.013355e-05,-2.992721e-05,-3.444867e-05,-3.328248e-05,-2.872048e-05,-2.287722e-05,-1.580057e-05,-7.897498e-06,8.976425e-07,1.057451e-05,2.071309e-05,3.129016e-05,4.188365e-05,-4.338759e-06,4.275527e-06,1.289796e-05,2.145773e-05,3.026045e-05,3.697160e-05,3.999260e-05,4.224958e-05,4.425781e-05,4.257905e-05,3.462699e-05,1.912374e-05,-3.811563e-06,-3.237331e-05,-6.366817e-05,-9.560365e-05,-1.273578e-04,-1.590881e-04,1.327782e-05,8.055546e-06,2.642906e-06,-6.231950e-07,-4.237017e-07,6.067352e-07,1.458276e-06,2.102323e-06,2.157402e-06,3.416342e-06,6.730920e-06,1.012516e-05,1.069239e-05,6.513405e-06,-2.829358e-06,-1.593242e-05,-3.030775e-05,-4.456992e-05
2.726537e-06,1.294662e-06,-4.992957e-05,3.974660e-04,4.046725e-04,4.095180e-04,4.117180e-04,4.561794e-04,5.219471e-04,6.414991e-04,5.268574e-04,4.354289e-04,3.511865e-04,3.090079e-04,2.985607e-04,3.093873e-04,3.325476e-04,3.626414e-04,3.918603e-04,4.212898e-04,4.499184e-04,-6.996477e-05,-5.724700e-05,-4.453708e-05,-3.180244e-05,-1.914261e-05,-3.719933e-06,1.630735e-05,3.157000e-05,3.807928e-05,3.986718e-05,3.881515e-05,3.598611e-05,3.176627e-05,2.640583e-05,2.069684e-05,1.494265e-05,8.974866e-06,3.053071e-06,-1.113001e-05,-1.499398e-05,-1.882673e-05,-2.404262e-05,-3.103799e-05,-3.570534e-05,-3.608531e-05,-3.200175e-05,-2.274641e-05,-1.168580e-05,-9.121148e-07,9.821880e-06,2.028711e-05,3.080468e-05,4.163466e-05,5.248611e-05,6.356381e-05,7.466758e-05,7.243146e-06,1.475494e-05,2.227395e-05,2.972592e-05,3.736744e-05,4.316224e-05,4.564533e-05,4.779105e-05,5.004450e-05,4.856554e-05,4.060301e-05,2.485160e-05,1.466805e-06,-2.770573e-05,-5.973006e-05,-9.246223e-05,-1.250099e-04,-1.575338e-04,2.089074e-05,1.549217e-05,9.898851e-06,6.451059e-06,6.341062e-06,7.106510e-06,7.766454e-06,8.184235e-06,7.906278e-06,8.864254e-06,1.192624e-05,1.507563e-05,1.538535e-05,1.091464e-05,1.223062e-06,-1.226827e-05,-2.704002e-05,-4.169763e-05
2.840863e-06,1.585876e-06,-4.926476e-05,4.332344e-04,4.236435e-04,4.114576e-04,3.979577e-04,4.075662e-04,4.418884e-04,5.268574e-04,6.380428e-04,5.037477e-04,3.957067e-04,3.219271e-04,2.913450e-04,2.870460e-04,3.028538e-04,3.324513e-04,3.673039e-04,4.064524e-04,4.445581e-04,1.026907e-05,1.669680e-05,2.312235e-05,2.955017e-05,3.597958e-05,4.389025e-05,5.389660e-05,5.823862e-05,5.287640e-05,4.364888e-05,3.344667e-05,2.314503e-05,1.249532e-05,1.453774e-06,-9.490672e-06,-2.033201e-05,-3.144519e-05,-4.250754e-05,-5.012402e-05,-4.632965e-05,-4.247876e-05,-4.005299e-05,-3.885848e-05,-3.543094e-05,-2.807798e-05,-1.645949e-05,4.746664e-07,1.711179e-05,3.017154e-05,4.037280e-05,4.809207e-05,5.428324e-05,5.962682e-05,6.423564e-05,6.872022e-05,7.325041e-05,9.644223e-06,1.665431e-05,2.367119e-05,3.062184e-05,3.773873e-05,4.320507e-05,4.574938e-05,4.810166e-05,5.074149e-05,4.960391e-05,4.182848e-05,2.614978e-05,2.801489e-06,-2.635843e-05,-5.839821e-05,-9.116347e-05,-1.237427e-04,-1.562997e-04,2.438108e-05,1.886325e-05,1.315030e-05,9.553384e-06,9.141381e-06,9.555500e-06,9.836039e-06,9.807567e-06,8.958329e-06,9.465234e-06,1.233462e-05,1.551312e-05,1.604552e-05,1.195987e-05,2.794325e-06,-1.007440e-05,-2.418074e-05,-3.817653e-05
1.749362e-06,1.659486e-06,-4.843218e-05,4.322423e-04,4.253314e-04,4.164244e-04,4.016122e-04,3.931489e-04,3.910884e-04,4.354289e-04,5.037477e-04,6.365124e-04,5.309470e-04,4.434413e-04,3.646506e-04,3.041549e-04,2.705024e-04,2.600817e-04,2.697431e-04,2.908077e-04,3.103098e-04,9.003005e-05,7.647651e-05,6.292194e-05,4.936381e-05,3.581034e-05,2.323410e-05,1.132003e-05,-4.833373e-06,-2.787227e-05,-5.073615e-05,-6.965511e-05,-8.415747e-05,-9.590938e-05,-1.058185e-04,-1.146441e-04,-1.234577e-04,-1.326707e-04,-1.418194e-04,-7.292277e-05,-5.159567e-05,-3.019014e-05,-1.044778e-05,7.420563e-06,2.574902e-05,4.509219e-05,6.470949e-05,8.467955e-05,9.750174e-05,9.862397e-05,9.016777e-05,7.463084e-05,5.475394e-05,3.174260e-05,6.646547e-06,-1.916561e-05,-4.489122e-05,-1.343087e-06,6.293858e-06,1.393702e-05,2.152509e-05,2.929152e-05,3.554200e-05,3.917892e-05,4.259339e-05,4.614932e-05,4.570587e-05,3.831168e-05,2.271195e-05,-7.339496e-07,-3.012242e-05,-6.244250e-05,-9.546954e-05,-1.283073e-04,-1.611254e-04,3.113711e-05,2.430701e-05,1.728381e-05,1.234642e-05,1.051347e-05,9.520044e-06,8.488066e-06,7.360680e-06,5.746674e-06,6.033109e-06,9.388038e-06,1.360197e-05,1.550198e-05,1.296798e-05,5.559120e-06,-5.423136e-06,-1.758191e-05,-2.963574e-05
1.038842e-06,4.911600e-07,-4.495486e-05,3.986657e-04,3.978707e-04,3.955474e-04,3.846856e-04,3.674850e-04,3.473715e-04,3.511865e-04,3.957067e-04,5.309470e-04,7.001392e-04,6.023024e-04,4.889448e-04,3.528283e-04,2.441832e-04,1.603769e-04,1.134696e-04,8.612728e-05,5.672169e-05,1.826320e-04,1.452333e-04,1.078340e-04,7.042864e-05,3.302509e-05,-3.869199e-06,-4.143620e-05,-8.301255e-05,-1.297057e-04,-1.737587e-04,-2.087396e-04,-2.325771e-04,-2.482080e-04,-2.579499e-04,-2.647498e-04,-2.715520e-04,-2.788790e-04,-2.861313e-04,-7.432454e-05,-4.195828e-05,-9.504509e-06,2.121715e-05,4.972112e-05,7.737373e-05,1.036022e-04,1.265525e-04,1.450756e-04,1.509324e-04,1.368179e-04,1.056123e-04,6.255292e-05,1.217231e-05,-4.409225e-05,-1.040102e-04,-1.653587e-04,-2.265747e-04,-7.025553e-06,3.049271e-07,7.640940e-06,1.493044e-05,2.239174e-05,2.853471e-05,3.251821e-05,3.650025e-05,4.074008e-05,4.132827e-05,3.514784e-05,2.072563e-05,-1.505677e-06,-2.966449e-05,-6.071878e-05,-9.240399e-05,-1.238958e-04,-1.553731e-04,2.793218e-05,2.023612e-05,1.236101e-05,6.435151e-06,3.378872e-06,1.141653e-06,-1.015437e-06,-3.024105e-06,-5.129397e-06,-4.985958e-06,-1.123024e-06,4.262025e-06,7.846223e-06,7.431444e-06,2.641315e-06,-5.389356e-06,-1.445493e-05,-2.342752e-05
8.762809e-07,-8.417422e-07,-4.232589e-05,3.557431e-04,3.656374e-04,3.742585e-04,3.717621e-04,3.562072e-04,3.290103e-04,3.090079e-04,3.219271e-04,4.434413e-04,6.023024e-04,7.953076e-04,6.840754e-04,5.119646e-04,3.157462e-04,1.201922e-04,-3.622830e-05,-1.719825e-04,-3.098178e-04,2.902982e-04,2.268414e-04,1.633843e-04,9.991927e-05,3.645404e-05,-2.675008e-05,-9.101856e-05,-1.586553e-04,-2.289990e-04,-2.940735e-04,-3.451888e-04,-3.779141e-04,-3.949133e-04,-4.004783e-04,-4.005474e-04,-4.006083e-04,-4.011833e-04,-4.016899e-04,-3.423573e-05,-1.274431e-05,8.842600e-06,2.853781e-05,4.559842e-05,6.082404e-05,7.323343e-05,8.077881e-05,8.187377e-05,6.956873e-05,3.568803e-05,-1.681239e-05,-8.120832e-05,-1.527359e-04,-2.309563e-04,-3.130332e-04,-3.966691e-04,-4.801625e-04,-9.059581e-06,-1.976320e-06,5.111376e-06,1.215908e-05,1.939208e-05,2.548745e-05,2.976299e-05,3.423963e-05,3.903632e-05,4.050460e-05,3.540189e-05,2.195074e-05,4.785763e-07,-2.708795e-05,-5.758476e-05,-8.861234e-05,-1.194381e-04,-1.502521e-04,1.999282e-05,1.203359e-05,3.905145e-06,-2.350577e-06,-5.840971e-06,-8.420206e-06,-1.073392e-05,-1.267460e-05,-1.442179e-05,-1.385939e-05,-9.441440e-06,-3.299020e-06,1.195121e-06,1.861563e-06,-1.548716e-06,-8.034385e-06,-1.548279e-05,-2.284409e-05
3.686422e-07,-2.584675e-06,-4.074665e-05,3.138981e-04,3.358541e-04,3.567700e-04,3.629203e-04,3.540756e-04,3.286374e-04,2.985607e-04,2.913450e-04,3.646506e-04,4.889448e-04,6.840754e-04,8.673507e-04,7.071911e-04,4.766697e-04,1.803770e-04,-9.502016e-05,-3.635585e-04,-6.330139e-04,3.258000e-04,2.531034e-04,1.804061e-04,1.077014e-04,3.498555e-05,-3.736079e-05,-1.101834e-04,-1.851063e-04,-2.602145e-04,-3.282398e-04,-3.809860e-04,-4.137254e-04,-4.259757e-04,-4.230611e-04,-4.132026e-04,-4.035128e-04,-3.940993e-04,-3.846463e-04,2.849200e-05,3.096782e-05,3.354347e-05,3.396725e-05,3.094886e-05,2.475160e-05,1.420842e-05,-2.690014e-06,-2.770612e-05,-6.580879e-05,-1.235215e-04,-1.962751e-04,-2.760838e-04,-3.583362e-04,-4.441431e-04,-5.313913e-04,-6.191699e-04,-7.068654e-04,-1.379915e-05,-6.729318e-06,3.445454e-07,7.377645e-06,1.458940e-05,2.072055e-05,2.511090e-05,2.970101e-05,3.450951e-05,3.618796e-05,3.170334e-05,1.928633e-05,-1.191538e-06,-2.782348e-05,-5.731523e-05,-8.720406e-05,-1.168954e-04,-1.465725e-04,8.463074e-06,1.053341e-07,-8.415752e-06,-1.507678e-05,-1.892553e-05,-2.162574e-05,-2.372862e-05,-2.507823e-05,-2.579601e-05,-2.401645e-05,-1.841496e-05,-1.124186e-05,-5.967998e-06,-4.787954e-06,-7.805649e-06,-1.401672e-05,-2.124387e-05,-2.837927e-05
9.084414e-07,-2.945286e-06,-3.988642e-05,2.815944e-04,3.125213e-04,3.426987e-04,3.543619e-04,3.550842e-04,3.382219e-04,3.093873e-04,2.870460e-04,3.041549e-04,3.528283e-04,5.119646e-04,7.071911e-04,8.777278e-04,6.836721e-04,3.825245e-04,4.243421e-05,-3.189483e-04,-6.798334e-04,2.275375e-04,1.715308e-04,1.155215e-04,5.951059e-05,3.461658e-06,-5.157917e-05,-1.053192e-04,-1.585236e-04,-2.084364e-04,-2.491364e-04,-2.743632e-04,-2.806976e-04,-2.670001e-04,-2.387418e-04,-2.046804e-04,-1.714233e-04,-1.379358e-04,-1.044622e-04,7.728816e-05,6.481778e-05,5.244310e-05,3.769943e-05,1.851821e-05,-5.176580e-06,-3.442382e-05,-7.093301e-05,-1.163348e-04,-1.733722e-04,-2.457611e-04,-3.272380e-04,-4.088008e-04,-4.850441e-04,-5.566919e-04,-6.240156e-04,-6.893428e-04,-7.547306e-04,-1.134452e-05,-4.044703e-06,3.257876e-06,1.052272e-05,1.799889e-05,2.438426e-05,2.890788e-05,3.337152e-05,3.767440e-05,3.871583e-05,3.379842e-05,2.138698e-05,1.271535e-06,-2.465984e-05,-5.308700e-05,-8.169362e-05,-1.101099e-04,-1.385040e-04,3.840352e-06,-4.452977e-06,-1.290680e-05,-1.949735e-05,-2.314971e-05,-2.541559e-05,-2.681434e-05,-2.718907e-05,-2.663181e-05,-2.353165e-05,-1.688941e-05,-9.077254e-06,-3.622785e-06,-2.817458e-06,-6.864608e-06,-1.458311e-05,-2.353832e-05,-3.238404e-05
3.329709e-06,-2.279746e-06,-3.977274e-05,2.723005e-04,3.037905e-04,3.346349e-04,3.461446e-04,3.568380e-04,3.522446e-04,3.325476e-04,3.028538e-04,2.705024e-04,2.441832e-04,3.157462e-04,4.766697e-04,6.836721e-04,8.504514e-04,6.624345e-04,4.013785e-04,6.879006e-05,-2.578455e-04,3.492926e-05,1.277030e-05,-9.393734e-06,-3.154957e-05,-5.377665e-05,-7.401379e-05,-9.045024e-05,-1.027878e-04,-1.077605e-04,-1.006278e-04,-7.714853e-05,-3.512133e-05,2.595059e-05,9.995357e-05,1.781973e-04,2.556266e-04,3.339795e-04,4.122408e-04,9.146782e-05,7.340536e-05,5.542415e-05,3.508503e-05,9.871014e-06,-1.990918e-05,-5.441693e-05,-9.435897e-05,-1.404563e-04,-1.931845e-04,-2.530378e-04,-3.135328e-04,-3.664761e-04,-4.064266e-04,-4.309494e-04,-4.436068e-04,-4.510485e-04,-4.587423e-04,6.348368e-06,1.353133e-05,2.071478e-05,2.786738e-05,3.531171e-05,4.163336e-05,4.588538e-05,4.969273e-05,5.284141e-05,5.233890e-05,4.580106e-05,3.195862e-05,1.076887e-05,-1.575964e-05,-4.430758e-05,-7.281538e-05,-1.011168e-04,-1.293869e-04,2.066377e-06,-5.185776e-06,-1.259874e-05,-1.813634e-05,-2.058682e-05,-2.150981e-05,-2.150538e-05,-2.052290e-05,-1.873927e-05,-1.480156e-05,-8.076236e-06,-8.713345e-07,3.490915e-06,2.733911e-06,-3.830251e-06,-1.475265e-05,-2.721273e-05,-3.953866e-05
5.476231e-06,6.194753e-08,-4.014184e-05,2.864067e-04,3.086917e-04,3.300182e-04,3.363483e-04,3.580635e-04,3.679674e-04,3.626414e-04,3.324513e-04,2.600817e-04,1.603769e-04,1.201922e-04,1.803770e-04,3.825245e-04,6.624345e-04,9.793285e-04,9.625336e-04,8.712084e-04,7.797640e-04,-1.656545e-04,-1.505229e-04,-1.353991e-04,-1.202547e-04,-1.052100e-04,-8.707141e-05,-6.223898e-05,-2.921762e-05,1.566289e-05,7.631777e-05,1.552726e-04,2.542205e-04,3.738410e-04,5.081265e-04,6.489693e-04,7.923985e-04,9.376438e-04,1.082681e-03,6.784719e-05,4.740767e-05,2.702660e-05,4.628685e-06,-2.194108e-05,-5.079991e-05,-7.994985e-05,-1.077409e-04,-1.325970e-04,-1.518675e-04,-1.618299e-04,-1.564883e-04,-1.294557e-04,-7.646630e-05,4.921029e-06,1.063742e-04,2.162906e-04,3.257175e-04,1.993150e-05,2.751737e-05,3.510120e-05,4.267605e-05,5.067002e-05,5.754830e-05,6.213315e-05,6.585412e-05,6.837200e-05,6.669299e-05,5.864568e-05,4.311711e-05,2.013325e-05,-8.255014e-06,-3.876909e-05,-6.949430e-05,-1.000269e-04,-1.305146e-04,5.484204e-06,8.863070e-07,-3.875766e-06,-6.765304e-06,-6.477779e-06,-4.709224e-06,-2.241794e-06,7.515618e-07,3.901707e-06,8.235097e-06,1.390735e-05,1.869874e-05,1.953440e-05,1.424848e-05,2.019270e-06,-1.528234e-05,-3.441301e-05,-5.338329e-05
7.362209e-06,4.179425e-06,-4.079640e-05,3.174800e-04,3.239290e-04,3.287517e-04,3.269876e-04,3.582659e-04,3.811441e-04,3.918603e-04,3.673039e-04,2.697431e-04,1.134696e-04,-3.622830e-05,-9.502016e-05,4.243421e-05,4.013785e-04,9.625336e-04,1.563960e-03,1.902659e-03,2.281844e-03,-3.081283e-04,-2.645976e-04,-2.210765e-04,-1.775243e-04,-1.340837e-04,-8.667226e-05,-3.014098e-05,3.783845e-05,1.209234e-04,2.222798e-04,3.428715e-04,4.841996e-04,6.479219e-04,8.297845e-04,1.023907e-03,1.228027e-03,1.435119e-03,1.641834e-03,1.337374e-05,-8.848755e-06,-3.103615e-05,-5.466872e-05,-8.078612e-05,-1.051408e-04,-1.228483e-04,-1.291210e-04,-1.192810e-04,-8.719094e-05,-2.462577e-05,7.400686e-05,2.132450e-04,3.961323e-04,6.231102e-04,8.792051e-04,1.147043e-03,1.414094e-03,3.153107e-05,3.958812e-05,4.764101e-05,5.571105e-05,6.433345e-05,7.187075e-05,7.690287e-05,8.067353e-05,8.272744e-05,8.000939e-05,7.050386e-05,5.320358e-05,2.811159e-05,-2.851395e-06,-3.659857e-05,-7.137091e-05,-1.060093e-04,-1.405825e-04,1.740818e-05,1.652307e-05,1.546809e-05,1.625739e-05,2.021055e-05,2.538954e-05,3.076661e-05,3.586852e-05,4.008578e-05,4.411230e-05,4.762925e-05,4.845115e-05,4.369389e-05,3.129269e-05,1.054037e-05,-1.604734e-05,-4.474904e-05,-7.326108e-05
9.300986e-06,8.234903e-06,-4.161751e-05,3.587765e-04,3.454636e-04,3.296407e-04,3.178900e-04,3.571561e-04,3.920426e-04,4.212898e-04,4.064524e-04,2.908077e-04,8.612728e-05,-1.719825e-04,-3.635585e-04,-3.189483e-04,6.879006e-05,8.712084e-04,1.902659e-03,3.155513e-03,4.319047e-03,-4.196504e-04,-3.514388e-04,-2.832379e-04,-2.149973e-04,-1.468688e-04,-7.408905e-05,9.775976e-06,1.073575e-04,2.215644e-04,3.541980e-04,5.040057e-04,6.716879e-04,8.595068e-04,1.065682e-03,1.287354e-03,1.524961e-03,1.766718e-03,2.007944e-03,-5.259197e-05,-7.587561e-05,-9.914787e-05,-1.231750e-04,-1.474522e-04,-1.649934e-04,-1.677538e-04,-1.475411e-04,-9.628983e-05,-4.267311e-06,1.414138e-04,3.460702e-04,6.124135e-04,9.425196e-04,1.334752e-03,1.766909e-03,2.215054e-03,2.662084e-03,4.540876e-05,5.359082e-05,6.176740e-05,6.998081e-05,7.885138e-05,8.663989e-05,9.168989e-05,9.510423e-05,9.638500e-05,9.246443e-05,8.155327e-05,6.282831e-05,3.632589e-05,3.786048e-06,-3.193469e-05,-6.932140e-05,-1.066282e-04,-1.438488e-04,2.690493e-05,3.018262e-05,3.328353e-05,3.820437e-05,4.625498e-05,5.524414e-05,6.390627e-05,7.147096e-05,7.707814e-05,8.109876e-05,8.272253e-05,7.976382e-05,6.949315e-05,4.988854e-05,2.033798e-05,-1.596022e-05,-5.474534e-05,-9.330694e-05
1.102336e-05,1.212690e-05,-4.233390e-05,3.986473e-04,3.658036e-04,3.295795e-04,3.079697e-04,3.553094e-04,4.022721e-04,4.499184e-04,4.445581e-04,3.103098e-04,5.672169e-05,-3.098178e-04,-6.330139e-04,-6.798334e-04,-2.578455e-04,7.797640e-04,2.281844e-03,4.319047e-03,6.773429e-03,-5.318314e-04,-4.386595e-04,-3.454996e-04,-2.522913e-04,-1.591964e-04,-6.076494e-05,5.073339e-05,1.782606e-04,3.240127e-04,4.884394e-04,6.680837e-04,8.628532e-04,1.075605e-03,1.306972e-03,1.557054e-03,1.828926e-03,2.106047e-03,2.382499e-03,-1.166994e-04,-1.411371e-04,-1.655875e-04,-1.901068e-04,-2.126692e-04,-2.235796e-04,-2.116536e-04,-1.653140e-04,-7.312905e-05,7.822862e-05,3.063084e-04,6.161562e-04,1.008668e-03,1.484955e-03,2.041346e-03,2.648458e-03,3.275861e-03,3.901841e-03,5.743644e-05,6.579605e-05,7.414894e-05,8.255887e-05,9.172838e-05,9.982101e-05,1.049475e-04,1.080708e-04,1.086538e-04,1.036300e-04,9.144094e-05,7.144824e-05,4.372250e-05,9.828279e-06,-2.760775e-05,-6.731799e-05,-1.069812e-04,-1.465384e-04,3.549147e-05,4.287097e-05,5.006728e-05,5.905702e-05,7.114079e-05,8.388656e-05,9.580036e-05,1.058241e-04,1.128542e-04,1.169382e-04,1.167717e-04,1.101736e-04,9.457349e-05,6.799491e-05,2.991900e-05,-1.578344e-05,-6.433393e-05,-1.126294e-04
-1.796316e-04,5.033509e-06,-3.861425e-06,2.782800e-04,2.063709e-04,1.259851e-04,1.242346e-04,-7.442637e-06,-1.215867e-04,-6.996477e-05,1.026907e-05,9.003005e-05,1.826320e-04,2.902982e-04,3.258000e-04,2.275375e-04,3.492926e-05,-1.656545e-04,-3.081283e-04,-4.196504e-04,-5.318314e-04,5.955269e-03,4.973554e-03,4.031491e-03,3.168430e-03,2.424977e-03,1.816763e-03,1.350151e-03,1.012319e-03,7.864006e-04,6.504244e-04,5.838259e-04,5.648998e-04,5.749235e-04,6.027720e-04,6.389909e-04,6.757046e-04,7.123321e-04,7.489075e-04,-3.962469e-04,-4.187685e-04,-4.410634e-04,-4.603409e-04,-4.569707e-04,-4.268467e-04,-3.775947e-04,-3.199154e-04,-2.638099e-04,-2.169408e-04,-1.881473e-04,-1.769157e-04,-1.834230e-04,-2.052602e-04,-2.379654e-04,-2.765793e-04,-3.183018e-04,-3.598805e-04,-1.403586e-03,-1.346996e-03,-1.290236e-03,-1.233886e-03,-1.182888e-03,-1.137606e-03,-1.100211e-03,-1.067916e-03,-1.038864e-03,-1.009588e-03,-9.822943e-04,-9.584751e-04,-9.377129e-04,-9.183119e-04,-8.997620e-04,-8.828707e-04,-8.674168e-04,-8.518497e-04,1.564927e-04,1.383571e-04,1.202283e-04,1.012867e-04,7.711778e-05,4.758048e-05,1.642044e-05,-1.178268e-05,-3.231160e-05,-4.242487e-05,-4.088975e-05,-2.987707e-05,-1.290883e-05,8.541289e-06,3.489147e-05,6.474697e-05,9.552694e-05,1.261826e-04
-1.800779e-04,5.170129e-06,-3.155234e-06,2.489076e-04,1.808565e-04,1.055110e-04,9.867566e-05,-1.766808e-05,-1.137750e-04,-5.724700e-05,1.669680e-05,7.647651e-05,1.452333e-04,2.268414e-04,2.531034e-04,1.715308e-04,1.277030e-05,-1.505229e-04,-2.645976e-04,-3.514388e-04,-4.386595e-04,4.973554e-03,4.264266e-03,3.544414e-03,2.866841e-03,2.268389e-03,1.768949e-03,1.379089e-03,1.091789e-03,8.953778e-04,7.725376e-04,7.070030e-04,6.813392e-04,6.800224e-04,6.936904e-04,7.144728e-04,7.358641e-04,7.572356e-04,7.785490e-04,-3.543694e-04,-3.708088e-04,-3.870574e-04,-4.006145e-04,-3.945459e-04,-3.653333e-04,-3.196716e-04,-2.671901e-04,-2.168361e-04,-1.750919e-04,-1.490933e-04,-1.383452e-04,-1.430505e-04,-1.611312e-04,-1.886582e-04,-2.213753e-04,-2.568820e-04,-2.922703e-04,-1.426363e-03,-1.367372e-03,-1.308219e-03,-1.249384e-03,-1.195507e-03,-1.147047e-03,-1.106343e-03,-1.070882e-03,-1.038965e-03,-1.007174e-03,-9.777559e-04,-9.522592e-04,-9.302154e-04,-9.098089e-04,-8.904702e-04,-8.729948e-04,-8.570285e-04,-8.409418e-04,1.560196e-04,1.374715e-04,1.189358e-04,9.960134e-05,7.542151e-05,4.629284e-05,1.580364e-05,-1.160322e-05,-3.132494e-05,-4.079358e-05,-3.899879e-05,-2.804845e-05,-1.137282e-05,9.644159e-06,3.551465e-05,6.490745e-05,9.521709e-05,1.254031e-04
-1.805232e-04,5.308066e-06,-2.448528e-06,2.195591e-04,1.553495e-04,8.502765e-05,7.309145e-05,-2.792248e-05,-1.059834e-04,-4.453708e-05,2.312235e-05,6.292194e-05,1.078340e-04,1.633843e-04,1.804061e-04,1.155215e-04,-9.393734e-06,-1.353991e-04,-2.210765e-04,-2.832379e-04,-3.454996e-04,4.031491e-03,3.544414e-03,3.060217e-03,2.564518e-03,2.112025e-03,1.721092e-03,1.408047e-03,1.171254e-03,1.004351e-03,8.946421e-04,8.301694e-04,7.977662e-04,7.851078e-04,7.845945e-04,7.899397e-04,7.960081e-04,8.021230e-04,8.081739e-04,-3.124983e-04,-3.228556e-04,-3.330581e-04,-3.408946e-04,-3.321277e-04,-3.038266e-04,-2.617551e-04,-2.144712e-04,-1.698684e-04,-1.332492e-04,-1.100458e-04,-9.978181e-05,-1.026859e-04,-1.170110e-04,-1.393611e-04,-1.661827e-04,-1.954751e-04,-2.246745e-04,-1.449133e-03,-1.387740e-03,-1.326195e-03,-1.264874e-03,-1.208119e-03,-1.156482e-03,-1.112467e-03,-1.073840e-03,-1.039058e-03,-1.004754e-03,-9.732111e-04,-9.460373e-04,-9.227120e-04,-9.013003e-04,-8.811729e-04,-8.631137e-04,-8.466352e-04,-8.300291e-04,1.555542e-04,1.365939e-04,1.176519e-04,9.792479e-05,7.373434e-05,4.501449e-05,1.519617e-05,-1.141454e-05,-3.032931e-05,-3.915370e-05,-3.709968e-05,-2.621216e-05,-9.829597e-06,1.075383e-05,3.614429e-05,6.507406e-05,9.491307e-05,1.246291e-04
-1.809730e-04,5.441673e-06,-1.742752e-06,1.900309e-04,1.297520e-04,6.454282e-05,4.758470e-05,-3.807291e-05,-9.811927e-05,-3.180244e-05,2.955017e-05,4.936381e-05,7.042864e-05,9.991927e-05,1.077014e-04,5.951059e-05,-3.154957e-05,-1.202547e-04,-1.775243e-04,-2.149973e-04,-2.522913e-04,3.168430e-03,2.866841e-03,2.564518e-03,2.265143e-03,1.954776e-03,1.673415e-03,1.436934e-03,1.250743e-03,1.113344e-03,1.016784e-03,9.533806e-04,9.142442e-04,8.902481e-04,8.755563e-04,8.654664e-04,8.562139e-04,8.470743e-04,8.378646e-04,-2.706963e-04,-2.749562e-04,-2.790970e-04,-2.811990e-04,-2.697208e-04,-2.423205e-04,-2.038314e-04,-1.617394e-04,-1.228835e-04,-9.138568e-05,-7.097386e-05,-6.119007e-05,-6.228872e-05,-7.285366e-05,-9.002160e-05,-1.109421e-04,-1.340144e-04,-1.570193e-04,-1.471936e-03,-1.408142e-03,-1.344203e-03,-1.280397e-03,-1.220763e-03,-1.165948e-03,-1.118622e-03,-1.076829e-03,-1.039181e-03,-1.002361e-03,-9.686934e-04,-9.398408e-04,-9.152326e-04,-8.928142e-04,-8.718967e-04,-8.532523e-04,-8.362601e-04,-8.191332e-04,1.550638e-04,1.356898e-04,1.163396e-04,9.621850e-05,7.201620e-05,4.370441e-05,1.455682e-05,-1.125728e-05,-2.936412e-05,-3.754282e-05,-3.522788e-05,-2.440137e-05,-8.310084e-06,1.184146e-05,3.675344e-05,6.522173e-05,9.459164e-05,1.238393e-04
-1.814065e-04,5.590889e-06,-1.031472e-06,1.602807e-04,1.038456e-04,4.366389e-05,2.160178e-05,-4.864978e-05,-9.051261e-05,-1.914261e-05,3.597958e-05,3.581034e-05,3.302509e-05,3.645404e-05,3.498555e-05,3.461658e-06,-5.377665e-05,-1.052100e-04,-1.340837e-04,-1.468688e-04,-1.591964e-04,2.424977e-03,2.268389e-03,2.112025e-03,1.954776e-03,1.800898e-03,1.625105e-03,1.466122e-03,1.330167e-03,1.222281e-03,1.138802e-03,1.076439e-03,1.030545e-03,9.951960e-04,9.663144e-04,9.407806e-04,9.161990e-04,8.917962e-04,8.673175e-04,-2.292165e-04,-2.273482e-04,-2.253969e-04,-2.217320e-04,-2.075129e-04,-1.809849e-04,-1.460491e-04,-1.091224e-04,-7.599166e-05,-4.960016e-05,-3.197228e-05,-2.266760e-05,-2.196538e-05,-2.877922e-05,-4.077755e-05,-5.581166e-05,-7.267951e-05,-8.950526e-05,-1.494623e-03,-1.428428e-03,-1.362098e-03,-1.295806e-03,-1.233294e-03,-1.175301e-03,-1.124665e-03,-1.079706e-03,-1.039196e-03,-9.998662e-04,-9.640784e-04,-9.335527e-04,-9.076665e-04,-8.842458e-04,-8.625425e-04,-8.433171e-04,-8.258155e-04,-8.081719e-04,1.546755e-04,1.348903e-04,1.151345e-04,9.462130e-05,7.040868e-05,4.250570e-05,1.402820e-05,-1.099140e-05,-2.829368e-05,-3.583124e-05,-3.326063e-05,-2.250064e-05,-6.705798e-06,1.300941e-05,3.743903e-05,6.544216e-05,9.433937e-05,1.231150e-04
-1.816605e-04,5.892991e-06,-5.398767e-07,1.295953e-04,7.913691e-05,2.608803e-05,1.177867e-06,-5.320587e-05,-7.793990e-05,-3.719933e-06,4.389025e-05,2.323410e-05,-3.869199e-06,-2.675008e-05,-3.736079e-05,-5.157917e-05,-7.401379e-05,-8.707141e-05,-8.667226e-05,-7.408905e-05,-6.076494e-05,1.816763e-03,1.768949e-03,1.721092e-03,1.673415e-03,1.625105e-03,1.572320e-03,1.489482e-03,1.406830e-03,1.329714e-03,1.260520e-03,1.199978e-03,1.147888e-03,1.101577e-03,1.058786e-03,1.018028e-03,9.783215e-04,9.388611e-04,8.993189e-04,-1.892231e-04,-1.814088e-04,-1.735438e-04,-1.643006e-04,-1.474271e-04,-1.218064e-04,-9.043436e-05,-5.863337e-05,-3.112581e-05,-9.666504e-06,5.426726e-06,1.457667e-05,1.747749e-05,1.487873e-05,8.573902e-06,-1.350717e-08,-1.009756e-05,-2.016565e-05,-1.515333e-03,-1.446875e-03,-1.378291e-03,-1.309655e-03,-1.244410e-03,-1.183371e-03,-1.129528e-03,-1.081467e-03,-1.038126e-03,-9.963141e-04,-9.584491e-04,-9.263163e-04,-8.992444e-04,-8.749357e-04,-8.525736e-04,-8.328985e-04,-8.150178e-04,-7.969877e-04,1.553888e-04,1.352073e-04,1.150596e-04,9.417577e-05,6.996946e-05,4.248558e-05,1.467957e-05,-9.559726e-06,-2.608976e-05,-3.302962e-05,-3.025022e-05,-1.961328e-05,-4.190129e-06,1.498885e-05,3.880805e-05,6.619641e-05,9.446284e-05,1.226091e-04
-1.816627e-04,6.302897e-06,-3.800192e-07,1.001214e-04,5.774578e-05,1.378156e-05,-1.079112e-05,-4.885966e-05,-5.728505e-05,1.630735e-05,5.389660e-05,1.132003e-05,-4.143620e-05,-9.101856e-05,-1.101834e-04,-1.053192e-04,-9.045024e-05,-6.223898e-05,-3.014098e-05,9.775976e-06,5.073339e-05,1.350151e-03,1.379089e-03,1.408047e-03,1.436934e-03,1.466122e-03,1.489482e-03,1.503516e-03,1.475298e-03,1.433892e-03,1.381694e-03,1.325297e-03,1.268670e-03,1.212687e-03,1.156998e-03,1.101871e-03,1.047857e-03,9.941593e-04,9.403742e-04,-1.533079e-04,-1.405835e-04,-1.278352e-04,-1.140129e-04,-9.509811e-05,-7.051743e-05,-4.244554e-05,-1.517848e-05,7.549644e-06,2.512000e-05,3.887435e-05,4.921462e-05,5.580367e-05,5.904148e-05,6.018800e-05,5.988953e-05,5.847456e-05,5.704746e-05,-1.532547e-03,-1.462147e-03,-1.391629e-03,-1.320974e-03,-1.253342e-03,-1.189587e-03,-1.132795e-03,-1.081785e-03,-1.035685e-03,-9.914331e-04,-9.515322e-04,-9.178515e-04,-8.896819e-04,-8.645975e-04,-8.417008e-04,-8.217047e-04,-8.035727e-04,-7.852836e-04,1.568329e-04,1.363671e-04,1.159378e-04,9.480167e-05,7.068603e-05,4.365200e-05,1.650158e-05,-7.009534e-06,-2.284660e-05,-2.927561e-05,-2.636807e-05,-1.593976e-05,-9.955099e-07,1.750601e-05,4.053042e-05,6.708754e-05,9.449400e-05,1.217827e-04
-1.812327e-04,6.784793e-06,-1.981240e-07,7.298069e-05,3.879148e-05,3.814346e-06,-1.873657e-05,-4.223783e-05,-3.737032e-05,3.157000e-05,5.823862e-05,-4.833373e-06,-8.301255e-05,-1.586553e-04,-1.851063e-04,-1.585236e-04,-1.027878e-04,-2.921762e-05,3.783845e-05,1.073575e-04,1.782606e-04,1.012319e-03,1.091789e-03,1.171254e-03,1.250743e-03,1.330167e-03,1.406830e-03,1.475298e-03,1.525845e-03,1.524302e-03,1.496619e-03,1.449244e-03,1.392263e-03,1.329964e-03,1.264240e-03,1.197290e-03,1.131421e-03,1.065947e-03,1.000380e-03,-1.234904e-04,-1.076025e-04,-9.171155e-05,-7.498946e-05,-5.518116e-05,-3.210381e-05,-7.194280e-06,1.619504e-05,3.522210e-05,5.037974e-05,6.457808e-05,7.818842e-05,9.084722e-05,1.025820e-04,1.141162e-04,1.252221e-04,1.356809e-04,1.460952e-04,-1.544007e-03,-1.472253e-03,-1.400388e-03,-1.328310e-03,-1.258916e-03,-1.193042e-03,-1.133789e-03,-1.080153e-03,-1.031469e-03,-9.848420e-04,-9.428736e-04,-9.075352e-04,-8.781035e-04,-8.520438e-04,-8.283919e-04,-8.078473e-04,-7.892365e-04,-7.704606e-04,1.583320e-04,1.378223e-04,1.173508e-04,9.619447e-05,7.233327e-05,4.583744e-05,1.937157e-05,-3.433894e-06,-1.864118e-05,-2.465668e-05,-2.173635e-05,-1.164552e-05,2.681670e-06,2.035854e-05,4.242232e-05,6.796818e-05,9.432640e-05,1.205699e-04
-1.805349e-04,7.178107e-06,2.009991e-07,4.760850e-05,2.090559e-05,-6.000931e-06,-2.552742e-05,-3.666883e-05,-2.238359e-05,3.807928e-05,5.287640e-05,-2.787227e-05,-1.297057e-04,-2.289990e-04,-2.602145e-04,-2.084364e-04,-1.077605e-04,1.566289e-05,1.209234e-04,2.215644e-04,3.240127e-04,7.864006e-04,8.953778e-04,1.004351e-03,1.113344e-03,1.222281e-03,1.329714e-03,1.433892e-03,1.524302e-03,1.590227e-03,1.594300e-03,1.566334e-03,1.516566e-03,1.454772e-03,1.384949e-03,1.311643e-03,1.239196e-03,1.167242e-03,1.095190e-03,-9.734722e-05,-8.141467e-05,-6.549415e-05,-4.891724e-05,-3.069585e-05,-1.083558e-05,9.990023e-06,2.942711e-05,4.556884e-05,5.996733e-05,7.685337e-05,9.652887e-05,1.185854e-04,1.426243e-04,1.688141e-04,1.959020e-04,2.229658e-04,2.499454e-04,-1.550781e-03,-1.478300e-03,-1.405715e-03,-1.332850e-03,-1.262364e-03,-1.195022e-03,-1.133865e-03,-1.078009e-03,-1.026973e-03,-9.780257e-04,-9.338680e-04,-8.965900e-04,-8.654937e-04,-8.379701e-04,-8.130202e-04,-7.913649e-04,-7.717158e-04,-7.518933e-04,1.584818e-04,1.382204e-04,1.179992e-04,9.710246e-05,7.370031e-05,4.787794e-05,2.217916e-05,1.079335e-07,-1.449595e-05,-2.017342e-05,-1.733391e-05,-7.681909e-06,5.928874e-06,2.268745e-05,4.369203e-05,6.812429e-05,9.332503e-05,1.184146e-04
-1.795458e-04,7.268182e-06,6.562251e-07,2.501052e-05,4.915223e-06,-1.500608e-05,-3.089928e-05,-3.141279e-05,-1.051601e-05,3.986718e-05,4.364888e-05,-5.073615e-05,-1.737587e-04,-2.940735e-04,-3.282398e-04,-2.491364e-04,-1.006278e-04,7.631777e-05,2.222798e-04,3.541980e-04,4.884394e-04,6.504244e-04,7.725376e-04,8.946421e-04,1.016784e-03,1.138802e-03,1.260520e-03,1.381694e-03,1.496619e-03,1.594300e-03,1.660807e-03,1.662462e-03,1.633154e-03,1.582347e-03,1.518207e-03,1.447537e-03,1.377238e-03,1.307546e-03,1.237750e-03,-7.196840e-05,-5.939398e-05,-4.684229e-05,-3.375429e-05,-1.997838e-05,-5.509808e-06,9.800080e-06,2.468242e-05,3.824032e-05,5.310440e-05,7.448544e-05,1.026155e-04,1.370842e-04,1.770609e-04,2.221403e-04,2.698599e-04,3.183908e-04,3.667887e-04,-1.552673e-03,-1.480101e-03,-1.407429e-03,-1.334420e-03,-1.263524e-03,-1.195389e-03,-1.132945e-03,-1.075362e-03,-1.022296e-03,-9.711436e-04,-9.247003e-04,-8.851924e-04,-8.519982e-04,-8.224756e-04,-7.956195e-04,-7.722110e-04,-7.508820e-04,-7.293709e-04,1.558618e-04,1.360685e-04,1.163172e-04,9.589826e-05,7.312643e-05,4.810841e-05,2.328117e-05,2.021367e-06,-1.193818e-05,-1.726970e-05,-1.449360e-05,-5.258154e-06,7.650552e-06,2.348397e-05,4.338774e-05,6.663987e-05,9.060111e-05,1.144557e-04
-1.784495e-04,7.045491e-06,1.072912e-06,5.302595e-06,-8.906829e-06,-2.272592e-05,-3.464325e-05,-2.614783e-05,-9.359398e-07,3.881515e-05,3.344667e-05,-6.965511e-05,-2.087396e-04,-3.451888e-04,-3.809860e-04,-2.743632e-04,-7.714853e-05,1.552726e-04,3.428715e-04,5.040057e-04,6.680837e-04,5.838259e-04,7.070030e-04,8.301694e-04,9.533806e-04,1.076439e-03,1.199978e-03,1.325297e-03,1.449244e-03,1.566334e-03,1.662462e-03,1.727261e-03,1.731293e-03,1.707493e-03,1.662419e-03,1.607224e-03,1.551406e-03,1.496352e-03,1.441185e-03,-4.626937e-05,-3.987489e-05,-3.350998e-05,-2.669644e-05,-1.979513e-05,-1.266191e-05,-4.312671e-06,5.099069e-06,1.570843e-05,3.123071e-05,5.765181e-05,9.531505e-05,1.439441e-04,2.023666e-04,2.695862e-04,3.417168e-04,4.157681e-04,4.896268e-04,-1.551489e-03,-1.479331e-03,-1.407079e-03,-1.334442e-03,-1.263685e-03,-1.195321e-03,-1.132123e-03,-1.073262e-03,-1.018475e-03,-9.652422e-04,-9.164235e-04,-8.743733e-04,-8.386055e-04,-8.064907e-04,-7.770442e-04,-7.511522e-04,-7.274155e-04,-7.034871e-04,1.507848e-04,1.315488e-04,1.123558e-04,9.250693e-05,7.042870e-05,4.625747e-05,2.234161e-05,1.939876e-06,-1.131981e-05,-1.622816e-05,-1.338860e-05,-4.424827e-06,7.911062e-06,2.290395e-05,4.173524e-05,6.379462e-05,8.647998e-05,1.090650e-04
