2.379614e-05,-4.841275e-07,-1.481050e-07,9.986413e-07,1.247235e-06,1.495228e-06,1.695205e-06,1.868383e-06,2.019554e-06,2.181836e-06,2.207278e-06,2.098046e-06,2.034722e-06,2.080443e-06,2.172375e-06,2.428771e-06,2.916773e-06,3.426971e-06,3.960582e-06,4.522881e-06,5.065805e-06,-1.511863e-04,-1.509365e-04,-1.506865e-04,-1.504369e-04,-1.501861e-04,-1.499191e-04,-1.496279e-04,-1.492950e-04,-1.489323e-04,-1.485374e-04,-1.481253e-04,-1.477117e-04,-1.472924e-04,-1.468611e-04,-1.464198e-04,-1.459782e-04,-1.455420e-04,-1.451047e-04,4.018954e-06,4.060357e-06,4.101740e-06,4.138350e-06,4.161090e-06,4.170508e-06,4.157139e-06,4.121950e-06,4.061633e-06,3.970648e-06,3.858956e-06,3.733278e-06,3.609194e-06,3.491559e-06,3.371042e-06,3.246234e-06,3.124529e-06,3.003446e-06,1.978081e-04,1.911547e-04,1.844997e-04,1.778431e-04,1.712237e-04,1.646526e-04,1.581668e-04,1.517564e-04,1.454187e-04,1.391238e-04,1.329086e-04,1.267976e-04,1.207814e-04,1.148258e-04,1.089129e-04,1.030464e-04,9.720777e-05,9.136673e-05,-9.440407e-06,-8.377013e-06,-7.313842e-06,-6.246376e-06,-5.162481e-06,-4.079246e-06,-3.044183e-06,-2.115151e-06,-1.350476e-06,-7.776734e-07,-3.979726e-07,-1.826799e-07,-8.344952e-08,-7.585385e-08,-1.577622e-07,-3.028298e-07,-4.636431e-07,-6.224218e-07
-4.841275e-07,2.226979e-05,6.802650e-08,2.501585e-07,8.895433e-08,-3.272221e-08,-1.779131e-07,-3.284823e-07,-3.862254e-07,-3.709409e-07,-4.061654e-07,-4.749835e-07,-6.425064e-07,-7.466496e-07,-7.876579e-07,-6.162739e-07,-2.731576e-07,2.921821e-07,1.085236e-06,1.895861e-06,2.692118e-06,5.439716e-06,5.317215e-06,5.194817e-06,5.072080e-06,4.950561e-06,4.841524e-06,4.740761e-06,4.646281e-06,4.546913e-06,4.425056e-06,4.280874e-06,4.115790e-06,3.938723e-06,3.750112e-06,3.542452e-06,3.318340e-06,3.090350e-06,2.863090e-06,-1.407532e-04,-1.404069e-04,-1.400591e-04,-1.396998e-04,-1.393433e-04,-1.389846e-04,-1.386359e-04,-1.383026e-04,-1.379896e-04,-1.376982e-04,-1.374459e-04,-1.372218e-04,-1.370218e-04,-1.368483e-04,-1.366908e-04,-1.365369e-04,-1.363814e-04,-1.362251e-04,-9.268821e-06,-8.222418e-06,-7.176137e-06,-6.127039e-06,-5.066229e-06,-4.008894e-06,-2.999636e-06,-2.093523e-06,-1.343643e-06,-7.749831e-07,-3.871769e-07,-1.519673e-07,-2.203742e-08,2.731388e-08,-2.324238e-09,-8.852017e-08,-1.890510e-07,-2.877050e-07,1.650986e-04,1.622418e-04,1.593850e-04,1.564874e-04,1.535020e-04,1.503416e-04,1.469562e-04,1.433060e-04,1.394237e-04,1.353428e-04,1.311523e-04,1.268812e-04,1.225628e-04,1.182379e-04,1.139166e-04,1.095826e-04,1.052330e-04,1.008837e-04
-1.481050e-07,6.802650e-08,4.746708e-06,-3.993752e-05,-4.010355e-05,-4.025542e-05,-4.026483e-05,-4.026076e-05,-4.005854e-05,-3.973933e-05,-3.907780e-05,-3.817620e-05,-3.689562e-05,-3.566054e-05,-3.455634e-05,-3.357356e-05,-3.272121e-05,-3.197543e-05,-3.132736e-05,-3.073211e-05,-3.012634e-05,-1.870872e-06,-1.408741e-06,-9.465645e-07,-4.844599e-07,-2.178278e-08,4.217852e-07,8.351148e-07,1.242467e-06,1.655526e-06,2.060068e-06,2.446339e-06,2.810168e-06,3.157471e-06,3.494980e-06,3.826420e-06,4.158758e-06,4.493841e-06,4.828426e-06,-4.897497e-07,-5.934194e-07,-6.980103e-07,-7.801548e-07,-8.257283e-07,-8.542691e-07,-8.728712e-07,-8.787244e-07,-8.712426e-07,-8.339225e-07,-7.519190e-07,-6.329179e-07,-4.844294e-07,-3.168677e-07,-1.354781e-07,5.547550e-08,2.487313e-07,4.414865e-07,-4.598692e-06,-4.236054e-06,-3.873683e-06,-3.508269e-06,-3.135622e-06,-2.729845e-06,-2.269848e-06,-1.768395e-06,-1.221117e-06,-5.919928e-07,1.441174e-07,9.962282e-07,1.956863e-06,3.000761e-06,4.090257e-06,5.196466e-06,6.304079e-06,7.411186e-06,-1.293133e-07,6.986515e-09,1.452327e-07,2.616146e-07,3.433971e-07,4.111373e-07,4.730930e-07,5.300937e-07,5.865315e-07,6.272751e-07,6.462755e-07,6.644129e-07,7.115806e-07,8.071499e-07,9.545659e-07,1.139579e-06,1.336995e-06,1.533294e-06
9.986413e-07,2.501585e-07,-3.993752e-05,8.904079e-04,6.882512e-04,5.202508e-04,4.048317e-04,3.382382e-04,3.063034e-04,2.966133e-04,2.948972e-04,2.938460e-04,2.892010e-04,2.836817e-04,2.780522e-04,2.729374e-04,2.692898e-04,2.678212e-04,2.684650e-04,2.702307e-04,2.718677e-04,9.650666e-05,8.470841e-05,7.290963e-05,6.110738e-05,4.926140e-05,3.772872e-05,2.685764e-05,1.674046e-05,7.386187e-06,-1.281726e-06,-9.354502e-06,-1.693197e-05,-2.416140e-05,-3.117550e-05,-3.808246e-05,-4.499367e-05,-5.193778e-05,-5.887689e-05,-1.286019e-04,-1.098259e-04,-9.096172e-05,-7.326777e-05,-5.749508e-05,-4.340102e-05,-3.088547e-05,-1.988609e-05,-1.034335e-05,-2.141576e-06,4.848979e-06,1.086107e-05,1.610679e-05,2.082988e-05,2.522441e-05,2.941117e-05,3.351947e-05,3.763550e-05,3.245153e-05,3.012948e-05,2.780980e-05,2.545203e-05,2.301980e-05,2.026954e-05,1.698708e-05,1.323689e-05,8.965840e-06,3.898340e-06,-2.151735e-06,-9.238683e-06,-1.728230e-05,-2.605589e-05,-3.522922e-05,-4.454969e-05,-5.388317e-05,-6.321243e-05,9.170061e-06,7.034747e-06,4.871417e-06,3.012045e-06,1.639471e-06,5.634722e-07,-2.974681e-07,-9.667499e-07,-1.491283e-06,-1.776427e-06,-1.800148e-06,-1.756002e-06,-1.910339e-06,-2.440585e-06,-3.389756e-06,-4.645673e-06,-6.001337e-06,-7.348023e-06
1.247235e-06,8.895433e-08,-4.010355e-05,6.882512e-04,5.941147e-04,4.917857e-04,4.141099e-04,3.626837e-04,3.329740e-04,3.188538e-04,3.110272e-04,3.048037e-04,2.965107e-04,2.886486e-04,2.816422e-04,2.756456e-04,2.711549e-04,2.684687e-04,2.674622e-04,2.673477e-04,2.671173e-04,7.081543e-05,6.133257e-05,5.184890e-05,4.236401e-05,3.283920e-05,2.364774e-05,1.510015e-05,7.130746e-06,-3.278039e-07,-7.299793e-06,-1.383136e-05,-1.998456e-05,-2.587521e-05,-3.160659e-05,-3.725459e-05,-4.290888e-05,-4.859298e-05,-5.427230e-05,-7.962307e-05,-6.701545e-05,-5.433783e-05,-4.260220e-05,-3.240282e-05,-2.342371e-05,-1.553148e-05,-8.678268e-06,-2.804079e-06,2.127267e-06,6.163322e-06,9.472689e-06,1.220569e-05,1.454503e-05,1.662915e-05,1.854866e-05,2.041011e-05,2.227810e-05,3.559735e-05,3.304130e-05,3.048764e-05,2.789866e-05,2.523968e-05,2.226367e-05,1.876184e-05,1.482114e-05,1.039903e-05,5.211071e-06,-9.361744e-07,-8.103029e-06,-1.621434e-05,-2.504766e-05,-3.427674e-05,-4.365138e-05,-5.303861e-05,-6.242159e-05,7.074789e-06,5.256532e-06,3.412809e-06,1.846216e-06,7.219502e-07,-1.595064e-07,-8.826393e-07,-1.467964e-06,-1.962344e-06,-2.260466e-06,-2.330348e-06,-2.358707e-06,-2.605721e-06,-3.242904e-06,-4.307765e-06,-5.684567e-06,-7.163378e-06,-8.633010e-06
1.495228e-06,-3.272221e-08,-4.025542e-05,5.202508e-04,4.917857e-04,4.661734e-04,4.229916e-04,3.873580e-04,3.595310e-04,3.409690e-04,3.269932e-04,3.156170e-04,3.037038e-04,2.935248e-04,2.851602e-04,2.782934e-04,2.729600e-04,2.690402e-04,2.663521e-04,2.643188e-04,2.621827e-04,4.467358e-05,3.755560e-05,3.043651e-05,2.331845e-05,1.616430e-05,9.363420e-06,3.187180e-06,-2.589417e-06,-8.110974e-06,-1.334972e-05,-1.830635e-05,-2.300433e-05,-2.752708e-05,-3.194773e-05,-3.630922e-05,-4.067901e-05,-4.507540e-05,-4.946723e-05,-2.960472e-05,-2.329714e-05,-1.693791e-05,-1.129289e-05,-6.797322e-06,-3.059240e-06,8.932074e-08,2.682579e-06,4.781928e-06,6.344363e-06,7.334975e-06,7.857020e-06,7.997775e-06,7.877546e-06,7.577783e-06,7.157979e-06,6.701163e-06,6.249660e-06,3.869829e-05,3.591307e-05,3.313025e-05,3.031480e-05,2.743370e-05,2.423645e-05,2.051979e-05,1.639325e-05,1.182493e-05,6.521667e-06,2.827448e-07,-6.958183e-06,-1.513104e-05,-2.401775e-05,-3.329618e-05,-4.271868e-05,-5.215335e-05,-6.158375e-05,5.192606e-06,3.698090e-06,2.180688e-06,9.134046e-07,4.324988e-08,-6.391000e-07,-1.221355e-06,-1.721287e-06,-2.185717e-06,-2.498632e-06,-2.617875e-06,-2.723009e-06,-3.067683e-06,-3.817166e-06,-5.003230e-06,-6.506511e-06,-8.114130e-06,-9.712363e-06
1.695205e-06,-1.779131e-07,-4.026483e-05,4.048317e-04,4.141099e-04,4.229916e-04,4.290508e-04,4.081626e-04,3.845542e-04,3.621307e-04,3.423514e-04,3.256582e-04,3.098490e-04,2.971110e-04,2.872270e-04,2.794305e-04,2.733491e-04,2.685072e-04,2.646396e-04,2.612791e-04,2.578233e-04,2.336021e-05,1.812863e-05,1.289568e-05,7.665800e-06,2.403668e-06,-2.485259e-06,-6.755895e-06,-1.077657e-05,-1.475835e-05,-1.862004e-05,-2.232145e-05,-2.585643e-05,-2.928567e-05,-3.265939e-05,-3.599486e-05,-3.934202e-05,-4.271392e-05,-4.608138e-05,4.347378e-06,6.113391e-06,7.913881e-06,9.205333e-06,9.683195e-06,9.790300e-06,9.715924e-06,9.474754e-06,9.121835e-06,8.535615e-06,7.605445e-06,6.385191e-06,4.915899e-06,3.272580e-06,1.497231e-06,-3.706480e-07,-2.262235e-06,-4.149269e-06,4.111628e-05,3.815052e-05,3.518718e-05,3.219357e-05,2.913823e-05,2.576806e-05,2.188411e-05,1.761590e-05,1.294080e-05,7.557808e-06,1.260329e-06,-6.022564e-06,-1.422476e-05,-2.313215e-05,-3.242670e-05,-4.186344e-05,-5.131195e-05,-6.075619e-05,3.322792e-06,2.098204e-06,8.532117e-07,-1.667938e-07,-8.298569e-07,-1.351257e-06,-1.820193e-06,-2.251241e-06,-2.690317e-06,-3.011249e-06,-3.162748e-06,-3.318615e-06,-3.727197e-06,-4.548970e-06,-5.811806e-06,-7.394307e-06,-9.082324e-06,-1.076085e-05
1.868383e-06,-3.284823e-07,-4.026076e-05,3.382382e-04,3.626837e-04,3.873580e-04,4.081626e-04,4.230083e-04,4.062106e-04,3.840142e-04,3.594974e-04,3.375988e-04,3.173854e-04,3.015136e-04,2.896120e-04,2.805687e-04,2.736927e-04,2.682156e-04,2.637251e-04,2.597074e-04,2.555942e-04,1.847788e-06,-1.445671e-06,-4.740561e-06,-8.031355e-06,-1.134882e-05,-1.430506e-05,-1.669411e-05,-1.901046e-05,-2.151309e-05,-2.404900e-05,-2.652887e-05,-2.891795e-05,-3.125962e-05,-3.358664e-05,-3.589763e-05,-3.822816e-05,-4.058355e-05,-4.293439e-05,1.661023e-05,1.617051e-05,1.575127e-05,1.499284e-05,1.370062e-05,1.232583e-05,1.105440e-05,9.876458e-06,8.831362e-06,7.714075e-06,6.342296e-06,4.745036e-06,2.944668e-06,9.970876e-07,-1.071269e-06,-3.226384e-06,-5.401428e-06,-7.572056e-06,4.329886e-05,4.015484e-05,3.701323e-05,3.384341e-05,3.061460e-05,2.707600e-05,2.303474e-05,1.863769e-05,1.386892e-05,8.417208e-06,2.069164e-06,-5.250509e-06,-1.347886e-05,-2.240493e-05,-3.171377e-05,-4.116267e-05,-5.062286e-05,-6.007883e-05,1.834274e-06,7.858559e-07,-2.809316e-07,-1.143556e-06,-1.683126e-06,-2.115162e-06,-2.527441e-06,-2.931200e-06,-3.370528e-06,-3.708527e-06,-3.885262e-06,-4.071796e-06,-4.514520e-06,-5.372195e-06,-6.671499e-06,-8.290634e-06,-1.001548e-05,-1.173082e-05
2.019554e-06,-3.862254e-07,-4.005854e-05,3.063034e-04,3.329740e-04,3.595310e-04,3.845542e-04,4.062106e-04,4.201622e-04,4.023699e-04,3.778502e-04,3.518680e-04,3.272556e-04,3.074194e-04,2.923321e-04,2.807586e-04,2.719053e-04,2.648371e-04,2.590209e-04,2.537758e-04,2.484273e-04,-6.966860e-06,-9.583737e-06,-1.220185e-05,-1.481613e-05,-1.744980e-05,-1.976841e-05,-2.160649e-05,-2.354468e-05,-2.586716e-05,-2.833015e-05,-3.078476e-05,-3.316912e-05,-3.552073e-05,-3.786849e-05,-4.020932e-05,-4.257681e-05,-4.497117e-05,-4.736073e-05,1.791159e-05,1.687021e-05,1.584012e-05,1.458334e-05,1.297867e-05,1.143393e-05,1.011005e-05,8.977471e-06,8.059402e-06,7.066358e-06,5.753190e-06,4.151845e-06,2.298599e-06,2.596534e-07,-1.930461e-06,-4.226576e-06,-6.550462e-06,-8.869386e-06,4.495441e-05,4.167725e-05,3.840243e-05,3.510103e-05,3.174214e-05,2.808367e-05,2.393963e-05,1.946805e-05,1.465669e-05,9.182682e-06,2.825515e-06,-4.493783e-06,-1.271386e-05,-2.162596e-05,-3.091728e-05,-4.034671e-05,-4.978699e-05,-5.922314e-05,1.418123e-06,4.276452e-07,-5.797845e-07,-1.397831e-06,-1.917345e-06,-2.346640e-06,-2.769617e-06,-3.195549e-06,-3.666756e-06,-4.036187e-06,-4.236294e-06,-4.437968e-06,-4.888273e-06,-5.746780e-06,-7.041372e-06,-8.652209e-06,-1.036741e-05,-1.207322e-05
2.181836e-06,-3.709409e-07,-3.973933e-05,2.966133e-04,3.188538e-04,3.409690e-04,3.621307e-04,3.840142e-04,4.023699e-04,4.147227e-04,3.950918e-04,3.698643e-04,3.418553e-04,3.176643e-04,2.979090e-04,2.817743e-04,2.687104e-04,2.578788e-04,2.487757e-04,2.404860e-04,2.320780e-04,6.142610e-06,1.884958e-06,-2.373607e-06,-6.629327e-06,-1.089729e-05,-1.491755e-05,-1.857640e-05,-2.247095e-05,-2.686671e-05,-3.141019e-05,-3.588141e-05,-4.019614e-05,-4.440684e-05,-4.856369e-05,-5.269196e-05,-5.684730e-05,-6.103317e-05,-6.521391e-05,1.368972e-05,1.314080e-05,1.259817e-05,1.189072e-05,1.093621e-05,1.006231e-05,9.380141e-06,8.830868e-06,8.409310e-06,7.734604e-06,6.504056e-06,4.782499e-06,2.657794e-06,2.392869e-07,-2.405726e-06,-5.202597e-06,-8.048113e-06,-1.088741e-05,4.642346e-05,4.305800e-05,3.969480e-05,3.630612e-05,3.286061e-05,2.912845e-05,2.493251e-05,2.043238e-05,1.561370e-05,1.014014e-05,3.783223e-06,-3.538735e-06,-1.176318e-05,-2.068079e-05,-2.997785e-05,-3.941227e-05,-4.885718e-05,-5.829808e-05,2.018964e-06,9.680323e-07,-9.898466e-08,-9.858942e-07,-1.590067e-06,-2.107925e-06,-2.616988e-06,-3.123698e-06,-3.667132e-06,-4.089697e-06,-4.316799e-06,-4.522373e-06,-4.957901e-06,-5.787069e-06,-7.041541e-06,-8.605681e-06,-1.027139e-05,-1.192795e-05
2.207278e-06,-4.061654e-07,-3.907780e-05,2.948972e-04,3.110272e-04,3.269932e-04,3.423514e-04,3.594974e-04,3.778502e-04,3.950918e-04,4.062945e-04,3.869937e-04,3.607926e-04,3.334260e-04,3.084413e-04,2.857581e-04,2.657558e-04,2.480904e-04,2.325982e-04,2.181845e-04,2.036394e-04,2.189934e-05,1.511378e-05,8.327587e-06,1.543206e-06,-5.248234e-06,-1.185064e-05,-1.819303e-05,-2.481261e-05,-3.192445e-05,-3.907030e-05,-4.595696e-05,-5.248643e-05,-5.874640e-05,-6.483486e-05,-7.083875e-05,-7.686155e-05,-8.291802e-05,-8.896922e-05,1.140797e-05,1.145406e-05,1.150443e-05,1.141303e-05,1.110136e-05,1.080459e-05,1.057489e-05,1.031856e-05,9.996164e-06,9.137040e-06,7.382075e-06,4.851901e-06,1.717802e-06,-1.842812e-06,-5.716105e-06,-9.790827e-06,-1.393830e-05,-1.807820e-05,4.618989e-05,4.286055e-05,3.953337e-05,3.618155e-05,3.277350e-05,2.909189e-05,2.496858e-05,2.055418e-05,1.582915e-05,1.044744e-05,4.174173e-06,-3.073631e-06,-1.123018e-05,-2.008403e-05,-2.931882e-05,-3.869037e-05,-4.807217e-05,-5.745008e-05,2.394109e-06,1.234500e-06,5.937319e-08,-9.414911e-07,-1.668417e-06,-2.303222e-06,-2.915516e-06,-3.507562e-06,-4.113856e-06,-4.567353e-06,-4.786895e-06,-4.951259e-06,-5.318661e-06,-6.058958e-06,-7.208983e-06,-8.659172e-06,-1.020690e-05,-1.174581e-05
2.098046e-06,-4.749835e-07,-3.817620e-05,2.938460e-04,3.048037e-04,3.156170e-04,3.256582e-04,3.375988e-04,3.518680e-04,3.698643e-04,3.869937e-04,4.001797e-04,3.812322e-04,3.558501e-04,3.264350e-04,2.961222e-04,2.666886e-04,2.389850e-04,2.136024e-04,1.894655e-04,1.651944e-04,2.906441e-05,1.986410e-05,1.066338e-05,1.463586e-06,-7.740242e-06,-1.679443e-05,-2.564873e-05,-3.472456e-05,-4.414385e-05,-5.336295e-05,-6.202273e-05,-7.001504e-05,-7.747413e-05,-8.457120e-05,-9.149024e-05,-9.840875e-05,-1.053614e-04,-1.123091e-04,1.556116e-05,1.574939e-05,1.594180e-05,1.598569e-05,1.576744e-05,1.541676e-05,1.491661e-05,1.412875e-05,1.296615e-05,1.090129e-05,7.541862e-06,3.088369e-06,-2.172269e-06,-7.972611e-06,-1.414754e-05,-2.055390e-05,-2.705031e-05,-3.353830e-05,4.427804e-05,4.111381e-05,3.795165e-05,3.476549e-05,3.152380e-05,2.801977e-05,2.409201e-05,1.987469e-05,1.533803e-05,1.013155e-05,4.016516e-06,-3.090617e-06,-1.111970e-05,-1.985519e-05,-2.897533e-05,-3.823220e-05,-4.749932e-05,-5.676263e-05,2.529908e-06,1.233300e-06,-7.845557e-08,-1.219084e-06,-2.087385e-06,-2.848377e-06,-3.562253e-06,-4.225293e-06,-4.865043e-06,-5.309542e-06,-5.474105e-06,-5.544581e-06,-5.788822e-06,-6.384977e-06,-7.375400e-06,-8.656866e-06,-1.003189e-05,-1.139844e-05
2.034722e-06,-6.425064e-07,-3.689562e-05,2.892010e-04,2.965107e-04,3.037038e-04,3.098490e-04,3.173854e-04,3.272556e-04,3.418553e-04,3.607926e-04,3.812322e-04,3.954006e-04,3.771591e-04,3.486474e-04,3.121965e-04,2.732214e-04,2.340101e-04,1.965465e-04,1.601987e-04,1.237400e-04,2.983721e-05,1.883904e-05,7.840594e-06,-3.157544e-06,-1.415825e-05,-2.503183e-05,-3.573027e-05,-4.654910e-05,-5.750226e-05,-6.798975e-05,-7.757962e-05,-8.612914e-05,-9.380626e-05,-1.008695e-04,-1.076243e-04,-1.143404e-04,-1.210851e-04,-1.278258e-04,2.304478e-05,2.245774e-05,2.187557e-05,2.112902e-05,2.006340e-05,1.872323e-05,1.704014e-05,1.484784e-05,1.202390e-05,8.038196e-06,2.482210e-06,-4.371007e-06,-1.211641e-05,-2.040691e-05,-2.904939e-05,-3.789678e-05,-4.682893e-05,-5.575339e-05,4.228351e-05,3.932767e-05,3.637377e-05,3.339662e-05,3.036565e-05,2.708414e-05,2.339704e-05,1.942054e-05,1.511348e-05,1.012869e-05,4.225033e-06,-2.684248e-06,-1.052700e-05,-1.908440e-05,-2.802948e-05,-3.711106e-05,-4.620294e-05,-5.529105e-05,1.554763e-06,2.004402e-07,-1.168638e-06,-2.369795e-06,-3.299724e-06,-4.107342e-06,-4.844771e-06,-5.503985e-06,-6.106721e-06,-6.484120e-06,-6.550457e-06,-6.496124e-06,-6.596563e-06,-7.035953e-06,-7.859375e-06,-8.967925e-06,-1.016735e-05,-1.135851e-05
2.080443e-06,-7.466496e-07,-3.566054e-05,2.836817e-04,2.886486e-04,2.935248e-04,2.971110e-04,3.015136e-04,3.074194e-04,3.176643e-04,3.334260e-04,3.558501e-04,3.771591e-04,3.922198e-04,3.708294e-04,3.353325e-04,2.903231e-04,2.415846e-04,1.927119e-04,1.443322e-04,9.589925e-05,2.221691e-05,1.101716e-05,-1.828220e-07,-1.138279e-05,-2.258503e-05,-3.366427e-05,-4.455238e-05,-5.541976e-05,-6.617472e-05,-7.619376e-05,-8.499071e-05,-9.237410e-05,-9.851023e-05,-1.037451e-04,-1.085128e-04,-1.131797e-04,-1.178597e-04,-1.225380e-04,3.003856e-05,2.755337e-05,2.507386e-05,2.241581e-05,1.939669e-05,1.601922e-05,1.220614e-05,7.804217e-06,2.694622e-06,-3.587689e-06,-1.141303e-05,-2.045738e-05,-3.023287e-05,-4.035501e-05,-5.065287e-05,-6.103007e-05,-7.144537e-05,-8.185645e-05,4.109264e-05,3.833533e-05,3.557985e-05,3.280191e-05,2.997261e-05,2.690281e-05,2.344081e-05,1.968491e-05,1.558262e-05,1.079438e-05,5.079268e-06,-1.653844e-06,-9.334741e-06,-1.774144e-05,-2.654087e-05,-3.547820e-05,-4.442622e-05,-5.337032e-05,3.905758e-07,-8.963975e-07,-2.197790e-06,-3.334266e-06,-4.201228e-06,-4.936852e-06,-5.590245e-06,-6.154142e-06,-6.649236e-06,-6.917931e-06,-6.880132e-06,-6.727680e-06,-6.738827e-06,-7.098886e-06,-7.849917e-06,-8.891138e-06,-1.002494e-05,-1.115029e-05
2.172375e-06,-7.876579e-07,-3.455634e-05,2.780522e-04,2.816422e-04,2.851602e-04,2.872270e-04,2.896120e-04,2.923321e-04,2.979090e-04,3.084413e-04,3.264350e-04,3.486474e-04,3.708294e-04,3.836221e-04,3.576127e-04,3.168920e-04,2.661589e-04,2.124260e-04,1.579036e-04,1.034476e-04,1.237167e-06,-7.229339e-06,-1.569609e-05,-2.416282e-05,-3.263244e-05,-4.096682e-05,-4.905976e-05,-5.696445e-05,-6.449917e-05,-7.105297e-05,-7.612877e-05,-7.950210e-05,-8.129075e-05,-8.190813e-05,-8.190124e-05,-8.171467e-05,-8.151527e-05,-8.131771e-05,3.488283e-05,3.028417e-05,2.569184e-05,2.091180e-05,1.574771e-05,1.019986e-05,4.218934e-06,-2.301259e-06,-9.442229e-06,-1.755383e-05,-2.690944e-05,-3.713475e-05,-4.768663e-05,-5.817333e-05,-6.848640e-05,-7.864202e-05,-8.874153e-05,-9.884333e-05,4.036246e-05,3.778252e-05,3.520431e-05,3.260443e-05,2.995600e-05,2.707460e-05,2.380890e-05,2.024031e-05,1.630666e-05,1.167981e-05,6.124511e-06,-4.517112e-07,-7.986012e-06,-1.625507e-05,-2.492063e-05,-3.372618e-05,-4.254317e-05,-5.135590e-05,-9.027130e-07,-2.013402e-06,-3.138223e-06,-4.100989e-06,-4.796608e-06,-5.357601e-06,-5.834349e-06,-6.224276e-06,-6.550975e-06,-6.673771e-06,-6.525279e-06,-6.298386e-06,-6.271174e-06,-6.626947e-06,-7.400140e-06,-8.480926e-06,-9.661113e-06,-1.083223e-05
2.428771e-06,-6.162739e-07,-3.357356e-05,2.729374e-04,2.756456e-04,2.782934e-04,2.794305e-04,2.805687e-04,2.807586e-04,2.817743e-04,2.857581e-04,2.961222e-04,3.121965e-04,3.353325e-04,3.576127e-04,3.711404e-04,3.472073e-04,3.097532e-04,2.641918e-04,2.163158e-04,1.685898e-04,-3.877083e-05,-4.066258e-05,-4.255464e-05,-4.444641e-05,-4.634242e-05,-4.807567e-05,-4.948670e-05,-5.051598e-05,-5.090746e-05,-5.009031e-05,-4.758593e-05,-4.315091e-05,-3.686059e-05,-2.917598e-05,-2.072992e-05,-1.201440e-05,-3.251026e-06,5.506084e-06,3.430260e-05,2.867258e-05,2.304926e-05,1.723646e-05,1.103805e-05,4.486942e-06,-2.405904e-06,-9.670693e-06,-1.732221e-05,-2.555993e-05,-3.452103e-05,-4.379340e-05,-5.280413e-05,-6.116832e-05,-6.884989e-05,-7.603445e-05,-8.302433e-05,-9.002577e-05,4.107162e-05,3.862519e-05,3.618041e-05,3.371479e-05,3.120403e-05,2.846553e-05,2.534548e-05,2.190848e-05,1.808368e-05,1.355624e-05,8.099845e-06,1.623202e-06,-5.816301e-06,-1.399490e-05,-2.257088e-05,-3.128915e-05,-4.001984e-05,-4.874576e-05,-1.149283e-06,-2.002255e-06,-2.869088e-06,-3.577205e-06,-4.022225e-06,-4.336426e-06,-4.575991e-06,-4.747046e-06,-4.879791e-06,-4.854587e-06,-4.621105e-06,-4.371371e-06,-4.379732e-06,-4.825137e-06,-5.732938e-06,-6.977452e-06,-8.333123e-06,-9.678679e-06
2.916773e-06,-2.731576e-07,-3.272121e-05,2.692898e-04,2.711549e-04,2.729600e-04,2.733491e-04,2.736927e-04,2.719053e-04,2.687104e-04,2.657558e-04,2.666886e-04,2.732214e-04,2.903231e-04,3.168920e-04,3.472073e-04,3.730041e-04,3.652110e-04,3.473819e-04,3.242282e-04,3.016131e-04,-9.439294e-05,-8.664133e-05,-7.889014e-05,-7.113813e-05,-6.339220e-05,-5.544417e-05,-4.707114e-05,-3.810639e-05,-2.823453e-05,-1.693952e-05,-3.773607e-06,1.152897e-05,2.893749e-05,4.794921e-05,6.786129e-05,8.815287e-05,1.085347e-04,1.289049e-04,2.573450e-05,2.106164e-05,1.639534e-05,1.154894e-05,6.346636e-06,8.914773e-07,-4.711510e-06,-1.038623e-05,-1.604936e-05,-2.172349e-05,-2.738329e-05,-3.260715e-05,-3.683232e-05,-3.971020e-05,-4.127868e-05,-4.193596e-05,-4.222903e-05,-4.254500e-05,4.390174e-05,4.149827e-05,3.909636e-05,3.667450e-05,3.421151e-05,3.152429e-05,2.845448e-05,2.505022e-05,2.123315e-05,1.670188e-05,1.123999e-05,4.757811e-06,-2.691683e-06,-1.088368e-05,-1.947371e-05,-2.820980e-05,-3.695936e-05,-4.570350e-05,-5.225401e-07,-1.051972e-06,-1.594988e-06,-1.983474e-06,-2.115819e-06,-2.129836e-06,-2.092467e-06,-2.022962e-06,-1.962462e-06,-1.815629e-06,-1.552109e-06,-1.359141e-06,-1.501634e-06,-2.149950e-06,-3.320115e-06,-4.865149e-06,-6.536668e-06,-8.196715e-06
3.426971e-06,2.921821e-07,-3.197543e-05,2.678212e-04,2.684687e-04,2.690402e-04,2.685072e-04,2.682156e-04,2.648371e-04,2.578788e-04,2.480904e-04,2.389850e-04,2.340101e-04,2.415846e-04,2.661589e-04,3.097532e-04,3.652110e-04,4.232926e-04,4.529618e-04,4.781458e-04,5.032551e-04,-1.542915e-04,-1.356959e-04,-1.171009e-04,-9.850436e-05,-7.991590e-05,-6.107938e-05,-4.170375e-05,-2.152430e-05,-1.812195e-07,2.277855e-05,4.777017e-05,7.509647e-05,1.047948e-04,1.363374e-04,1.689655e-04,2.021305e-04,2.354345e-04,2.687208e-04,6.525214e-06,5.011474e-06,3.503560e-06,1.840027e-06,-1.045574e-07,-2.112788e-06,-3.945613e-06,-5.383267e-06,-6.205824e-06,-6.229828e-06,-5.242881e-06,-2.840053e-06,1.495804e-06,8.039123e-06,1.661636e-05,2.657255e-05,3.708258e-05,4.755655e-05,4.707265e-05,4.469491e-05,4.231867e-05,3.992355e-05,3.749179e-05,3.483836e-05,3.179896e-05,2.840607e-05,2.457500e-05,2.001735e-05,1.452572e-05,8.010171e-06,5.168693e-07,-7.729652e-06,-1.638280e-05,-2.519247e-05,-3.401740e-05,-4.283611e-05,1.424898e-06,1.279398e-06,1.120631e-06,1.110679e-06,1.344744e-06,1.673000e-06,2.012385e-06,2.325551e-06,2.555671e-06,2.770295e-06,2.977015e-06,2.996445e-06,2.577327e-06,1.562753e-06,-4.584775e-08,-2.074247e-06,-4.246868e-06,-6.406412e-06
3.960582e-06,1.085236e-06,-3.132736e-05,2.684650e-04,2.674622e-04,2.663521e-04,2.646396e-04,2.637251e-04,2.590209e-04,2.487757e-04,2.325982e-04,2.136024e-04,1.965465e-04,1.927119e-04,2.124260e-04,2.641918e-04,3.473819e-04,4.529618e-04,5.682638e-04,6.643551e-04,7.636168e-04,-2.099461e-04,-1.809045e-04,-1.518637e-04,-1.228204e-04,-9.378710e-05,-6.445897e-05,-3.447880e-05,-3.498648e-06,2.886829e-05,6.300386e-05,9.928721e-05,1.380667e-04,1.794682e-04,2.229650e-04,2.677675e-04,3.133128e-04,3.590524e-04,4.047670e-04,-2.183588e-05,-1.859645e-05,-1.535239e-05,-1.222665e-05,-9.267214e-06,-6.107765e-06,-2.345468e-06,2.410905e-06,8.546650e-06,1.647066e-05,2.659768e-05,3.930082e-05,5.502911e-05,7.396073e-05,9.574193e-05,1.194180e-04,1.438549e-04,1.682409e-04,5.067656e-05,4.828652e-05,4.589793e-05,4.349165e-05,4.105342e-05,3.839562e-05,3.534743e-05,3.192707e-05,2.804497e-05,2.342541e-05,1.786953e-05,1.128608e-05,3.712159e-06,-4.630314e-06,-1.339451e-05,-2.233255e-05,-3.128837e-05,-4.023702e-05,4.905225e-06,5.165759e-06,5.413377e-06,5.802697e-06,6.418986e-06,7.095061e-06,7.727545e-06,8.257090e-06,8.607653e-06,8.816872e-06,8.868212e-06,8.591851e-06,7.752723e-06,6.210438e-06,3.990039e-06,1.298881e-06,-1.556343e-06,-4.396663e-06
4.522881e-06,1.895861e-06,-3.073211e-05,2.702307e-04,2.673477e-04,2.643188e-04,2.612791e-04,2.597074e-04,2.537758e-04,2.404860e-04,2.181845e-04,1.894655e-04,1.601987e-04,1.443322e-04,1.579036e-04,2.163158e-04,3.242282e-04,4.781458e-04,6.643551e-04,8.736648e-04,1.075090e-03,-2.604835e-04,-2.216748e-04,-1.828671e-04,-1.440561e-04,-1.052568e-04,-6.611764e-05,-2.621957e-05,1.485614e-05,5.750890e-05,1.020384e-04,1.487782e-04,1.981178e-04,2.502746e-04,3.047356e-04,3.606950e-04,4.175903e-04,4.747369e-04,5.318514e-04,-5.383722e-05,-4.523347e-05,-3.662648e-05,-2.809473e-05,-1.959545e-05,-1.059858e-05,-5.260292e-07,1.119519e-05,2.512650e-05,4.190949e-05,6.216715e-05,8.623673e-05,1.144914e-04,1.470077e-04,1.832419e-04,2.219229e-04,2.615892e-04,3.011891e-04,5.460466e-05,5.218435e-05,4.976544e-05,4.733011e-05,4.486765e-05,4.218808e-05,3.911454e-05,3.565279e-05,3.171025e-05,2.702487e-05,2.140727e-05,1.476537e-05,7.126813e-06,-1.290505e-06,-1.014075e-05,-1.918002e-05,-2.823942e-05,-3.729067e-05,8.286815e-06,9.004535e-06,9.709692e-06,1.054907e-05,1.159670e-05,1.266635e-05,1.363328e-05,1.441517e-05,1.491561e-05,1.514178e-05,1.505236e-05,1.448739e-05,1.322850e-05,1.115217e-05,8.308027e-06,4.938342e-06,1.382908e-06,-2.155666e-06
5.065805e-06,2.692118e-06,-3.012634e-05,2.718677e-04,2.671173e-04,2.621827e-04,2.578233e-04,2.555942e-04,2.484273e-04,2.320780e-04,2.036394e-04,1.651944e-04,1.237400e-04,9.589925e-05,1.034476e-04,1.685898e-04,3.016131e-04,5.032551e-04,7.636168e-04,1.075090e-03,1.421020e-03,-3.111072e-04,-2.625088e-04,-2.139115e-04,-1.653100e-04,-1.167221e-04,-6.774936e-05,-1.791067e-05,3.328404e-05,8.624753e-05,1.411978e-04,1.984232e-04,2.583540e-04,3.212988e-04,3.867578e-04,4.539075e-04,5.221854e-04,5.907708e-04,6.593170e-04,-8.551649e-05,-7.159502e-05,-5.767169e-05,-4.378087e-05,-2.978983e-05,-1.500584e-05,1.323607e-06,1.995251e-05,4.161763e-05,6.719273e-05,9.750867e-05,1.328673e-04,1.735666e-04,2.195822e-04,2.701814e-04,3.237777e-04,3.785841e-04,4.333084e-04,5.834205e-05,5.590136e-05,5.346203e-05,5.100754e-05,4.853077e-05,4.583943e-05,4.275071e-05,3.925791e-05,3.526540e-05,3.052495e-05,2.485667e-05,1.816766e-05,1.047611e-05,1.995986e-06,-6.927899e-06,-1.605563e-05,-2.520564e-05,-3.434654e-05,1.155522e-05,1.273231e-05,1.389718e-05,1.518883e-05,1.667015e-05,1.813615e-05,1.944091e-05,2.047935e-05,2.113491e-05,2.138432e-05,2.116157e-05,2.031646e-05,1.864729e-05,1.604730e-05,1.259052e-05,8.553928e-06,4.310079e-06,8.501937e-08
-1.511863e-04,5.439716e-06,-1.870872e-06,9.650666e-05,7.081543e-05,4.467358e-05,2.336021e-05,1.847788e-06,-6.966860e-06,6.142610e-06,2.189934e-05,2.906441e-05,2.983721e-05,2.221691e-05,1.237167e-06,-3.877083e-05,-9.439294e-05,-1.542915e-04,-2.099461e-04,-2.604835e-04,-3.111072e-04,2.328484e-03,2.140420e-03,1.955678e-03,1.777574e-03,1.609466e-03,1.453587e-03,1.311535e-03,1.183073e-03,1.067208e-03,9.620457e-04,8.656169e-04,7.758194e-04,6.905024e-04,6.081510e-04,5.274846e-04,4.473508e-04,3.672074e-04,2.870550e-04,-2.373353e-04,-2.202408e-04,-2.031461e-04,-1.857912e-04,-1.672806e-04,-1.475047e-04,-1.271083e-04,-1.070868e-04,-8.836210e-05,-7.144964e-05,-5.669563e-05,-4.413292e-05,-3.390358e-05,-2.583595e-05,-1.929328e-05,-1.367787e-05,-8.571670e-06,-3.446000e-06,-1.131769e-03,-1.100171e-03,-1.068557e-03,-1.037000e-03,-1.005964e-03,-9.756798e-04,-9.465464e-04,-9.184987e-04,-8.914692e-04,-8.651682e-04,-8.397295e-04,-8.151953e-04,-7.913982e-04,-7.680685e-04,-7.450532e-04,-7.223126e-04,-6.997180e-04,-6.771120e-04,9.017222e-05,8.148593e-05,7.280081e-05,6.406338e-05,5.507084e-05,4.590952e-05,3.698380e-05,2.878156e-05,2.178325e-05,1.623192e-05,1.216976e-05,9.393959e-06,7.577728e-06,6.533076e-06,6.170740e-06,6.265588e-06,6.498690e-06,6.716153e-06
-1.509365e-04,5.317215e-06,-1.408741e-06,8.470841e-05,6.133257e-05,3.755560e-05,1.812863e-05,-1.445671e-06,-9.583737e-06,1.884958e-06,1.511378e-05,1.986410e-05,1.883904e-05,1.101716e-05,-7.229339e-06,-4.066258e-05,-8.664133e-05,-1.356959e-04,-1.809045e-04,-2.216748e-04,-2.625088e-04,2.140420e-03,1.988482e-03,1.835657e-03,1.686386e-03,1.543723e-03,1.410086e-03,1.287222e-03,1.175225e-03,1.073474e-03,9.804789e-04,8.946840e-04,8.144031e-04,7.378587e-04,6.637826e-04,5.911075e-04,5.188804e-04,4.466480e-04,3.744072e-04,-2.164165e-04,-2.006021e-04,-1.847877e-04,-1.687364e-04,-1.516435e-04,-1.334131e-04,-1.146265e-04,-9.619136e-05,-7.894651e-05,-6.333540e-05,-4.964411e-05,-3.788746e-05,-2.817376e-05,-2.034374e-05,-1.383791e-05,-8.138328e-06,-2.883728e-06,2.387379e-06,-1.142399e-03,-1.109351e-03,-1.076288e-03,-1.043276e-03,-1.010756e-03,-9.789487e-04,-9.482393e-04,-9.185684e-04,-8.898758e-04,-8.618784e-04,-8.347191e-04,-8.084525e-04,-7.829205e-04,-7.578550e-04,-7.331046e-04,-7.086359e-04,-6.843189e-04,-6.599898e-04,8.775285e-05,7.927391e-05,7.079623e-05,6.226796e-05,5.349948e-05,4.457979e-05,3.590380e-05,2.794828e-05,2.118383e-05,1.584358e-05,1.196227e-05,9.338322e-06,7.645843e-06,6.700364e-06,6.423274e-06,6.597188e-06,6.904393e-06,7.196295e-06
-1.506865e-04,5.194817e-06,-9.465645e-07,7.290963e-05,5.184890e-05,3.043651e-05,1.289568e-05,-4.740561e-06,-1.220185e-05,-2.373607e-06,8.327587e-06,1.066338e-05,7.840594e-06,-1.828220e-07,-1.569609e-05,-4.255464e-05,-7.889014e-05,-1.171009e-04,-1.518637e-04,-1.828671e-04,-2.139115e-04,1.955678e-03,1.835657e-03,1.715875e-03,1.595136e-03,1.477997e-03,1.366580e-03,1.262910e-03,1.167376e-03,1.079740e-03,9.989117e-04,9.237506e-04,8.529862e-04,7.852142e-04,7.194132e-04,6.547292e-04,5.904085e-04,5.260870e-04,4.617576e-04,-1.954970e-04,-1.809629e-04,-1.664288e-04,-1.516813e-04,-1.360062e-04,-1.193215e-04,-1.021448e-04,-8.529604e-05,-6.953117e-05,-5.522152e-05,-4.259304e-05,-3.164255e-05,-2.244460e-05,-1.485229e-05,-8.383416e-06,-2.599758e-06,2.803144e-06,8.219586e-06,-1.153029e-03,-1.118531e-03,-1.084019e-03,-1.049551e-03,-1.015548e-03,-9.822171e-04,-9.499316e-04,-9.186375e-04,-8.882818e-04,-8.585881e-04,-8.297082e-04,-8.017092e-04,-7.744423e-04,-7.476411e-04,-7.211556e-04,-6.949588e-04,-6.689194e-04,-6.428672e-04,8.533419e-05,7.706259e-05,6.879235e-05,6.047325e-05,5.192881e-05,4.325075e-05,3.482449e-05,2.711566e-05,2.058507e-05,1.545588e-05,1.175540e-05,9.283286e-06,7.714541e-06,6.868213e-06,6.676350e-06,6.929311e-06,7.310599e-06,7.676921e-06
-1.504369e-04,5.072080e-06,-4.844599e-07,6.110738e-05,4.236401e-05,2.331845e-05,7.665800e-06,-8.031355e-06,-1.481613e-05,-6.629327e-06,1.543206e-06,1.463586e-06,-3.157544e-06,-1.138279e-05,-2.416282e-05,-4.444641e-05,-7.113813e-05,-9.850436e-05,-1.228204e-04,-1.440561e-04,-1.653100e-04,1.777574e-03,1.686386e-03,1.595136e-03,1.504137e-03,1.412200e-03,1.323091e-03,1.238593e-03,1.159529e-03,1.086006e-03,1.017346e-03,9.528194e-04,8.915723e-04,8.325732e-04,7.750478e-04,7.183555e-04,6.619420e-04,6.055319e-04,5.491145e-04,-1.745871e-04,-1.613320e-04,-1.480771e-04,-1.346321e-04,-1.203737e-04,-1.052335e-04,-8.966576e-05,-7.440237e-05,-6.011654e-05,-4.710745e-05,-3.554095e-05,-2.539583e-05,-1.671285e-05,-9.357486e-06,-2.924821e-06,2.943652e-06,8.495594e-06,1.405811e-05,-1.163661e-03,-1.127714e-03,-1.091753e-03,-1.055829e-03,-1.020343e-03,-9.854881e-04,-9.516263e-04,-9.187091e-04,-8.866901e-04,-8.553001e-04,-8.246995e-04,-7.949679e-04,-7.659661e-04,-7.374290e-04,-7.092083e-04,-6.812833e-04,-6.535214e-04,-6.257461e-04,8.291317e-05,7.484891e-05,6.678610e-05,5.867616e-05,5.035578e-05,4.191936e-05,3.374285e-05,2.628077e-05,1.998408e-05,1.506601e-05,1.154644e-05,9.226241e-06,7.781316e-06,7.034230e-06,6.927684e-06,7.259783e-06,7.715247e-06,8.156081e-06
-1.501861e-04,4.950561e-06,-2.178278e-08,4.926140e-05,3.283920e-05,1.616430e-05,2.403668e-06,-1.134882e-05,-1.744980e-05,-1.089729e-05,-5.248234e-06,-7.740242e-06,-1.415825e-05,-2.258503e-05,-3.263244e-05,-4.634242e-05,-6.339220e-05,-7.991590e-05,-9.378710e-05,-1.052568e-04,-1.167221e-04,1.609466e-03,1.543723e-03,1.477997e-03,1.412200e-03,1.346675e-03,1.279544e-03,1.214301e-03,1.151679e-03,1.092273e-03,1.035776e-03,9.818806e-04,9.301475e-04,8.799187e-04,8.306662e-04,7.819629e-04,7.334537e-04,6.849525e-04,6.364443e-04,-1.536864e-04,-1.417100e-04,-1.297338e-04,-1.175910e-04,-1.047489e-04,-9.115289e-05,-7.719374e-05,-6.351548e-05,-5.070851e-05,-3.899991e-05,-2.849539e-05,-1.915572e-05,-1.098788e-05,-3.869691e-06,2.526504e-06,8.479499e-06,1.418018e-05,1.988846e-05,-1.174285e-03,-1.136888e-03,-1.099477e-03,-1.062098e-03,-1.025129e-03,-9.887505e-04,-9.533128e-04,-9.187725e-04,-8.850905e-04,-8.520043e-04,-8.196833e-04,-7.882195e-04,-7.574829e-04,-7.272103e-04,-6.972547e-04,-6.676018e-04,-6.381177e-04,-6.086195e-04,8.050124e-05,7.264417e-05,6.478863e-05,5.688770e-05,4.879120e-05,4.059625e-05,3.266930e-05,2.545375e-05,1.939075e-05,1.468359e-05,1.134469e-05,9.176161e-06,7.854819e-06,7.206743e-06,7.185289e-06,7.596303e-06,8.125721e-06,8.640845e-06
-1.499191e-04,4.841524e-06,4.217852e-07,3.772872e-05,2.364774e-05,9.363420e-06,-2.485259e-06,-1.430506e-05,-1.976841e-05,-1.491755e-05,-1.185064e-05,-1.679443e-05,-2.503183e-05,-3.366427e-05,-4.096682e-05,-4.807567e-05,-5.544417e-05,-6.107938e-05,-6.445897e-05,-6.611764e-05,-6.774936e-05,1.453587e-03,1.410086e-03,1.366580e-03,1.323091e-03,1.279544e-03,1.235707e-03,1.189488e-03,1.143486e-03,1.098255e-03,1.054006e-03,1.010815e-03,9.686672e-04,9.272765e-04,8.863633e-04,8.457143e-04,8.051744e-04,7.646469e-04,7.241129e-04,-1.331772e-04,-1.224575e-04,-1.117381e-04,-1.008757e-04,-8.942710e-05,-7.735204e-05,-6.497807e-05,-5.286103e-05,-4.150838e-05,-3.107519e-05,-2.160726e-05,-1.304722e-05,-5.368154e-06,1.539780e-06,7.926918e-06,1.399217e-05,1.986951e-05,2.575150e-05,-1.184740e-03,-1.145902e-03,-1.107052e-03,-1.068226e-03,-1.029783e-03,-9.918900e-04,-9.548849e-04,-9.187296e-04,-8.833919e-04,-8.486167e-04,-8.145824e-04,-7.813933e-04,-7.489292e-04,-7.169283e-04,-6.852451e-04,-6.538715e-04,-6.226724e-04,-5.914586e-04,7.819902e-05,7.054633e-05,6.289526e-05,5.520060e-05,4.732518e-05,3.936877e-05,3.168836e-05,2.471609e-05,1.888327e-05,1.438331e-05,1.122131e-05,9.200554e-06,7.998662e-06,7.445187e-06,7.504130e-06,7.989151e-06,8.587530e-06,9.171958e-06
-1.496279e-04,4.740761e-06,8.351148e-07,2.685764e-05,1.510015e-05,3.187180e-06,-6.755895e-06,-1.669411e-05,-2.160649e-05,-1.857640e-05,-1.819303e-05,-2.564873e-05,-3.573027e-05,-4.455238e-05,-4.905976e-05,-4.948670e-05,-4.707114e-05,-4.170375e-05,-3.447880e-05,-2.621957e-05,-1.791067e-05,1.311535e-03,1.287222e-03,1.262910e-03,1.238593e-03,1.214301e-03,1.189488e-03,1.163766e-03,1.134300e-03,1.103562e-03,1.071754e-03,1.039480e-03,1.007115e-03,9.747558e-04,9.423706e-04,9.099622e-04,8.775768e-04,8.452082e-04,8.128337e-04,-1.136346e-04,-1.041245e-04,-9.461449e-05,-8.498494e-05,-7.487774e-05,-6.426597e-05,-5.341454e-05,-4.279145e-05,-3.282154e-05,-2.358875e-05,-1.508001e-05,-7.219976e-06,5.208177e-08,6.833490e-06,1.329695e-05,1.956088e-05,2.570191e-05,3.184459e-05,-1.194906e-03,-1.154646e-03,-1.114375e-03,-1.074121e-03,-1.034224e-03,-9.948340e-04,-9.562785e-04,-9.185236e-04,-8.815442e-04,-8.450929e-04,-8.093573e-04,-7.744546e-04,-7.402743e-04,-7.065564e-04,-6.731567e-04,-6.400735e-04,-6.071705e-04,-5.742523e-04,7.599846e-05,6.854797e-05,6.109915e-05,5.360861e-05,4.595162e-05,3.823042e-05,3.079249e-05,2.405880e-05,1.845084e-05,1.415237e-05,1.116139e-05,9.282256e-06,8.193279e-06,7.727391e-06,7.859221e-06,8.410384e-06,9.069712e-06,9.715445e-06
-1.492950e-04,4.646281e-06,1.242467e-06,1.674046e-05,7.130746e-06,-2.589417e-06,-1.077657e-05,-1.901046e-05,-2.354468e-05,-2.247095e-05,-2.481261e-05,-3.472456e-05,-4.654910e-05,-5.541976e-05,-5.696445e-05,-5.051598e-05,-3.810639e-05,-2.152430e-05,-3.498648e-06,1.485614e-05,3.328404e-05,1.183073e-03,1.175225e-03,1.167376e-03,1.159529e-03,1.151679e-03,1.143486e-03,1.134300e-03,1.123140e-03,1.107100e-03,1.088331e-03,1.067441e-03,1.045339e-03,1.022473e-03,9.990710e-04,9.753525e-04,9.515694e-04,9.278076e-04,9.040404e-04,-9.554453e-05,-8.719810e-05,-7.885174e-05,-7.040778e-05,-6.158700e-05,-5.237291e-05,-4.296773e-05,-3.375137e-05,-2.506600e-05,-1.692474e-05,-9.257218e-06,-1.970901e-06,5.027970e-06,1.182313e-05,1.850833e-05,2.511973e-05,3.167493e-05,3.822870e-05,-1.204636e-03,-1.162981e-03,-1.121315e-03,-1.079660e-03,-1.038334e-03,-9.974736e-04,-9.573915e-04,-9.180576e-04,-8.794540e-04,-8.413410e-04,-8.039160e-04,-7.673094e-04,-7.314210e-04,-6.959928e-04,-6.608827e-04,-6.260956e-04,-5.914942e-04,-5.568770e-04,7.386519e-05,6.662023e-05,5.937701e-05,5.209380e-05,4.465743e-05,3.717230e-05,2.997642e-05,2.347953e-05,1.809323e-05,1.399178e-05,1.116634e-05,9.422471e-06,8.439277e-06,8.053171e-06,8.249499e-06,8.858020e-06,9.569318e-06,1.026739e-05
-1.489323e-04,4.546913e-06,1.655526e-06,7.386187e-06,-3.278039e-07,-8.110974e-06,-1.475835e-05,-2.151309e-05,-2.586716e-05,-2.686671e-05,-3.192445e-05,-4.414385e-05,-5.750226e-05,-6.617472e-05,-6.449917e-05,-5.090746e-05,-2.823453e-05,-1.812195e-07,2.886829e-05,5.750890e-05,8.624753e-05,1.067208e-03,1.073474e-03,1.079740e-03,1.086006e-03,1.092273e-03,1.098255e-03,1.103562e-03,1.107100e-03,1.107873e-03,1.102688e-03,1.094116e-03,1.083077e-03,1.070515e-03,1.056887e-03,1.042644e-03,1.028246e-03,1.013874e-03,9.994971e-04,-7.906740e-05,-7.187211e-05,-6.467678e-05,-5.740377e-05,-4.984477e-05,-4.198938e-05,-3.397514e-05,-2.609180e-05,-1.859670e-05,-1.143252e-05,-4.474438e-06,2.385544e-06,9.272362e-06,1.625399e-05,2.334282e-05,3.048952e-05,3.764968e-05,4.480521e-05,-1.214028e-03,-1.171003e-03,-1.127967e-03,-1.084936e-03,-1.042206e-03,-9.998999e-04,-9.583132e-04,-9.174190e-04,-8.772056e-04,-8.374413e-04,-7.983332e-04,-7.600253e-04,-7.224286e-04,-6.852879e-04,-6.484638e-04,-6.119686e-04,-5.756648e-04,-5.393443e-04,7.168850e-05,6.465893e-05,5.763114e-05,5.056486e-05,4.335743e-05,3.611510e-05,2.916632e-05,2.290933e-05,1.774568e-05,1.384021e-05,1.117764e-05,9.565007e-06,8.682418e-06,8.369982e-06,8.623942e-06,9.282471e-06,1.003813e-05,1.078095e-05
-1.485374e-04,4.425056e-06,2.060068e-06,-1.281726e-06,-7.299793e-06,-1.334972e-05,-1.862004e-05,-2.404900e-05,-2.833015e-05,-3.141019e-05,-3.907030e-05,-5.336295e-05,-6.798975e-05,-7.619376e-05,-7.105297e-05,-5.009031e-05,-1.693952e-05,2.277855e-05,6.300386e-05,1.020384e-04,1.411978e-04,9.620457e-04,9.804789e-04,9.989117e-04,1.017346e-03,1.035776e-03,1.054006e-03,1.071754e-03,1.088331e-03,1.102688e-03,1.113580e-03,1.118246e-03,1.119576e-03,1.118493e-03,1.115828e-03,1.112232e-03,1.108389e-03,1.104577e-03,1.100760e-03,-6.390660e-05,-5.789503e-05,-5.188332e-05,-4.581168e-05,-3.953505e-05,-3.304427e-05,-2.640965e-05,-1.982812e-05,-1.346962e-05,-7.205690e-06,-8.604994e-07,5.687921e-06,1.259413e-05,1.990837e-05,2.755890e-05,3.540693e-05,4.334203e-05,5.126910e-05,-1.223063e-03,-1.178694e-03,-1.134316e-03,-1.089935e-03,-1.045830e-03,-1.002103e-03,-9.590366e-04,-9.166033e-04,-8.747971e-04,-8.333937e-04,-7.926103e-04,-7.526046e-04,-7.132998e-04,-6.744446e-04,-6.359027e-04,-5.976950e-04,-5.596840e-04,-5.216557e-04,6.931528e-05,6.251547e-05,5.571752e-05,4.888238e-05,4.191708e-05,3.492934e-05,2.823793e-05,2.222939e-05,1.729490e-05,1.358991e-05,1.109320e-05,9.613368e-06,8.831570e-06,8.591670e-06,8.900984e-06,9.606484e-06,1.040307e-05,1.118725e-05
