1.969057e-05,-3.107641e-07,-8.148080e-08,5.089272e-07,7.834948e-07,1.045453e-06,1.094233e-06,1.077702e-06,1.181680e-06,1.859207e-06,1.936800e-06,1.191427e-06,7.067402e-07,5.960518e-07,2.495046e-07,6.180231e-07,2.270758e-06,3.736106e-06,5.023819e-06,6.347466e-06,7.523390e-06,-1.226213e-04,-1.229257e-04,-1.232294e-04,-1.235362e-04,-1.238318e-04,-1.240049e-04,-1.240062e-04,-1.237124e-04,-1.232358e-04,-1.225604e-04,-1.218119e-04,-1.211111e-04,-1.204124e-04,-1.196521e-04,-1.188299e-04,-1.180060e-04,-1.172240e-04,-1.164325e-04,9.170736e-07,1.408432e-06,1.899360e-06,2.365821e-06,2.759130e-06,3.103602e-06,3.334880e-06,3.475067e-06,3.510962e-06,3.404661e-06,3.243573e-06,3.065584e-06,2.976644e-06,2.999062e-06,3.056381e-06,3.116425e-06,3.218963e-06,3.325757e-06,1.690567e-04,1.621484e-04,1.552294e-04,1.482736e-04,1.415404e-04,1.350497e-04,1.290372e-04,1.233566e-04,1.179459e-04,1.125396e-04,1.074519e-04,1.029199e-04,9.891033e-05,9.519541e-05,9.169121e-05,8.848525e-05,8.548317e-05,8.246395e-05,-1.410127e-05,-1.186062e-05,-9.624468e-06,-7.324221e-06,-4.773425e-06,-1.999462e-06,7.359219e-07,3.074211e-06,4.625598e-06,5.209609e-06,4.806295e-06,3.600026e-06,1.908798e-06,-1.665904e-07,-2.731976e-06,-5.678835e-06,-8.716032e-06,-1.174060e-05
-3.107641e-07,1.874313e-05,-4.888160e-08,1.576395e-06,1.110333e-06,9.760101e-07,6.737584e-07,2.293959e-07,2.709084e-07,8.835619e-07,1.082579e-06,1.132834e-06,3.350278e-07,-5.750211e-07,-1.764736e-06,-2.010637e-06,-1.555840e-06,4.334455e-08,2.854917e-06,5.624290e-06,8.282053e-06,3.435443e-06,3.528672e-06,3.622799e-06,3.713972e-06,3.815795e-06,4.021978e-06,4.301766e-06,4.630731e-06,4.899271e-06,4.960860e-06,4.809001e-06,4.456296e-06,3.983557e-06,3.410280e-06,2.693883e-06,1.867344e-06,1.010790e-06,1.600191e-07,-1.204036e-04,-1.197477e-04,-1.190789e-04,-1.183124e-04,-1.175579e-04,-1.167505e-04,-1.159666e-04,-1.152237e-04,-1.145331e-04,-1.138962e-04,-1.134382e-04,-1.130807e-04,-1.128109e-04,-1.126655e-04,-1.125827e-04,-1.124894e-04,-1.123668e-04,-1.122375e-04,-1.342286e-05,-1.127279e-05,-9.126508e-06,-6.924244e-06,-4.499800e-06,-1.871475e-06,7.101657e-07,2.902576e-06,4.348964e-06,4.875419e-06,4.468095e-06,3.304615e-06,1.695905e-06,-2.494767e-07,-2.630770e-06,-5.357164e-06,-8.160831e-06,-1.095257e-05,1.236428e-04,1.256238e-04,1.275983e-04,1.292990e-04,1.304902e-04,1.306106e-04,1.294026e-04,1.266481e-04,1.226719e-04,1.177507e-04,1.125576e-04,1.072279e-04,1.019174e-04,9.684696e-05,9.198408e-05,8.710570e-05,8.212205e-05,7.713754e-05
-8.148080e-08,-4.888160e-08,3.999532e-06,-3.309056e-05,-3.366802e-05,-3.410203e-05,-3.371513e-05,-3.390779e-05,-3.361405e-05,-3.408223e-05,-3.362848e-05,-3.306022e-05,-3.068659e-05,-2.889206e-05,-2.781409e-05,-2.722689e-05,-2.714927e-05,-2.740123e-05,-2.784809e-05,-2.840863e-05,-2.889767e-05,-2.638388e-06,-2.156338e-06,-1.673937e-06,-1.192170e-06,-7.066448e-07,-3.710800e-07,-2.619689e-07,-1.378174e-07,1.346137e-07,4.453410e-07,7.297572e-07,9.563835e-07,1.149451e-06,1.332887e-06,1.500082e-06,1.676177e-06,1.871153e-06,2.062289e-06,1.533900e-06,1.027612e-06,5.147155e-07,1.619662e-07,4.333462e-08,-4.278397e-08,-1.856821e-07,-3.891569e-07,-6.782722e-07,-9.221189e-07,-1.012329e-06,-9.923718e-07,-8.860588e-07,-7.493289e-07,-5.975046e-07,-4.281865e-07,-2.685908e-07,-1.117881e-07,7.688006e-07,7.589327e-08,-6.175568e-07,-1.306232e-06,-2.009546e-06,-2.577446e-06,-2.904509e-06,-3.166874e-06,-3.381436e-06,-3.275372e-06,-2.637945e-06,-1.366342e-06,5.246073e-07,2.884085e-06,5.472375e-06,8.115101e-06,1.074317e-05,1.336937e-05,-1.759570e-06,-1.209941e-06,-6.442587e-07,-2.556547e-07,-1.402799e-07,-1.162316e-07,-1.120044e-07,-1.220658e-07,-1.163915e-07,-2.322945e-07,-5.313479e-07,-8.478493e-07,-9.400015e-07,-6.484520e-07,5.872438e-08,1.068577e-06,2.180004e-06,3.282382e-06
5.089272e-07,1.576395e-06,-3.309056e-05,1.890538e-03,9.884517e-04,3.662880e-04,1.425573e-04,1.559609e-04,2.107286e-04,2.713198e-04,2.957359e-04,2.950590e-04,2.721390e-04,2.428393e-04,2.142754e-04,1.922243e-04,1.858802e-04,1.955097e-04,2.167218e-04,2.449123e-04,2.721296e-04,1.899829e-04,1.699315e-04,1.498965e-04,1.297388e-04,1.094298e-04,8.848255e-05,6.836264e-05,4.983565e-05,3.251602e-05,1.709023e-05,3.637350e-06,-8.037881e-06,-1.856727e-05,-2.834453e-05,-3.762825e-05,-4.684359e-05,-5.630937e-05,-6.573438e-05,-6.223928e-04,-5.008063e-04,-3.782285e-04,-2.679510e-04,-1.760332e-04,-1.018459e-04,-4.444775e-05,-1.423568e-06,2.934332e-05,4.897421e-05,5.918932e-05,6.224206e-05,6.005538e-05,5.480321e-05,4.767772e-05,3.928896e-05,3.046745e-05,2.169935e-05,-1.376516e-05,-6.816234e-06,1.352929e-07,6.925010e-06,1.366650e-05,1.946352e-05,2.337384e-05,2.647184e-05,2.880144e-05,2.812408e-05,2.274900e-05,1.189718e-05,-4.235851e-06,-2.436576e-05,-4.646570e-05,-6.906029e-05,-9.153297e-05,-1.139914e-04,4.427419e-05,3.260047e-05,2.066529e-05,1.146206e-05,6.234228e-06,3.450826e-06,2.312210e-06,2.303346e-06,2.879022e-06,4.899576e-06,8.636449e-06,1.259298e-05,1.469184e-05,1.355615e-05,8.941194e-06,1.812075e-06,-6.145997e-06,-1.403000e-05
7.834948e-07,1.110333e-06,-3.366802e-05,9.884517e-04,7.245445e-04,3.951604e-04,2.524626e-04,2.304879e-04,2.445764e-04,2.762371e-04,2.891873e-04,2.903399e-04,2.715948e-04,2.495919e-04,2.292616e-04,2.133342e-04,2.073743e-04,2.107202e-04,2.211221e-04,2.358227e-04,2.497077e-04,1.408955e-04,1.234779e-04,1.060653e-04,8.859094e-05,7.090589e-05,5.403857e-05,3.943615e-05,2.649735e-05,1.428803e-05,3.372731e-06,-6.062321e-06,-1.405656e-05,-2.110721e-05,-2.757085e-05,-3.362479e-05,-3.966563e-05,-4.591804e-05,-5.213309e-05,-3.444970e-04,-2.717024e-04,-1.981842e-04,-1.335982e-04,-8.231141e-05,-4.212118e-05,-1.166796e-05,1.062535e-05,2.631401e-05,3.571320e-05,3.945249e-05,3.891997e-05,3.525205e-05,2.983692e-05,2.332447e-05,1.604613e-05,8.566195e-06,1.126706e-06,-1.008078e-05,-3.349286e-06,3.386114e-06,1.000296e-05,1.666199e-05,2.220356e-05,2.566845e-05,2.835110e-05,3.037533e-05,2.948647e-05,2.395348e-05,1.295470e-05,-3.343365e-06,-2.365292e-05,-4.593154e-05,-6.868825e-05,-9.131816e-05,-1.139332e-04,3.300563e-05,2.385008e-05,1.446638e-05,7.471888e-06,4.016497e-06,2.399026e-06,1.830388e-06,1.973834e-06,2.375308e-06,4.013060e-06,7.265986e-06,1.067683e-05,1.217545e-05,1.039475e-05,5.085378e-06,-2.783563e-06,-1.150295e-05,-2.014642e-05
1.045453e-06,9.760101e-07,-3.410203e-05,3.662880e-04,3.951604e-04,4.474049e-04,3.583478e-04,3.056954e-04,2.766037e-04,2.795427e-04,2.808672e-04,2.842581e-04,2.700073e-04,2.554753e-04,2.435378e-04,2.339324e-04,2.284277e-04,2.252763e-04,2.244124e-04,2.250196e-04,2.249783e-04,8.602179e-05,7.204495e-05,5.806174e-05,4.407758e-05,2.982447e-05,1.782624e-05,9.425204e-06,2.621166e-06,-4.079002e-06,-1.022605e-05,-1.549560e-05,-1.973248e-05,-2.326766e-05,-2.640528e-05,-2.923026e-05,-3.210085e-05,-3.514186e-05,-3.814913e-05,-5.716438e-05,-3.454843e-05,-1.148363e-05,5.912197e-06,1.506297e-05,1.985553e-05,2.210981e-05,2.258480e-05,2.229998e-05,2.076891e-05,1.751213e-05,1.301764e-05,7.604115e-06,1.836572e-06,-4.209419e-06,-1.049648e-05,-1.674146e-05,-2.295969e-05,-6.938359e-06,-3.532063e-07,6.236961e-06,1.274463e-05,1.937420e-05,2.470563e-05,2.777178e-05,3.008149e-05,3.183524e-05,3.076953e-05,2.511817e-05,1.402083e-05,-2.381229e-06,-2.280010e-05,-4.518806e-05,-6.804288e-05,-9.076855e-05,-1.134785e-04,2.289701e-05,1.649569e-05,9.900907e-06,5.347182e-06,3.863400e-06,3.557247e-06,3.644612e-06,3.966028e-06,4.167440e-06,5.349038e-06,8.012325e-06,1.075377e-05,1.152656e-05,8.987326e-06,2.885992e-06,-5.811165e-06,-1.537938e-05,-2.487012e-05
1.094233e-06,6.737584e-07,-3.371513e-05,1.425573e-04,2.524626e-04,3.583478e-04,4.511564e-04,3.635452e-04,3.063576e-04,2.810420e-04,2.716495e-04,2.741447e-04,2.625907e-04,2.537693e-04,2.477342e-04,2.418920e-04,2.362824e-04,2.295953e-04,2.232060e-04,2.169962e-04,2.102247e-04,8.482479e-05,6.737718e-05,4.991231e-05,3.250033e-05,1.476333e-05,8.210920e-07,-7.349498e-06,-1.277339e-05,-1.740898e-05,-2.107582e-05,-2.363132e-05,-2.506470e-05,-2.577134e-05,-2.609970e-05,-2.614125e-05,-2.626789e-05,-2.654321e-05,-2.678713e-05,7.536138e-05,7.203739e-05,6.893128e-05,6.246467e-05,5.073623e-05,3.858783e-05,2.809979e-05,1.933616e-05,1.282704e-05,7.573958e-06,2.445974e-06,-2.522797e-06,-7.434780e-06,-1.212567e-05,-1.674163e-05,-2.136125e-05,-2.583148e-05,-3.028133e-05,-7.154726e-06,-4.163672e-07,6.327616e-06,1.301066e-05,1.988210e-05,2.530555e-05,2.824610e-05,3.035148e-05,3.189111e-05,3.066794e-05,2.495775e-05,1.391658e-05,-2.323488e-06,-2.249642e-05,-4.458825e-05,-6.712107e-05,-8.952319e-05,-1.119098e-04,1.512950e-05,1.044171e-05,5.594399e-06,2.494237e-06,2.142168e-06,2.565193e-06,2.993631e-06,3.396067e-06,3.496000e-06,4.449321e-06,6.816821e-06,9.243314e-06,9.726053e-06,6.951650e-06,6.661735e-07,-8.184127e-06,-1.789783e-05,-2.753478e-05
1.077702e-06,2.293959e-07,-3.390779e-05,1.559609e-04,2.304879e-04,3.056954e-04,3.635452e-04,4.412478e-04,3.623829e-04,3.113908e-04,2.782070e-04,2.683660e-04,2.508477e-04,2.431498e-04,2.416954e-04,2.423840e-04,2.435810e-04,2.444176e-04,2.445562e-04,2.437988e-04,2.425385e-04,-5.064093e-06,-1.204449e-05,-1.904465e-05,-2.597384e-05,-3.319413e-05,-3.630449e-05,-3.333786e-05,-2.881773e-05,-2.501615e-05,-2.142808e-05,-1.783384e-05,-1.413422e-05,-1.049657e-05,-7.072799e-06,-3.711809e-06,-5.308940e-07,2.514721e-06,5.591018e-06,7.005129e-05,5.894984e-05,4.790771e-05,3.525589e-05,1.982531e-05,6.440532e-06,-3.039561e-06,-9.080574e-06,-1.163121e-05,-1.209466e-05,-1.193255e-05,-1.119169e-05,-1.009012e-05,-8.545544e-06,-6.624765e-06,-4.512554e-06,-2.157231e-06,2.133805e-07,-5.799905e-06,6.527616e-07,7.111570e-06,1.352351e-05,2.013358e-05,2.523584e-05,2.777756e-05,2.960271e-05,3.101062e-05,2.975038e-05,2.408398e-05,1.315552e-05,-2.928540e-06,-2.291091e-05,-4.478255e-05,-6.708380e-05,-8.925524e-05,-1.114108e-04,9.466215e-06,5.696109e-06,1.788154e-06,-5.709629e-07,-4.346927e-07,2.420832e-07,7.405169e-07,1.105622e-06,1.115145e-06,1.982912e-06,4.296778e-06,6.693693e-06,7.158829e-06,4.364223e-06,-1.968717e-06,-1.088359e-05,-2.066956e-05,-3.037802e-05
1.181680e-06,2.709084e-07,-3.361405e-05,2.107286e-04,2.445764e-04,2.766037e-04,3.063576e-04,3.623829e-04,4.398058e-04,3.562843e-04,3.016351e-04,2.669585e-04,2.371170e-04,2.245840e-04,2.243301e-04,2.308729e-04,2.404450e-04,2.511778e-04,2.601728e-04,2.676124e-04,2.745955e-04,-8.298555e-05,-7.765322e-05,-7.233458e-05,-6.696646e-05,-6.177410e-05,-5.319182e-05,-3.909241e-05,-2.549812e-05,-1.526766e-05,-7.166314e-06,-6.263765e-07,4.775894e-06,9.237261e-06,1.287628e-05,1.614273e-05,1.920428e-05,2.214132e-05,2.510818e-05,3.886478e-05,2.928184e-05,1.970947e-05,9.116886e-06,-3.322113e-06,-1.374404e-05,-2.042923e-05,-2.351546e-05,-2.271914e-05,-1.960473e-05,-1.561568e-05,-1.078469e-05,-5.389571e-06,6.145014e-07,7.220488e-06,1.414168e-05,2.136221e-05,2.859396e-05,-2.983762e-06,2.897276e-06,8.783878e-06,1.462771e-05,2.063736e-05,2.521922e-05,2.728204e-05,2.882328e-05,3.019463e-05,2.904923e-05,2.362168e-05,1.303971e-05,-2.615393e-06,-2.211110e-05,-4.347244e-05,-6.527108e-05,-8.694596e-05,-1.086046e-04,9.066788e-06,5.501087e-06,1.805430e-06,-4.248638e-07,-2.894025e-07,4.133053e-07,9.939101e-07,1.432900e-06,1.469892e-06,2.328636e-06,4.590454e-06,6.906521e-06,7.292763e-06,4.439184e-06,-1.939195e-06,-1.088436e-05,-2.069799e-05,-3.043438e-05
1.859207e-06,8.835619e-07,-3.408223e-05,2.713198e-04,2.762371e-04,2.795427e-04,2.810420e-04,3.113908e-04,3.562843e-04,4.378925e-04,3.596363e-04,2.972260e-04,2.397212e-04,2.109300e-04,2.037993e-04,2.111899e-04,2.269996e-04,2.475423e-04,2.674880e-04,2.875773e-04,3.071199e-04,-4.774910e-05,-3.906767e-05,-3.039159e-05,-2.169864e-05,-1.305677e-05,-2.528919e-06,1.114221e-05,2.156100e-05,2.600467e-05,2.722552e-05,2.650786e-05,2.457719e-05,2.169708e-05,1.803832e-05,1.414157e-05,1.021391e-05,6.140441e-06,2.098370e-06,-7.598968e-06,-1.023620e-05,-1.285212e-05,-1.641230e-05,-2.118730e-05,-2.437324e-05,-2.463254e-05,-2.184491e-05,-1.552688e-05,-7.976500e-06,-6.219712e-07,6.705465e-06,1.384944e-05,2.102915e-05,2.842214e-05,3.582983e-05,4.339199e-05,5.097193e-05,4.922989e-06,1.005139e-05,1.518472e-05,2.027231e-05,2.548925e-05,2.944555e-05,3.114116e-05,3.260641e-05,3.414514e-05,3.313610e-05,2.770139e-05,1.695000e-05,9.880553e-07,-1.892460e-05,-4.078389e-05,-6.312639e-05,-8.534298e-05,-1.075433e-04,1.426405e-05,1.057799e-05,6.758984e-06,4.404648e-06,4.328836e-06,4.850659e-06,5.300480e-06,5.585016e-06,5.394662e-06,6.047942e-06,8.137305e-06,1.028618e-05,1.049660e-05,7.443829e-06,8.272844e-07,-8.382985e-06,-1.846728e-05,-2.847367e-05
1.936800e-06,1.082579e-06,-3.362848e-05,2.957359e-04,2.891873e-04,2.808672e-04,2.716495e-04,2.782070e-04,3.016351e-04,3.596363e-04,4.355341e-04,3.438626e-04,2.701126e-04,2.197500e-04,1.988747e-04,1.959401e-04,2.067305e-04,2.269341e-04,2.507253e-04,2.774488e-04,3.034604e-04,7.023097e-06,1.141077e-05,1.579695e-05,2.018467e-05,2.457347e-05,2.997341e-05,3.680397e-05,3.976801e-05,3.610785e-05,2.980928e-05,2.284546e-05,1.581380e-05,8.544508e-06,1.007699e-06,-6.462896e-06,-1.386316e-05,-2.144899e-05,-2.900012e-05,-3.421809e-05,-3.162748e-05,-2.899828e-05,-2.734198e-05,-2.652632e-05,-2.418647e-05,-1.916713e-05,-1.123608e-05,3.235310e-07,1.168038e-05,2.059523e-05,2.755881e-05,3.282813e-05,3.705435e-05,4.070199e-05,4.384811e-05,4.690943e-05,5.000189e-05,6.558118e-06,1.134423e-05,1.613498e-05,2.088054e-05,2.573953e-05,2.947181e-05,3.120937e-05,3.281579e-05,3.461842e-05,3.384256e-05,2.853567e-05,1.783398e-05,1.896994e-06,-1.800702e-05,-3.987687e-05,-6.224195e-05,-8.448008e-05,-1.067030e-04,1.664850e-05,1.288096e-05,8.980222e-06,6.524023e-06,6.241978e-06,6.523890e-06,6.714630e-06,6.694454e-06,6.114052e-06,6.459364e-06,8.417218e-06,1.058597e-05,1.094839e-05,8.158471e-06,1.901018e-06,-6.884232e-06,-1.651429e-05,-2.606889e-05
1.191427e-06,1.132834e-06,-3.306022e-05,2.950590e-04,2.903399e-04,2.842581e-04,2.741447e-04,2.683660e-04,2.669585e-04,2.972260e-04,3.438626e-04,4.344915e-04,3.624316e-04,3.026993e-04,2.489155e-04,2.076197e-04,1.846472e-04,1.775334e-04,1.841285e-04,1.985073e-04,2.118196e-04,6.147283e-05,5.222074e-05,4.296794e-05,3.371272e-05,2.446066e-05,1.587568e-05,7.742739e-06,-3.284011e-06,-1.901081e-05,-3.461799e-05,-4.753217e-05,-5.743142e-05,-6.545314e-05,-7.221693e-05,-7.824120e-05,-8.425735e-05,-9.054608e-05,-9.679094e-05,-4.978126e-05,-3.522243e-05,-2.061005e-05,-7.133082e-06,5.064500e-06,1.757603e-05,3.078012e-05,4.417127e-05,5.780317e-05,6.655577e-05,6.732177e-05,6.154935e-05,5.094350e-05,3.737509e-05,2.166706e-05,4.535980e-06,-1.308392e-05,-3.064474e-05,-9.446407e-07,4.269520e-06,9.487928e-06,1.466874e-05,1.997127e-05,2.423895e-05,2.672248e-05,2.905410e-05,3.148219e-05,3.118025e-05,2.613368e-05,1.548594e-05,-5.176579e-07,-2.057769e-05,-4.263889e-05,-6.518270e-05,-8.759732e-05,-1.099985e-04,2.126048e-05,1.659711e-05,1.180192e-05,8.430624e-06,7.178550e-06,6.499585e-06,5.794321e-06,5.023963e-06,3.921492e-06,4.116308e-06,6.405637e-06,9.281241e-06,1.057728e-05,8.846613e-06,3.788372e-06,-3.709072e-06,-1.200962e-05,-2.023854e-05
7.067402e-07,3.350278e-07,-3.068659e-05,2.721390e-04,2.715948e-04,2.700073e-04,2.625907e-04,2.508477e-04,2.371170e-04,2.397212e-04,2.701126e-04,3.624316e-04,4.779269e-04,4.111424e-04,3.337622e-04,2.408460e-04,1.666818e-04,1.094731e-04,7.745288e-05,5.878788e-05,3.871445e-05,1.246839e-04,9.915448e-05,7.362476e-05,4.809085e-05,2.255817e-05,-2.626873e-06,-2.827111e-05,-5.665217e-05,-8.852590e-05,-1.185973e-04,-1.424758e-04,-1.587474e-04,-1.694170e-04,-1.760667e-04,-1.807081e-04,-1.853513e-04,-1.903526e-04,-1.953029e-04,-5.073595e-05,-2.864181e-05,-6.487942e-06,1.448347e-05,3.394091e-05,5.281707e-05,7.072097e-05,8.638711e-05,9.903111e-05,1.030288e-04,9.339387e-05,7.209225e-05,4.269913e-05,8.308402e-06,-3.009881e-05,-7.099989e-05,-1.128775e-04,-1.546647e-04,-4.820397e-06,1.844401e-07,5.193055e-06,1.016993e-05,1.526405e-05,1.945821e-05,2.217821e-05,2.489717e-05,2.779202e-05,2.819422e-05,2.397611e-05,1.413210e-05,-1.042478e-06,-2.026321e-05,-4.146042e-05,-6.308833e-05,-8.458424e-05,-1.060703e-04,1.907035e-05,1.381588e-05,8.439178e-06,4.393160e-06,2.306048e-06,7.780836e-07,-6.951460e-07,-2.067007e-06,-3.504748e-06,-3.407436e-06,-7.712039e-07,2.903972e-06,5.349825e-06,5.065930e-06,1.795425e-06,-3.687078e-06,-9.876022e-06,-1.600149e-05
5.960518e-07,-5.750211e-07,-2.889206e-05,2.428393e-04,2.495919e-04,2.554753e-04,2.537693e-04,2.431498e-04,2.245840e-04,2.109300e-04,2.197500e-04,3.026993e-04,4.111424e-04,5.428919e-04,4.669619e-04,3.494748e-04,2.155312e-04,8.204142e-05,-2.473457e-05,-1.174035e-04,-2.114931e-04,1.981772e-04,1.548602e-04,1.115430e-04,6.822035e-05,2.489757e-05,-1.824698e-05,-6.211806e-05,-1.082884e-04,-1.563063e-04,-2.007273e-04,-2.356193e-04,-2.579580e-04,-2.695617e-04,-2.733601e-04,-2.734071e-04,-2.734485e-04,-2.738409e-04,-2.741866e-04,-2.336916e-05,-8.698559e-06,6.037220e-06,1.948161e-05,3.112742e-05,4.152054e-05,4.999115e-05,5.514145e-05,5.588855e-05,4.748861e-05,2.436087e-05,-1.147686e-05,-5.543459e-05,-1.042604e-04,-1.576550e-04,-2.136820e-04,-2.707731e-04,-3.277671e-04,-6.206085e-06,-1.370120e-06,3.468874e-06,8.280581e-06,1.321874e-05,1.738029e-05,2.029954e-05,2.335601e-05,2.663090e-05,2.763380e-05,2.415129e-05,1.497009e-05,3.136701e-07,-1.850279e-05,-3.931949e-05,-6.049850e-05,-8.153978e-05,-1.025730e-04,1.364910e-05,8.215026e-06,2.665434e-06,-1.605715e-06,-3.989121e-06,-5.750504e-06,-7.330583e-06,-8.655968e-06,-9.849181e-06,-9.465797e-06,-6.450609e-06,-2.258334e-06,8.087707e-07,1.263048e-06,-1.065445e-06,-5.493203e-06,-1.057814e-05,-1.560362e-05
2.495046e-07,-1.764736e-06,-2.781409e-05,2.142754e-04,2.292616e-04,2.435378e-04,2.477342e-04,2.416954e-04,2.243301e-04,2.037993e-04,1.988747e-04,2.489155e-04,3.337622e-04,4.669619e-04,5.920679e-04,4.827387e-04,3.253791e-04,1.231235e-04,-6.486752e-05,-2.481768e-04,-4.321121e-04,2.224114e-04,1.727872e-04,1.231625e-04,7.353280e-05,2.389550e-05,-2.548960e-05,-7.519979e-05,-1.263436e-04,-1.776138e-04,-2.240489e-04,-2.600541e-04,-2.824023e-04,-2.907642e-04,-2.887743e-04,-2.820445e-04,-2.754299e-04,-2.690039e-04,-2.625510e-04,1.944951e-05,2.113968e-05,2.289799e-05,2.318732e-05,2.112681e-05,1.689626e-05,9.699034e-06,-1.836399e-06,-1.891306e-05,-4.492274e-05,-8.431839e-05,-1.339810e-04,-1.884594e-04,-2.446059e-04,-3.031787e-04,-3.627354e-04,-4.226541e-04,-4.825160e-04,-9.441485e-06,-4.614667e-06,2.149010e-07,5.016653e-06,9.940322e-06,1.412631e-05,1.712393e-05,2.025785e-05,2.354079e-05,2.468713e-05,2.162652e-05,1.315122e-05,-8.264804e-07,-1.900497e-05,-3.913558e-05,-5.953726e-05,-7.980414e-05,-1.000613e-04,5.778580e-06,7.254127e-08,-5.745008e-06,-1.029276e-05,-1.292072e-05,-1.476462e-05,-1.620073e-05,-1.712259e-05,-1.761307e-05,-1.639878e-05,-1.257565e-05,-7.679770e-06,-4.080359e-06,-3.275431e-06,-5.335880e-06,-9.576136e-06,-1.450998e-05,-1.938119e-05
6.180231e-07,-2.010637e-06,-2.722689e-05,1.922243e-04,2.133342e-04,2.339324e-04,2.418920e-04,2.423840e-04,2.308729e-04,2.111899e-04,1.959401e-04,2.076197e-04,2.408460e-04,3.494748e-04,4.827387e-04,5.991489e-04,4.666818e-04,2.611128e-04,2.896188e-05,-2.177237e-04,-4.640697e-04,1.553347e-04,1.171035e-04,7.887060e-05,4.063651e-05,2.376472e-06,-3.519541e-05,-7.187930e-05,-1.081975e-04,-1.422686e-04,-1.700508e-04,-1.872707e-04,-1.915942e-04,-1.822435e-04,-1.629534e-04,-1.397021e-04,-1.170000e-04,-9.414056e-05,-7.129069e-05,5.275638e-05,4.424411e-05,3.579716e-05,2.573301e-05,1.263958e-05,-3.534976e-06,-2.349975e-05,-4.842161e-05,-7.941363e-05,-1.183481e-04,-1.677615e-04,-2.233782e-04,-2.790534e-04,-3.310974e-04,-3.800042e-04,-4.259594e-04,-4.705517e-04,-5.151853e-04,-7.765413e-06,-2.781628e-06,2.204045e-06,7.163968e-06,1.226812e-05,1.662763e-05,1.971621e-05,2.276377e-05,2.570154e-05,2.641299e-05,2.305690e-05,1.458534e-05,8.549846e-07,-1.684533e-05,-3.624928e-05,-5.577573e-05,-7.517226e-05,-9.455362e-05,2.624377e-06,-3.037595e-06,-8.809129e-06,-1.330868e-05,-1.580249e-05,-1.734984e-05,-1.830524e-05,-1.856159e-05,-1.818170e-05,-1.606596e-05,-1.153241e-05,-6.200323e-06,-2.477654e-06,-1.928536e-06,-4.691725e-06,-9.960993e-06,-1.607445e-05,-2.211317e-05
2.270758e-06,-1.555840e-06,-2.714927e-05,1.858802e-04,2.073743e-04,2.284277e-04,2.362824e-04,2.435810e-04,2.404450e-04,2.269996e-04,2.067305e-04,1.846472e-04,1.666818e-04,2.155312e-04,3.253791e-04,4.666818e-04,5.805283e-04,4.521858e-04,2.739864e-04,4.695781e-05,-1.760073e-04,2.385626e-05,8.730379e-06,-6.398973e-06,-2.152272e-05,-3.669512e-05,-5.050914e-05,-6.172868e-05,-7.015014e-05,-7.354417e-05,-6.867474e-05,-5.264679e-05,-2.395768e-05,1.773167e-05,6.824792e-05,1.216589e-04,1.745139e-04,2.279992e-04,2.814221e-04,6.243181e-05,5.010247e-05,3.782859e-05,2.394509e-05,6.733784e-06,-1.359452e-05,-3.714990e-05,-6.441471e-05,-9.588105e-05,-1.318734e-04,-1.727292e-04,-2.140225e-04,-2.501608e-04,-2.774297e-04,-2.941673e-04,-3.028053e-04,-3.078829e-04,-3.131327e-04,4.311797e-06,9.215799e-06,1.412013e-05,1.900342e-05,2.408583e-05,2.840185e-05,3.130502e-05,3.390460e-05,3.605448e-05,3.571199e-05,3.124973e-05,2.180129e-05,7.337524e-06,-1.077048e-05,-3.025695e-05,-4.971602e-05,-6.903419e-05,-8.833104e-05,1.416523e-06,-3.534629e-06,-8.595563e-06,-1.237626e-05,-1.404958e-05,-1.468020e-05,-1.467774e-05,-1.400767e-05,-1.279069e-05,-1.010330e-05,-5.513135e-06,-5.956834e-07,2.381296e-06,1.863816e-06,-2.617641e-06,-1.007405e-05,-1.858009e-05,-2.699456e-05
3.736106e-06,4.334455e-08,-2.740123e-05,1.955097e-04,2.107202e-04,2.252763e-04,2.295953e-04,2.444176e-04,2.511778e-04,2.475423e-04,2.269341e-04,1.775334e-04,1.094731e-04,8.204142e-05,1.231235e-04,2.611128e-04,4.521858e-04,6.685064e-04,6.570460e-04,5.947102e-04,5.322930e-04,-1.130678e-04,-1.027382e-04,-9.241388e-05,-8.207554e-05,-7.180524e-05,-5.942301e-05,-4.247137e-05,-1.992973e-05,1.070722e-05,5.211202e-05,1.060086e-04,1.735528e-04,2.552084e-04,3.468744e-04,4.430165e-04,5.409240e-04,6.400712e-04,7.390761e-04,4.630272e-05,3.235107e-05,1.843932e-05,3.150761e-06,-1.498566e-05,-3.468464e-05,-5.458226e-05,-7.355210e-05,-9.051822e-05,-1.036712e-04,-1.104699e-04,-1.068215e-04,-8.836604e-05,-5.219179e-05,3.367549e-06,7.262428e-05,1.476582e-04,2.223581e-04,1.358476e-05,1.876375e-05,2.394134e-05,2.911282e-05,3.457039e-05,3.926635e-05,4.239671e-05,4.493731e-05,4.665655e-05,4.551090e-05,4.001815e-05,2.941862e-05,1.373004e-05,-5.647615e-06,-2.647635e-05,-4.744923e-05,-6.829066e-05,-8.910136e-05,3.754339e-06,6.151276e-07,-2.636162e-06,-4.609156e-06,-4.413383e-06,-3.206657e-06,-1.522915e-06,5.197744e-07,2.669464e-06,5.626796e-06,9.497936e-06,1.276768e-05,1.333712e-05,9.727879e-06,1.379121e-06,-1.043209e-05,-2.349184e-05,-3.644210e-05
5.023819e-06,2.854917e-06,-2.784809e-05,2.167218e-04,2.211221e-04,2.244124e-04,2.232060e-04,2.445562e-04,2.601728e-04,2.674880e-04,2.507253e-04,1.841285e-04,7.745288e-05,-2.473457e-05,-6.486752e-05,2.896188e-05,2.739864e-04,6.570460e-04,1.067597e-03,1.298806e-03,1.557652e-03,-2.103259e-04,-1.806103e-04,-1.509013e-04,-1.211711e-04,-9.151710e-05,-5.915246e-05,-2.056240e-05,2.584244e-05,8.255856e-05,1.517469e-04,2.340656e-04,3.305390e-04,4.422989e-04,5.664416e-04,6.989532e-04,8.382886e-04,9.796531e-04,1.120760e-03,9.111688e-06,-6.056721e-06,-2.120116e-05,-3.733217e-05,-5.515944e-05,-7.178338e-05,-8.386974e-05,-8.815029e-05,-8.143171e-05,-5.952441e-05,-1.681388e-05,5.051731e-05,1.455669e-04,2.704124e-04,4.253552e-04,6.001739e-04,7.830086e-04,9.653063e-04,2.150538e-05,2.700589e-05,3.250356e-05,3.801297e-05,4.389943e-05,4.904519e-05,5.248081e-05,5.505526e-05,5.645770e-05,5.460266e-05,4.811434e-05,3.630522e-05,1.917738e-05,-1.958041e-06,-2.499398e-05,-4.872974e-05,-7.237405e-05,-9.597387e-05,1.190011e-05,1.129542e-05,1.057476e-05,1.111311e-05,1.381119e-05,1.734600e-05,2.101591e-05,2.449786e-05,2.737584e-05,3.012349e-05,3.252313e-05,3.308293e-05,2.983421e-05,2.136762e-05,7.200472e-06,-1.094997e-05,-3.054344e-05,-5.000745e-05
6.347466e-06,5.624290e-06,-2.840863e-05,2.449123e-04,2.358227e-04,2.250196e-04,2.169962e-04,2.437988e-04,2.676124e-04,2.875773e-04,2.774488e-04,1.985073e-04,5.878788e-05,-1.174035e-04,-2.481768e-04,-2.177237e-04,4.695781e-05,5.947102e-04,1.298806e-03,2.154037e-03,2.948296e-03,-2.864551e-04,-2.398917e-04,-1.933356e-04,-1.467525e-04,-1.002459e-04,-5.056424e-05,6.684509e-06,7.329644e-05,1.512570e-04,2.417958e-04,3.440576e-04,4.585206e-04,5.867290e-04,7.274674e-04,8.787837e-04,1.040978e-03,1.206004e-03,1.370669e-03,-3.592472e-05,-5.181720e-05,-6.770191e-05,-8.410195e-05,-1.006728e-04,-1.126453e-04,-1.145281e-04,-1.007287e-04,-6.574150e-05,-2.922598e-06,9.652501e-05,2.362307e-04,4.180452e-04,6.433857e-04,9.111351e-04,1.206138e-03,1.512054e-03,1.817210e-03,3.098005e-05,3.656585e-05,4.214790e-05,4.775512e-05,5.381096e-05,5.912818e-05,6.257600e-05,6.490720e-05,6.578184e-05,6.310584e-05,5.565788e-05,4.287608e-05,2.478527e-05,2.573259e-06,-2.181009e-05,-4.733067e-05,-7.279675e-05,-9.820393e-05,1.838993e-05,2.062695e-05,2.274328e-05,2.610199e-05,3.159715e-05,3.773288e-05,4.364521e-05,4.880820e-05,5.263479e-05,5.537817e-05,5.648522e-05,5.446399e-05,4.745138e-05,3.406727e-05,1.389393e-05,-1.088542e-05,-3.736238e-05,-6.368677e-05
7.523390e-06,8.282053e-06,-2.889767e-05,2.721296e-04,2.497077e-04,2.249783e-04,2.102247e-04,2.425385e-04,2.745955e-04,3.071199e-04,3.034604e-04,2.118196e-04,3.871445e-05,-2.114931e-04,-4.321121e-04,-4.640697e-04,-1.760073e-04,5.322930e-04,1.557652e-03,2.948296e-03,4.623715e-03,-3.630340e-04,-2.994322e-04,-2.358385e-04,-1.722117e-04,-1.086624e-04,-4.147025e-05,3.464167e-05,1.216952e-04,2.211893e-04,3.334305e-04,4.560593e-04,5.890123e-04,7.342401e-04,8.921740e-04,1.062883e-03,1.248467e-03,1.437633e-03,1.626343e-03,-7.969249e-05,-9.637251e-05,-1.130611e-04,-1.297969e-04,-1.451968e-04,-1.526427e-04,-1.444998e-04,-1.128653e-04,-4.993540e-05,5.338737e-05,2.090825e-04,4.205943e-04,6.885342e-04,1.013661e-03,1.393469e-03,1.807901e-03,2.236183e-03,2.663494e-03,3.919186e-05,4.489880e-05,5.060116e-05,5.634247e-05,6.260235e-05,6.812716e-05,7.162721e-05,7.375972e-05,7.415797e-05,7.072881e-05,6.240840e-05,4.876106e-05,2.983501e-05,6.698267e-06,-1.885618e-05,-4.596306e-05,-7.303783e-05,-1.000403e-04,2.425829e-05,2.929538e-05,3.420742e-05,4.034371e-05,4.859206e-05,5.729216e-05,6.542413e-05,7.226562e-05,7.706333e-05,7.984976e-05,7.973450e-05,7.522866e-05,6.457773e-05,4.643272e-05,2.043948e-05,-1.075972e-05,-4.390305e-05,-7.687227e-05
-1.226213e-04,3.435443e-06,-2.638388e-06,1.899829e-04,1.408955e-04,8.602179e-05,8.482479e-05,-5.064093e-06,-8.298555e-05,-4.774910e-05,7.023097e-06,6.147283e-05,1.246839e-04,1.981772e-04,2.224114e-04,1.553347e-04,2.385626e-05,-1.130678e-04,-2.103259e-04,-2.864551e-04,-3.630340e-04,4.065193e-03,3.395055e-03,2.751983e-03,2.162840e-03,1.655343e-03,1.240164e-03,9.216443e-04,6.910328e-04,5.368155e-04,4.439946e-04,3.985328e-04,3.856136e-04,3.924564e-04,4.114672e-04,4.361921e-04,4.612548e-04,4.862588e-04,5.112272e-04,-2.704764e-04,-2.858504e-04,-3.010695e-04,-3.142291e-04,-3.119291e-04,-2.913666e-04,-2.577470e-04,-2.183747e-04,-1.800768e-04,-1.480837e-04,-1.284292e-04,-1.207629e-04,-1.252053e-04,-1.401121e-04,-1.624376e-04,-1.887968e-04,-2.172780e-04,-2.456610e-04,-9.581657e-04,-9.195288e-04,-8.807763e-04,-8.423040e-04,-8.074853e-04,-7.765688e-04,-7.510375e-04,-7.289884e-04,-7.091542e-04,-6.891679e-04,-6.705352e-04,-6.542753e-04,-6.401026e-04,-6.268597e-04,-6.141981e-04,-6.026691e-04,-5.921213e-04,-5.814963e-04,1.068249e-04,9.444467e-05,8.206907e-05,6.913870e-05,5.264019e-05,3.247719e-05,1.120656e-05,-8.045449e-06,-2.205872e-05,-2.896178e-05,-2.791312e-05,-2.039465e-05,-8.810591e-06,5.832994e-06,2.382140e-05,4.420253e-05,6.521468e-05,8.614195e-05
-1.229257e-04,3.528672e-06,-2.156338e-06,1.699315e-04,1.234779e-04,7.204495e-05,6.737718e-05,-1.204449e-05,-7.765322e-05,-3.906767e-05,1.141077e-05,5.222074e-05,9.915448e-05,1.548602e-04,1.727872e-04,1.171035e-04,8.730379e-06,-1.027382e-04,-1.806103e-04,-2.398917e-04,-2.994322e-04,3.395055e-03,2.910880e-03,2.419494e-03,1.956968e-03,1.548452e-03,1.207524e-03,9.413973e-04,7.452795e-04,6.112045e-04,5.273506e-04,4.826150e-04,4.650964e-04,4.641979e-04,4.735287e-04,4.877161e-04,5.023195e-04,5.169092e-04,5.314594e-04,-2.418910e-04,-2.531129e-04,-2.642045e-04,-2.734588e-04,-2.693166e-04,-2.493759e-04,-2.182069e-04,-1.823826e-04,-1.480105e-04,-1.195157e-04,-1.017690e-04,-9.443274e-05,-9.764514e-05,-1.099877e-04,-1.287786e-04,-1.511125e-04,-1.753508e-04,-1.995082e-04,-9.737111e-04,-9.334353e-04,-8.930496e-04,-8.528808e-04,-8.160973e-04,-7.830118e-04,-7.552210e-04,-7.310108e-04,-7.092209e-04,-6.875184e-04,-6.674357e-04,-6.500308e-04,-6.349833e-04,-6.210541e-04,-6.078541e-04,-5.959265e-04,-5.850290e-04,-5.740494e-04,1.065013e-04,9.383949e-05,8.118624e-05,6.798775e-05,5.148187e-05,3.159789e-05,1.078527e-05,-7.923123e-06,-2.138533e-05,-2.784830e-05,-2.662234e-05,-1.914640e-05,-7.762054e-06,6.585873e-06,2.424684e-05,4.431212e-05,6.500321e-05,8.560990e-05
-1.232294e-04,3.622799e-06,-1.673937e-06,1.498965e-04,1.060653e-04,5.806174e-05,4.991231e-05,-1.904465e-05,-7.233458e-05,-3.039159e-05,1.579695e-05,4.296794e-05,7.362476e-05,1.115430e-04,1.231625e-04,7.887060e-05,-6.398973e-06,-9.241388e-05,-1.509013e-04,-1.933356e-04,-2.358385e-04,2.751983e-03,2.419494e-03,2.088971e-03,1.750596e-03,1.441714e-03,1.174855e-03,9.611638e-04,7.995229e-04,6.855907e-04,6.107006e-04,5.666898e-04,5.445708e-04,5.359302e-04,5.355804e-04,5.392300e-04,5.433735e-04,5.475487e-04,5.516802e-04,-2.133099e-04,-2.203798e-04,-2.273439e-04,-2.326930e-04,-2.267086e-04,-2.073899e-04,-1.786714e-04,-1.463948e-04,-1.159484e-04,-9.095190e-05,-7.511331e-05,-6.810746e-05,-7.009037e-05,-7.986944e-05,-9.512657e-05,-1.134361e-04,-1.334324e-04,-1.533652e-04,-9.892515e-04,-9.473368e-04,-9.053181e-04,-8.634527e-04,-8.247043e-04,-7.894498e-04,-7.593995e-04,-7.330282e-04,-7.092828e-04,-6.858643e-04,-6.643318e-04,-6.457821e-04,-6.298600e-04,-6.152446e-04,-6.015064e-04,-5.891803e-04,-5.779333e-04,-5.665992e-04,1.061828e-04,9.323979e-05,8.030918e-05,6.684280e-05,5.032975e-05,3.072492e-05,1.037034e-05,-7.794508e-06,-2.070581e-05,-2.672895e-05,-2.532600e-05,-1.789291e-05,-6.708601e-06,7.343396e-06,2.467669e-05,4.442589e-05,6.479572e-05,8.508161e-05
-1.235362e-04,3.713972e-06,-1.192170e-06,1.297388e-04,8.859094e-05,4.407758e-05,3.250033e-05,-2.597384e-05,-6.696646e-05,-2.169864e-05,2.018467e-05,3.371272e-05,4.809085e-05,6.822035e-05,7.353280e-05,4.063651e-05,-2.152272e-05,-8.207554e-05,-1.211711e-04,-1.467525e-04,-1.722117e-04,2.162840e-03,1.956968e-03,1.750596e-03,1.546235e-03,1.334372e-03,1.142308e-03,9.808814e-04,8.537827e-04,7.599908e-04,6.940763e-04,6.507953e-04,6.240800e-04,6.077000e-04,5.976716e-04,5.907847e-04,5.844697e-04,5.782317e-04,5.719459e-04,-1.847760e-04,-1.876833e-04,-1.905094e-04,-1.919438e-04,-1.841083e-04,-1.654042e-04,-1.391309e-04,-1.103982e-04,-8.387463e-05,-6.237393e-05,-4.844087e-05,-4.176283e-05,-4.251338e-05,-4.972574e-05,-6.144549e-05,-7.572696e-05,-9.147736e-05,-1.071817e-04,-1.004815e-03,-9.612607e-04,-9.176087e-04,-8.740464e-04,-8.333331e-04,-7.959095e-04,-7.635995e-04,-7.350667e-04,-7.093652e-04,-6.842297e-04,-6.612464e-04,-6.415508e-04,-6.247531e-04,-6.094505e-04,-5.951731e-04,-5.824476e-04,-5.708500e-04,-5.591605e-04,1.058473e-04,9.262197e-05,7.941282e-05,6.567756e-05,4.915650e-05,2.983030e-05,9.933659e-06,-7.687335e-06,-2.004706e-05,-2.562939e-05,-2.404830e-05,-1.665683e-05,-5.671327e-06,8.085869e-06,2.509255e-05,4.452673e-05,6.457635e-05,8.454251e-05
-1.238318e-04,3.815795e-06,-7.066448e-07,1.094298e-04,7.090589e-05,2.982447e-05,1.476333e-05,-3.319413e-05,-6.177410e-05,-1.305677e-05,2.457347e-05,2.446066e-05,2.255817e-05,2.489757e-05,2.389550e-05,2.376472e-06,-3.669512e-05,-7.180524e-05,-9.151710e-05,-1.002459e-04,-1.086624e-04,1.655343e-03,1.548452e-03,1.441714e-03,1.334372e-03,1.229331e-03,1.109330e-03,1.000805e-03,9.079984e-04,8.343525e-04,7.773671e-04,7.347966e-04,7.034684e-04,6.793384e-04,6.596236e-04,6.421944e-04,6.254152e-04,6.087583e-04,5.920494e-04,-1.564620e-04,-1.551859e-04,-1.538531e-04,-1.513506e-04,-1.416439e-04,-1.235350e-04,-9.968691e-05,-7.447994e-05,-5.186430e-05,-3.384916e-05,-2.181644e-05,-1.546548e-05,-1.498677e-05,-1.963862e-05,-2.782957e-05,-3.809293e-05,-4.960810e-05,-6.109453e-05,-1.020299e-03,-9.751064e-04,-9.298216e-04,-8.845631e-04,-8.418849e-04,-8.022921e-04,-7.677224e-04,-7.370293e-04,-7.093739e-04,-6.825249e-04,-6.580946e-04,-6.372570e-04,-6.195869e-04,-6.036003e-04,-5.887866e-04,-5.756645e-04,-5.637193e-04,-5.516771e-04,1.055815e-04,9.207549e-05,7.858960e-05,6.458676e-05,4.805874e-05,2.901168e-05,9.572535e-06,-7.506039e-06,-1.931649e-05,-2.446112e-05,-2.270546e-05,-1.535937e-05,-4.576206e-06,8.883154e-06,2.556058e-05,4.467723e-05,6.440417e-05,8.404812e-05
-1.240049e-04,4.021978e-06,-3.710800e-07,8.848255e-05,5.403857e-05,1.782624e-05,8.210920e-07,-3.630449e-05,-5.319182e-05,-2.528919e-06,2.997341e-05,1.587568e-05,-2.626873e-06,-1.824698e-05,-2.548960e-05,-3.519541e-05,-5.050914e-05,-5.942301e-05,-5.915246e-05,-5.056424e-05,-4.147025e-05,1.240164e-03,1.207524e-03,1.174855e-03,1.142308e-03,1.109330e-03,1.073297e-03,1.016750e-03,9.603291e-04,9.076870e-04,8.604531e-04,8.191260e-04,7.835682e-04,7.519550e-04,7.227457e-04,6.949236e-04,6.678199e-04,6.408841e-04,6.138925e-04,-1.291627e-04,-1.238275e-04,-1.184576e-04,-1.121470e-04,-1.006280e-04,-8.313819e-05,-6.172251e-05,-4.001422e-05,-2.123692e-05,-6.588481e-06,3.714083e-06,9.959408e-06,1.193887e-05,1.016423e-05,5.859702e-06,-3.074494e-09,-6.887556e-06,-1.376114e-05,-1.034433e-03,-9.876962e-04,-9.408730e-04,-8.940142e-04,-8.494711e-04,-8.077988e-04,-7.710401e-04,-7.382295e-04,-7.086415e-04,-6.800986e-04,-6.542505e-04,-6.323159e-04,-6.138365e-04,-5.972438e-04,-5.819804e-04,-5.685515e-04,-5.563476e-04,-5.440416e-04,1.060677e-04,9.229124e-05,7.853790e-05,6.428212e-05,4.775847e-05,2.899758e-05,1.001687e-05,-6.528981e-06,-1.781223e-05,-2.254880e-05,-2.065058e-05,-1.338846e-05,-2.859001e-06,1.023433e-05,2.649507e-05,4.519207e-05,6.448841e-05,8.370271e-05
-1.240062e-04,4.301766e-06,-2.619689e-07,6.836264e-05,3.943615e-05,9.425204e-06,-7.349498e-06,-3.333786e-05,-3.909241e-05,1.114221e-05,3.680397e-05,7.742739e-06,-2.827111e-05,-6.211806e-05,-7.519979e-05,-7.187930e-05,-6.172868e-05,-4.247137e-05,-2.056240e-05,6.684509e-06,3.464167e-05,9.216443e-04,9.413973e-04,9.611638e-04,9.808814e-04,1.000805e-03,1.016750e-03,1.026329e-03,1.007066e-03,9.788002e-04,9.431680e-04,9.046700e-04,8.660150e-04,8.278002e-04,7.897860e-04,7.521555e-04,7.152850e-04,6.786303e-04,6.419160e-04,-1.046474e-04,-9.596020e-05,-8.725661e-05,-7.781995e-05,-6.490726e-05,-4.812707e-05,-2.896389e-05,-1.035031e-05,5.164640e-06,1.715853e-05,2.654720e-05,3.360506e-05,3.810213e-05,4.031159e-05,4.109343e-05,4.088879e-05,3.992193e-05,3.894680e-05,-1.046181e-03,-9.981188e-04,-9.499751e-04,-9.017384e-04,-8.555661e-04,-8.120401e-04,-7.732684e-04,-7.384452e-04,-7.069737e-04,-6.767653e-04,-6.495275e-04,-6.265364e-04,-6.073077e-04,-5.901856e-04,-5.745574e-04,-5.609094e-04,-5.485340e-04,-5.360513e-04,1.070529e-04,9.308250e-05,7.913693e-05,6.470900e-05,4.824731e-05,2.979356e-05,1.126044e-05,-4.788281e-06,-1.559844e-05,-1.998626e-05,-1.800055e-05,-1.088083e-05,-6.782721e-07,1.195261e-05,2.767080e-05,4.580036e-05,6.450964e-05,8.313855e-05
-1.237124e-04,4.630731e-06,-1.378174e-07,4.983565e-05,2.649735e-05,2.621166e-06,-1.277339e-05,-2.881773e-05,-2.549812e-05,2.156100e-05,3.976801e-05,-3.284011e-06,-5.665217e-05,-1.082884e-04,-1.263436e-04,-1.081975e-04,-7.015014e-05,-1.992973e-05,2.584244e-05,7.329644e-05,1.216952e-04,6.910328e-04,7.452795e-04,7.995229e-04,8.537827e-04,9.079984e-04,9.603291e-04,1.007066e-03,1.041569e-03,1.040515e-03,1.021617e-03,9.892778e-04,9.503815e-04,9.078546e-04,8.629897e-04,8.172890e-04,7.723257e-04,7.276324e-04,6.828758e-04,-8.429464e-05,-7.344769e-05,-6.259859e-05,-5.118227e-05,-3.765940e-05,-2.190517e-05,-4.900428e-06,1.106634e-05,2.405506e-05,3.440211e-05,4.409392e-05,5.338400e-05,6.202437e-05,7.003398e-05,7.790659e-05,8.548677e-05,9.262513e-05,9.973311e-05,-1.054001e-03,-1.005014e-03,-9.559517e-04,-9.067439e-04,-8.593685e-04,-8.143967e-04,-7.739451e-04,-7.373289e-04,-7.040940e-04,-6.722645e-04,-6.436155e-04,-6.194929e-04,-5.994028e-04,-5.816151e-04,-5.654714e-04,-5.514491e-04,-5.387469e-04,-5.259320e-04,1.080759e-04,9.407558e-05,8.010132e-05,6.565966e-05,4.937171e-05,3.128540e-05,1.321963e-05,-2.347355e-06,-1.272758e-05,-1.683310e-05,-1.483865e-05,-7.949298e-06,1.832038e-06,1.389998e-05,2.896240e-05,4.640161e-05,6.439533e-05,8.231075e-05
-1.232358e-04,4.899271e-06,1.346137e-07,3.251602e-05,1.428803e-05,-4.079002e-06,-1.740898e-05,-2.501615e-05,-1.526766e-05,2.600467e-05,3.610785e-05,-1.901081e-05,-8.852590e-05,-1.563063e-04,-1.776138e-04,-1.422686e-04,-7.354417e-05,1.070722e-05,8.255856e-05,1.512570e-04,2.211893e-04,5.368155e-04,6.112045e-04,6.855907e-04,7.599908e-04,8.343525e-04,9.076870e-04,9.788002e-04,1.040515e-03,1.085516e-03,1.088295e-03,1.069205e-03,1.035232e-03,9.930497e-04,9.453872e-04,8.953470e-04,8.458933e-04,7.967770e-04,7.475931e-04,-6.645005e-05,-5.557239e-05,-4.470293e-05,-3.338552e-05,-2.094570e-05,-7.387301e-06,6.829878e-06,2.009897e-05,3.111826e-05,4.094722e-05,5.247376e-05,6.590406e-05,8.095948e-05,9.736809e-05,1.152448e-04,1.337346e-04,1.522079e-04,1.706236e-04,-1.058622e-03,-1.009140e-03,-9.595857e-04,-9.098407e-04,-8.617206e-04,-8.157467e-04,-7.739956e-04,-7.358640e-04,-7.010237e-04,-6.676100e-04,-6.374667e-04,-6.120202e-04,-5.907940e-04,-5.720070e-04,-5.549773e-04,-5.401970e-04,-5.267861e-04,-5.132570e-04,1.081783e-04,9.434748e-05,8.054413e-05,6.627969e-05,5.030515e-05,3.267861e-05,1.513652e-05,7.078135e-08,-9.897518e-06,-1.377229e-05,-1.183299e-05,-5.243203e-06,4.049086e-06,1.549017e-05,2.982952e-05,4.650854e-05,6.371210e-05,8.083974e-05
-1.225604e-04,4.960860e-06,4.453410e-07,1.709023e-05,3.372731e-06,-1.022605e-05,-2.107582e-05,-2.142808e-05,-7.166314e-06,2.722552e-05,2.980928e-05,-3.461799e-05,-1.185973e-04,-2.007273e-04,-2.240489e-04,-1.700508e-04,-6.867474e-05,5.211202e-05,1.517469e-04,2.417958e-04,3.334305e-04,4.439946e-04,5.273506e-04,6.107006e-04,6.940763e-04,7.773671e-04,8.604531e-04,9.431680e-04,1.021617e-03,1.088295e-03,1.133694e-03,1.134823e-03,1.114816e-03,1.080134e-03,1.036351e-03,9.881096e-04,9.401227e-04,8.925493e-04,8.449052e-04,-4.912725e-05,-4.054177e-05,-3.197181e-05,-2.303585e-05,-1.363046e-05,-3.752384e-06,6.699810e-06,1.685989e-05,2.611554e-05,3.626242e-05,5.085741e-05,7.005896e-05,9.358718e-05,1.208752e-04,1.516464e-04,1.842198e-04,2.173469e-04,2.503832e-04,-1.059912e-03,-1.010367e-03,-9.607539e-04,-9.109110e-04,-8.625101e-04,-8.159956e-04,-7.733656e-04,-7.340558e-04,-6.978299e-04,-6.629109e-04,-6.312075e-04,-6.042389e-04,-5.815806e-04,-5.614293e-04,-5.430985e-04,-5.271214e-04,-5.125640e-04,-4.978822e-04,1.063902e-04,9.287906e-05,7.939649e-05,6.545825e-05,4.991402e-05,3.283659e-05,1.588947e-05,1.377649e-06,-8.150804e-06,-1.178942e-05,-9.893418e-06,-3.587990e-06,5.225029e-06,1.603456e-05,2.962245e-05,4.549586e-05,6.185327e-05,7.813791e-05
-1.218119e-04,4.809001e-06,7.297572e-07,3.637350e-06,-6.062321e-06,-1.549560e-05,-2.363132e-05,-1.783384e-05,-6.263765e-07,2.650786e-05,2.284546e-05,-4.753217e-05,-1.424758e-04,-2.356193e-04,-2.600541e-04,-1.872707e-04,-5.264679e-05,1.060086e-04,2.340656e-04,3.440576e-04,4.560593e-04,3.985328e-04,4.826150e-04,5.666898e-04,6.507953e-04,7.347966e-04,8.191260e-04,9.046700e-04,9.892778e-04,1.069205e-03,1.134823e-03,1.179055e-03,1.181807e-03,1.165561e-03,1.134792e-03,1.097114e-03,1.059012e-03,1.021431e-03,9.837728e-04,-3.158597e-05,-2.721897e-05,-2.287214e-05,-1.821917e-05,-1.350642e-05,-8.635499e-06,-2.934680e-06,3.491170e-06,1.073420e-05,2.133048e-05,3.936599e-05,6.507515e-05,9.826953e-05,1.381490e-04,1.840336e-04,2.332704e-04,2.838182e-04,3.342346e-04,-1.059102e-03,-1.009840e-03,-9.605134e-04,-9.109244e-04,-8.626191e-04,-8.159475e-04,-7.728033e-04,-7.326211e-04,-6.952203e-04,-6.588816e-04,-6.255567e-04,-5.968528e-04,-5.724379e-04,-5.505171e-04,-5.304182e-04,-5.127459e-04,-4.965450e-04,-4.802133e-04,1.029254e-04,8.979465e-05,7.669323e-05,6.314421e-05,4.807349e-05,3.157413e-05,1.524915e-05,1.323085e-06,-7.727630e-06,-1.107739e-05,-9.138101e-06,-3.018143e-06,5.403834e-06,1.563958e-05,2.849534e-05,4.355452e-05,5.904095e-05,7.445888e-05
