3.210124e-05,-6.533214e-07,-1.998084e-07,1.346947e-06,1.682339e-06,2.016924e-06,2.286713e-06,2.520355e-06,2.724324e-06,2.943335e-06,2.977810e-06,2.830607e-06,2.745338e-06,2.807165e-06,2.931287e-06,3.277202e-06,3.935508e-06,4.623747e-06,5.343546e-06,6.102055e-06,6.834426e-06,-2.039529e-04,-2.036156e-04,-2.032782e-04,-2.029412e-04,-2.026026e-04,-2.022420e-04,-2.018490e-04,-2.013996e-04,-2.009100e-04,-2.003769e-04,-1.998207e-04,-1.992625e-04,-1.986965e-04,-1.981142e-04,-1.975186e-04,-1.969225e-04,-1.963338e-04,-1.957434e-04,5.424105e-06,5.479996e-06,5.535859e-06,5.585283e-06,5.615992e-06,5.628717e-06,5.610688e-06,5.563207e-06,5.481813e-06,5.359027e-06,5.208290e-06,5.038675e-06,4.871199e-06,4.712417e-06,4.549746e-06,4.381286e-06,4.217012e-06,4.053575e-06,2.668380e-04,2.578632e-04,2.488864e-04,2.399073e-04,2.309785e-04,2.221146e-04,2.133660e-04,2.047188e-04,1.961698e-04,1.876785e-04,1.792945e-04,1.710513e-04,1.629358e-04,1.549019e-04,1.469258e-04,1.390122e-04,1.311361e-04,1.232569e-04,-1.273678e-05,-1.130214e-05,-9.867796e-06,-8.427658e-06,-6.965358e-06,-5.503944e-06,-4.107502e-06,-2.854084e-06,-1.822371e-06,-1.049476e-06,-5.370544e-07,-2.463975e-07,-1.122904e-07,-1.017857e-07,-2.120152e-07,-4.074437e-07,-6.241123e-07,-8.380365e-07
-6.533214e-07,3.004251e-05,9.123795e-08,3.393832e-07,1.216464e-07,-4.278253e-08,-2.388891e-07,-4.421587e-07,-5.201085e-07,-4.994120e-07,-5.467548e-07,-6.392888e-07,-8.649979e-07,-1.005299e-06,-1.060458e-06,-8.291527e-07,-3.662999e-07,3.962401e-07,1.465911e-06,2.559262e-06,3.633233e-06,7.338477e-06,7.173443e-06,7.008549e-06,6.843198e-06,6.679489e-06,6.532621e-06,6.396912e-06,6.269673e-06,6.135826e-06,5.971628e-06,5.777307e-06,5.554791e-06,5.316116e-06,5.061871e-06,4.781930e-06,4.479797e-06,4.172433e-06,3.866053e-06,-1.898734e-04,-1.894066e-04,-1.889380e-04,-1.884537e-04,-1.879733e-04,-1.874899e-04,-1.870198e-04,-1.865706e-04,-1.861487e-04,-1.857559e-04,-1.854157e-04,-1.851137e-04,-1.848441e-04,-1.846102e-04,-1.843979e-04,-1.841904e-04,-1.839808e-04,-1.837701e-04,-1.250557e-05,-1.109382e-05,-9.682238e-06,-8.266855e-06,-6.835675e-06,-5.409186e-06,-4.047554e-06,-2.825065e-06,-1.813339e-06,-1.046082e-06,-5.228010e-07,-2.053767e-07,-2.997923e-08,3.671438e-08,-3.150956e-09,-1.193145e-07,-2.548166e-07,-3.877868e-07,2.227211e-04,2.188673e-04,2.150134e-04,2.111046e-04,2.070773e-04,2.028139e-04,1.982470e-04,1.933228e-04,1.880854e-04,1.825801e-04,1.769270e-04,1.711651e-04,1.653394e-04,1.595049e-04,1.536753e-04,1.478285e-04,1.419608e-04,1.360933e-04
-1.998084e-07,9.123795e-08,6.403418e-06,-5.387574e-05,-5.409990e-05,-5.430497e-05,-5.431787e-05,-5.431255e-05,-5.403991e-05,-5.360941e-05,-5.271707e-05,-5.150083e-05,-4.977324e-05,-4.810701e-05,-4.661732e-05,-4.529143e-05,-4.414149e-05,-4.313532e-05,-4.226094e-05,-4.145782e-05,-4.064050e-05,-2.523775e-06,-1.900348e-06,-1.276859e-06,-6.534677e-07,-2.930377e-08,5.690829e-07,1.126681e-06,1.676220e-06,2.233464e-06,2.779224e-06,3.300342e-06,3.791189e-06,4.259744e-06,4.715088e-06,5.162246e-06,5.610615e-06,6.062688e-06,6.514088e-06,-6.572786e-07,-7.970451e-07,-9.380545e-07,-1.048786e-06,-1.110185e-06,-1.148611e-06,-1.173633e-06,-1.181461e-06,-1.171303e-06,-1.120896e-06,-1.010211e-06,-8.496176e-07,-6.492474e-07,-4.231494e-07,-1.783985e-07,7.925346e-08,3.400107e-07,6.000927e-07,-6.203979e-06,-5.714718e-06,-5.225815e-06,-4.732810e-06,-4.230047e-06,-3.682595e-06,-3.062001e-06,-2.385488e-06,-1.647160e-06,-7.984239e-07,1.946349e-07,1.344177e-06,2.640116e-06,4.048376e-06,5.518149e-06,7.010466e-06,8.504678e-06,9.998209e-06,-1.788828e-07,5.005662e-09,1.915194e-07,3.485417e-07,4.588953e-07,5.503140e-07,6.339378e-07,7.108859e-07,7.870824e-07,8.421122e-07,8.678111e-07,8.923459e-07,9.560417e-07,1.085030e-06,1.283958e-06,1.533605e-06,1.799982e-06,2.064854e-06
1.346947e-06,3.393832e-07,-5.387574e-05,1.201152e-03,9.284464e-04,7.018170e-04,5.461187e-04,4.562853e-04,4.132062e-04,4.001347e-04,3.978200e-04,3.964019e-04,3.901354e-04,3.826891e-04,3.750940e-04,3.681932e-04,3.632717e-04,3.612893e-04,3.621564e-04,3.645368e-04,3.667436e-04,1.301672e-04,1.142537e-04,9.833936e-05,8.242038e-05,6.644235e-05,5.088685e-05,3.622369e-05,2.257736e-05,9.959997e-06,-1.731631e-06,-1.262056e-05,-2.284142e-05,-3.259286e-05,-4.205387e-05,-5.137036e-05,-6.069259e-05,-7.005920e-05,-7.941906e-05,-1.734834e-04,-1.481568e-04,-1.227113e-04,-9.884438e-05,-7.756915e-05,-5.855831e-05,-4.167679e-05,-2.684046e-05,-1.396901e-05,-2.906409e-06,6.522361e-06,1.463128e-05,2.170643e-05,2.807665e-05,3.400367e-05,3.965046e-05,4.519141e-05,5.074278e-05,4.377508e-05,4.064230e-05,3.751271e-05,3.433175e-05,3.105033e-05,2.733994e-05,2.291164e-05,1.785245e-05,1.209069e-05,5.254576e-06,-2.906970e-06,-1.246720e-05,-2.331793e-05,-3.515335e-05,-4.752801e-05,-6.010116e-05,-7.269185e-05,-8.527684e-05,1.238550e-05,9.505516e-06,6.587741e-06,4.079977e-06,2.228847e-06,7.777306e-07,-3.833381e-07,-1.285926e-06,-1.993309e-06,-2.377799e-06,-2.409645e-06,-2.349944e-06,-2.557991e-06,-3.273121e-06,-4.553368e-06,-6.247412e-06,-8.076012e-06,-9.892501e-06
1.682339e-06,1.216464e-07,-5.409990e-05,9.284464e-04,8.014582e-04,6.634185e-04,5.586355e-04,4.892628e-04,4.491853e-04,4.301378e-04,4.195801e-04,4.111846e-04,3.999970e-04,3.893904e-04,3.799379e-04,3.718476e-04,3.657889e-04,3.621642e-04,3.608051e-04,3.606494e-04,3.603372e-04,9.551376e-05,8.272322e-05,6.993158e-05,5.713828e-05,4.429108e-05,3.189350e-05,2.036436e-05,9.615041e-06,-4.453093e-07,-9.849436e-06,-1.865955e-05,-2.695935e-05,-3.490503e-05,-4.263589e-05,-5.025430e-05,-5.788119e-05,-6.554829e-05,-7.320895e-05,-1.074127e-04,-9.040690e-05,-7.330665e-05,-5.747710e-05,-4.371990e-05,-3.160877e-05,-2.096377e-05,-1.172030e-05,-3.797440e-06,2.853627e-06,8.297027e-06,1.276020e-05,1.644592e-05,1.960067e-05,2.241116e-05,2.499962e-05,2.750977e-05,3.002873e-05,4.801979e-05,4.457128e-05,4.112599e-05,3.763306e-05,3.404571e-05,3.003070e-05,2.530640e-05,1.999014e-05,1.402451e-05,7.025822e-06,-1.266894e-06,-1.093501e-05,-2.187715e-05,-3.379326e-05,-4.624321e-05,-5.888953e-05,-7.155283e-05,-8.421039e-05,9.557603e-06,7.105289e-06,4.618626e-06,2.505781e-06,9.895848e-07,-1.991213e-07,-1.174307e-06,-1.963648e-06,-2.630357e-06,-3.032349e-06,-3.126455e-06,-3.164548e-06,-3.497598e-06,-4.356969e-06,-5.793267e-06,-7.650367e-06,-9.645078e-06,-1.162741e-05
2.016924e-06,-4.278253e-08,-5.430497e-05,7.018170e-04,6.634185e-04,6.288684e-04,5.706174e-04,5.225489e-04,4.850112e-04,4.599718e-04,4.411189e-04,4.257726e-04,4.097014e-04,3.959693e-04,3.846846e-04,3.754206e-04,3.682252e-04,3.629364e-04,3.593092e-04,3.565651e-04,3.536823e-04,6.025239e-05,5.065164e-05,4.104939e-05,3.144853e-05,2.179894e-05,1.262585e-05,4.295290e-06,-3.496283e-06,-1.094395e-05,-1.801024e-05,-2.469604e-05,-3.103302e-05,-3.713366e-05,-4.309660e-05,-4.897975e-05,-5.487409e-05,-6.080432e-05,-6.672840e-05,-3.993966e-05,-3.143219e-05,-2.285505e-05,-1.524136e-05,-9.178212e-06,-4.136871e-06,1.092649e-07,3.606367e-06,6.437266e-06,8.543946e-06,9.879299e-06,1.058261e-05,1.077163e-05,1.060862e-05,1.020346e-05,9.636389e-06,9.019394e-06,8.409567e-06,5.220401e-05,4.844627e-05,4.469178e-05,4.089328e-05,3.700621e-05,3.269269e-05,2.767851e-05,2.211147e-05,1.594853e-05,8.794208e-06,3.777317e-07,-9.390402e-06,-2.041567e-05,-3.240389e-05,-4.492052e-05,-5.763149e-05,-7.035889e-05,-8.308053e-05,7.017053e-06,5.001428e-06,2.954931e-06,1.245819e-06,7.238627e-08,-8.477505e-07,-1.632909e-06,-2.307064e-06,-2.933372e-06,-3.355310e-06,-3.515991e-06,-3.657636e-06,-4.122409e-06,-5.133254e-06,-6.733035e-06,-8.760738e-06,-1.092919e-05,-1.308499e-05
2.286713e-06,-2.388891e-07,-5.431787e-05,5.461187e-04,5.586355e-04,5.706174e-04,5.787919e-04,5.506147e-04,5.187680e-04,4.885196e-04,4.618378e-04,4.393191e-04,4.179922e-04,4.008081e-04,3.874739e-04,3.769558e-04,3.687513e-04,3.622189e-04,3.570005e-04,3.524661e-04,3.478034e-04,3.150447e-05,2.444808e-05,1.738983e-05,1.033572e-05,3.238084e-06,-3.356150e-06,-9.116392e-06,-1.453954e-05,-1.991035e-05,-2.511926e-05,-3.011203e-05,-3.488037e-05,-3.950611e-05,-4.405696e-05,-4.855625e-05,-5.307130e-05,-5.761972e-05,-6.216216e-05,5.860282e-06,8.241519e-06,1.066926e-05,1.241034e-05,1.305392e-05,1.319738e-05,1.309607e-05,1.276980e-05,1.229285e-05,1.150122e-05,1.024566e-05,8.598817e-06,6.616070e-06,4.398603e-06,2.003053e-06,-5.173041e-07,-3.069634e-06,-5.615824e-06,5.546668e-05,5.146535e-05,4.746728e-05,4.342838e-05,3.930622e-05,3.475936e-05,2.951945e-05,2.376122e-05,1.745417e-05,1.019222e-05,1.696673e-06,-8.128155e-06,-1.919309e-05,-3.120929e-05,-4.374776e-05,-5.647805e-05,-6.922420e-05,-8.196459e-05,4.493531e-06,2.841990e-06,1.162927e-06,-2.126539e-07,-1.106762e-06,-1.809814e-06,-2.442133e-06,-3.023382e-06,-3.615498e-06,-4.048256e-06,-4.252449e-06,-4.462527e-06,-5.013504e-06,-6.121860e-06,-7.825201e-06,-9.959767e-06,-1.223667e-05,-1.450077e-05
2.520355e-06,-4.421587e-07,-5.431255e-05,4.562853e-04,4.892628e-04,5.225489e-04,5.506147e-04,5.706421e-04,5.479829e-04,5.180408e-04,4.849684e-04,4.554276e-04,4.281595e-04,4.067481e-04,3.906922e-04,3.784922e-04,3.692159e-04,3.618266e-04,3.557682e-04,3.503475e-04,3.447980e-04,2.487774e-06,-1.954456e-06,-6.398618e-06,-1.083726e-05,-1.531188e-05,-1.929926e-05,-2.252155e-05,-2.564586e-05,-2.902156e-05,-3.244224e-05,-3.578740e-05,-3.901014e-05,-4.216898e-05,-4.530806e-05,-4.842554e-05,-5.156937e-05,-5.474674e-05,-5.791797e-05,2.240162e-05,2.180759e-05,2.124117e-05,2.021721e-05,1.847320e-05,1.661784e-05,1.490192e-05,1.331216e-05,1.190165e-05,1.039379e-05,8.542662e-06,6.387395e-06,3.958172e-06,1.330396e-06,-1.460286e-06,-4.367990e-06,-7.302574e-06,-1.023120e-05,5.841173e-05,5.416988e-05,4.993128e-05,4.565463e-05,4.129841e-05,3.652430e-05,3.107212e-05,2.514003e-05,1.870656e-05,1.135184e-05,2.788006e-06,-7.086512e-06,-1.818680e-05,-3.022829e-05,-4.278612e-05,-5.553289e-05,-6.829489e-05,-8.105119e-05,2.484992e-06,1.071056e-06,-3.676579e-07,-1.530979e-06,-2.258538e-06,-2.841076e-06,-3.396997e-06,-3.941461e-06,-4.533938e-06,-4.989735e-06,-5.227982e-06,-5.479438e-06,-6.076480e-06,-7.233273e-06,-8.985819e-06,-1.116981e-05,-1.349642e-05,-1.581019e-05
2.724324e-06,-5.201085e-07,-5.403991e-05,4.132062e-04,4.491853e-04,4.850112e-04,5.187680e-04,5.479829e-04,5.668040e-04,5.428030e-04,5.097266e-04,4.746771e-04,4.414750e-04,4.147156e-04,3.943624e-04,3.787491e-04,3.668056e-04,3.572701e-04,3.494234e-04,3.423471e-04,3.351313e-04,-9.400389e-06,-1.293018e-05,-1.646163e-05,-1.998792e-05,-2.354037e-05,-2.666783e-05,-2.914709e-05,-3.176148e-05,-3.489435e-05,-3.821686e-05,-4.152814e-05,-4.474470e-05,-4.791712e-05,-5.108436e-05,-5.424227e-05,-5.743614e-05,-6.066626e-05,-6.388990e-05,2.415612e-05,2.275062e-05,2.136034e-05,1.966428e-05,1.749894e-05,1.541445e-05,1.362793e-05,1.209949e-05,1.086047e-05,9.520335e-06,7.748386e-06,5.587717e-06,3.087269e-06,3.363443e-07,-2.618486e-06,-5.716298e-06,-8.851568e-06,-1.198014e-05,6.064578e-05,5.622430e-05,5.180597e-05,4.735177e-05,4.282005e-05,3.788419e-05,3.229332e-05,2.626067e-05,1.976968e-05,1.238483e-05,3.808638e-06,-6.065435e-06,-1.715463e-05,-2.917734e-05,-4.171161e-05,-5.443218e-05,-6.716739e-05,-7.989703e-05,1.923664e-06,5.878449e-07,-7.708408e-07,-1.874070e-06,-2.574615e-06,-3.153494e-06,-3.723883e-06,-4.298290e-06,-4.933800e-06,-5.432027e-06,-5.701825e-06,-5.973726e-06,-6.581017e-06,-7.738958e-06,-9.485170e-06,-1.165800e-05,-1.397161e-05,-1.627255e-05
2.943335e-06,-4.994120e-07,-5.360941e-05,4.001347e-04,4.301378e-04,4.599718e-04,4.885196e-04,5.180408e-04,5.428030e-04,5.594671e-04,5.329856e-04,4.989542e-04,4.611700e-04,4.285362e-04,4.018859e-04,3.801199e-04,3.624964e-04,3.478842e-04,3.356036e-04,3.244204e-04,3.130774e-04,8.286028e-06,2.542656e-06,-3.201947e-06,-8.942714e-06,-1.469999e-05,-2.012314e-05,-2.505879e-05,-3.031244e-05,-3.624230e-05,-4.237152e-05,-4.840334e-05,-5.422409e-05,-5.990456e-05,-6.551241e-05,-7.108171e-05,-7.668752e-05,-8.233452e-05,-8.797460e-05,1.845960e-05,1.771851e-05,1.698591e-05,1.603098e-05,1.474277e-05,1.356334e-05,1.264256e-05,1.190108e-05,1.133192e-05,1.042130e-05,8.760882e-06,6.438127e-06,3.571561e-06,3.086897e-07,-3.259716e-06,-7.032965e-06,-1.087183e-05,-1.470231e-05,6.262853e-05,5.808790e-05,5.355032e-05,4.897836e-05,4.432974e-05,3.929445e-05,3.363354e-05,2.756230e-05,2.106141e-05,1.367711e-05,5.101206e-06,-4.776516e-06,-1.587166e-05,-2.790187e-05,-4.044395e-05,-5.317132e-05,-6.591285e-05,-7.864895e-05,2.735074e-06,1.317660e-06,-1.214514e-07,-1.317618e-06,-2.132409e-06,-2.830799e-06,-3.517359e-06,-4.200774e-06,-4.933759e-06,-5.503703e-06,-5.809958e-06,-6.087161e-06,-6.674559e-06,-7.792964e-06,-9.485099e-06,-1.159497e-05,-1.384187e-05,-1.607642e-05
2.977810e-06,-5.467548e-07,-5.271707e-05,3.978200e-04,4.195801e-04,4.411189e-04,4.618378e-04,4.849684e-04,5.097266e-04,5.329856e-04,5.480979e-04,5.220613e-04,4.867159e-04,4.497984e-04,4.160938e-04,3.854941e-04,3.585110e-04,3.346803e-04,3.137810e-04,2.943366e-04,2.747150e-04,2.954264e-05,2.038901e-05,1.123454e-05,2.082511e-06,-7.079040e-06,-1.598560e-05,-2.454141e-05,-3.347121e-05,-4.306515e-05,-5.270505e-05,-6.199538e-05,-7.080391e-05,-7.924894e-05,-8.746263e-05,-9.556223e-05,-1.036874e-04,-1.118579e-04,-1.200213e-04,1.538000e-05,1.544162e-05,1.550900e-05,1.538516e-05,1.496418e-05,1.456334e-05,1.425299e-05,1.390674e-05,1.347141e-05,1.231207e-05,9.944288e-06,6.530782e-06,2.302621e-06,-2.500872e-06,-7.726145e-06,-1.322313e-05,-1.881825e-05,-2.440315e-05,6.231481e-05,5.782285e-05,5.333382e-05,4.881156e-05,4.421345e-05,3.924631e-05,3.368335e-05,2.772772e-05,2.135311e-05,1.409268e-05,5.629563e-06,-4.148180e-06,-1.515180e-05,-2.709605e-05,-3.955418e-05,-5.219680e-05,-6.485325e-05,-7.750445e-05,3.242554e-06,1.678494e-06,9.350278e-08,-1.256429e-06,-2.236854e-06,-3.093046e-06,-3.918906e-06,-4.717486e-06,-5.535316e-06,-6.147037e-06,-6.443147e-06,-6.664812e-06,-7.160364e-06,-8.158940e-06,-9.710235e-06,-1.166645e-05,-1.375424e-05,-1.583015e-05
2.830607e-06,-6.392888e-07,-5.150083e-05,3.964019e-04,4.111846e-04,4.257726e-04,4.393191e-04,4.554276e-04,4.746771e-04,4.989542e-04,5.220613e-04,5.398488e-04,5.142884e-04,4.800478e-04,4.403669e-04,3.994750e-04,3.597692e-04,3.223972e-04,2.881560e-04,2.555953e-04,2.228534e-04,3.920847e-05,2.679731e-05,1.438558e-05,1.975114e-06,-1.044080e-05,-2.265485e-05,-3.459929e-05,-4.684260e-05,-5.954933e-05,-7.198609e-05,-8.366839e-05,-9.445036e-05,-1.045131e-04,-1.140874e-04,-1.234216e-04,-1.327551e-04,-1.421347e-04,-1.515076e-04,2.098077e-05,2.123412e-05,2.149312e-05,2.155178e-05,2.125682e-05,2.078326e-05,2.010808e-05,1.904482e-05,1.747609e-05,1.469025e-05,1.015808e-05,4.150059e-06,-2.946762e-06,-1.077161e-05,-1.910175e-05,-2.774406e-05,-3.650785e-05,-4.526029e-05,5.973689e-05,5.546767e-05,5.120124e-05,4.690242e-05,4.252870e-05,3.780110e-05,3.250191e-05,2.681213e-05,2.069160e-05,1.366752e-05,5.417820e-06,-4.170193e-06,-1.500190e-05,-2.678653e-05,-3.909004e-05,-5.157800e-05,-6.407978e-05,-7.657644e-05,3.427992e-06,1.679068e-06,-9.028801e-08,-1.628814e-06,-2.800006e-06,-3.826481e-06,-4.789433e-06,-5.683847e-06,-6.546877e-06,-7.146531e-06,-7.368548e-06,-7.463636e-06,-7.793124e-06,-8.597332e-06,-9.933406e-06,-1.166210e-05,-1.351700e-05,-1.536048e-05
2.745338e-06,-8.649979e-07,-4.977324e-05,3.901354e-04,3.999970e-04,4.097014e-04,4.179922e-04,4.281595e-04,4.414750e-04,4.611700e-04,4.867159e-04,5.142884e-04,5.334008e-04,5.087929e-04,4.703305e-04,4.211585e-04,3.685816e-04,3.156857e-04,2.651475e-04,2.161144e-04,1.669316e-04,4.025041e-05,2.541393e-05,1.057707e-05,-4.259375e-06,-1.909928e-05,-3.376770e-05,-4.819988e-05,-6.279451e-05,-7.757043e-05,-9.171824e-05,-1.046553e-04,-1.161889e-04,-1.265457e-04,-1.360744e-04,-1.451872e-04,-1.542477e-04,-1.633467e-04,-1.724404e-04,3.107466e-05,3.028218e-05,2.949626e-05,2.848860e-05,2.705055e-05,2.524216e-05,2.297120e-05,2.001336e-05,1.620348e-05,1.082643e-05,3.331099e-06,-5.914151e-06,-1.636292e-05,-2.754699e-05,-3.920587e-05,-5.114113e-05,-6.319074e-05,-7.522998e-05,5.704731e-05,5.305919e-05,4.907370e-05,4.505684e-05,4.096737e-05,3.653995e-05,3.156540e-05,2.620048e-05,2.038967e-05,1.366463e-05,5.700070e-06,-3.621058e-06,-1.420141e-05,-2.574582e-05,-3.781320e-05,-5.006471e-05,-6.233011e-05,-7.459043e-05,2.114497e-06,2.876647e-07,-1.559071e-06,-3.179302e-06,-4.433682e-06,-5.523109e-06,-6.517892e-06,-7.407203e-06,-8.220365e-06,-8.729569e-06,-8.819148e-06,-8.745940e-06,-8.881511e-06,-9.474317e-06,-1.058518e-05,-1.208068e-05,-1.369877e-05,-1.530571e-05
2.807165e-06,-1.005299e-06,-4.810701e-05,3.826891e-04,3.893904e-04,3.959693e-04,4.008081e-04,4.067481e-04,4.147156e-04,4.285362e-04,4.497984e-04,4.800478e-04,5.087929e-04,5.291090e-04,5.002533e-04,4.523684e-04,3.916511e-04,3.259033e-04,2.599743e-04,1.947102e-04,1.293743e-04,2.996949e-05,1.486109e-05,-2.476224e-07,-1.535632e-05,-3.046807e-05,-4.541391e-05,-6.010194e-05,-7.476205e-05,-8.927057e-05,-1.027864e-04,-1.146538e-04,-1.246143e-04,-1.328923e-04,-1.399546e-04,-1.463867e-04,-1.526828e-04,-1.589964e-04,-1.653079e-04,4.050852e-05,3.715541e-05,3.380997e-05,3.022369e-05,2.615035e-05,2.159363e-05,1.644930e-05,1.051067e-05,3.617423e-06,-4.857782e-06,-1.541451e-05,-2.761564e-05,-4.080305e-05,-5.445806e-05,-6.835011e-05,-8.234917e-05,-9.639961e-05,-1.104444e-04,5.544173e-05,5.172143e-05,4.800360e-05,4.425548e-05,4.043807e-05,3.629624e-05,3.162536e-05,2.655802e-05,2.102345e-05,1.456356e-05,6.853335e-06,-2.230144e-06,-1.259216e-05,-2.393327e-05,-3.580417e-05,-4.786109e-05,-5.993243e-05,-7.199849e-05,5.452744e-07,-1.190743e-06,-2.946209e-06,-4.479224e-06,-5.648703e-06,-6.641051e-06,-7.522511e-06,-8.283285e-06,-8.951285e-06,-9.313896e-06,-9.263048e-06,-9.057529e-06,-9.072699e-06,-9.558539e-06,-1.057180e-05,-1.197653e-05,-1.350615e-05,-1.502437e-05
2.931287e-06,-1.060458e-06,-4.661732e-05,3.750940e-04,3.799379e-04,3.846846e-04,3.874739e-04,3.906922e-04,3.943624e-04,4.018859e-04,4.160938e-04,4.403669e-04,4.703305e-04,5.002533e-04,5.175102e-04,4.824237e-04,4.274917e-04,3.590531e-04,2.865676e-04,2.130170e-04,1.395559e-04,1.666569e-06,-9.754679e-06,-2.117626e-05,-3.259782e-05,-4.402326e-05,-5.526628e-05,-6.618362e-05,-7.684706e-05,-8.701147e-05,-9.585271e-05,-1.027002e-04,-1.072511e-04,-1.096644e-04,-1.104976e-04,-1.104887e-04,-1.102375e-04,-1.099689e-04,-1.097028e-04,4.704303e-05,4.083880e-05,3.464314e-05,2.819424e-05,2.122730e-05,1.374270e-05,5.673896e-06,-3.122344e-06,-1.275598e-05,-2.369899e-05,-3.632014e-05,-5.011451e-05,-6.434940e-05,-7.849636e-05,-9.240907e-05,-1.061094e-04,-1.197340e-04,-1.333617e-04,5.445722e-05,5.097620e-05,4.749752e-05,4.398961e-05,4.041622e-05,3.652856e-05,3.212248e-05,2.730786e-05,2.200080e-05,1.575863e-05,8.264015e-06,-6.078054e-07,-1.077205e-05,-2.192747e-05,-3.361776e-05,-4.549689e-05,-5.739146e-05,-6.928028e-05,-1.198297e-06,-2.696544e-06,-4.213853e-06,-5.512572e-06,-6.450946e-06,-7.207755e-06,-7.850962e-06,-8.377093e-06,-8.817971e-06,-8.983809e-06,-8.783681e-06,-8.477790e-06,-8.441260e-06,-8.921366e-06,-9.964569e-06,-1.142272e-05,-1.301496e-05,-1.459496e-05
3.277202e-06,-8.291527e-07,-4.529143e-05,3.681932e-04,3.718476e-04,3.754206e-04,3.769558e-04,3.784922e-04,3.787491e-04,3.801199e-04,3.854941e-04,3.994750e-04,4.211585e-04,4.523684e-04,4.824237e-04,5.006719e-04,4.683860e-04,4.178604e-04,3.563978e-04,2.918128e-04,2.274302e-04,-5.230512e-05,-5.485706e-05,-5.740943e-05,-5.996139e-05,-6.251908e-05,-6.485721e-05,-6.676070e-05,-6.814924e-05,-6.867746e-05,-6.757530e-05,-6.419716e-05,-5.821463e-05,-4.972936e-05,-3.936323e-05,-2.796992e-05,-1.621312e-05,-4.391763e-06,7.421146e-06,4.626044e-05,3.866481e-05,3.107822e-05,2.323602e-05,1.487367e-05,6.035546e-06,-3.263559e-06,-1.306440e-05,-2.338693e-05,-3.450024e-05,-4.658940e-05,-5.909848e-05,-7.125460e-05,-8.253853e-05,-9.290163e-05,-1.025942e-04,-1.120242e-04,-1.214698e-04,5.541373e-05,5.211286e-05,4.881421e-05,4.548745e-05,4.209981e-05,3.840497e-05,3.419542e-05,2.955835e-05,2.439816e-05,1.829015e-05,1.092899e-05,2.191541e-06,-7.844779e-06,-1.887813e-05,-3.044753e-05,-4.220888e-05,-5.398699e-05,-6.575866e-05,-1.530222e-06,-2.680844e-06,-3.850163e-06,-4.805395e-06,-5.405747e-06,-5.829670e-06,-6.152955e-06,-6.383866e-06,-6.563139e-06,-6.529364e-06,-6.214624e-06,-5.877958e-06,-5.889455e-06,-6.490511e-06,-7.715336e-06,-9.394386e-06,-1.122339e-05,-1.303875e-05
3.935508e-06,-3.662999e-07,-4.414149e-05,3.632717e-04,3.657889e-04,3.682252e-04,3.687513e-04,3.692159e-04,3.668056e-04,3.624964e-04,3.585110e-04,3.597692e-04,3.685816e-04,3.916511e-04,4.274917e-04,4.683860e-04,5.031847e-04,4.926708e-04,4.686184e-04,4.373832e-04,4.068745e-04,-1.273400e-04,-1.168831e-04,-1.064268e-04,-9.596935e-05,-8.552013e-05,-7.479830e-05,-6.350314e-05,-5.140983e-05,-3.809286e-05,-2.285612e-05,-5.095593e-06,1.554723e-05,3.903092e-05,6.467729e-05,9.153822e-05,1.189111e-04,1.464057e-04,1.738846e-04,3.470313e-05,2.839853e-05,2.210277e-05,1.556406e-05,8.545258e-06,1.185372e-06,-6.373927e-06,-1.403000e-05,-2.167044e-05,-2.932573e-05,-3.696176e-05,-4.400972e-05,-4.971047e-05,-5.359374e-05,-5.571065e-05,-5.659835e-05,-5.699473e-05,-5.742201e-05,5.923098e-05,5.598812e-05,5.274736e-05,4.947969e-05,4.615655e-05,4.253092e-05,3.838921e-05,3.379635e-05,2.864666e-05,2.253354e-05,1.516503e-05,6.420161e-06,-3.629578e-06,-1.468093e-05,-2.626924e-05,-3.805457e-05,-4.985807e-05,-6.165426e-05,-6.849332e-07,-1.399123e-06,-2.131634e-06,-2.655708e-06,-2.834283e-06,-2.853281e-06,-2.803001e-06,-2.709417e-06,-2.628020e-06,-2.430186e-06,-2.074941e-06,-1.814867e-06,-2.007320e-06,-2.882116e-06,-4.460879e-06,-6.545341e-06,-8.800432e-06,-1.104005e-05
4.623747e-06,3.962401e-07,-4.313532e-05,3.612893e-04,3.621642e-04,3.629364e-04,3.622189e-04,3.618266e-04,3.572701e-04,3.478842e-04,3.346803e-04,3.223972e-04,3.156857e-04,3.259033e-04,3.590531e-04,4.178604e-04,4.926708e-04,5.710206e-04,6.110421e-04,6.450132e-04,6.788835e-04,-2.081437e-04,-1.830584e-04,-1.579739e-04,-1.328873e-04,-1.078116e-04,-8.240122e-05,-5.626365e-05,-2.904178e-05,-2.502065e-07,3.072223e-05,6.443559e-05,1.012984e-04,1.413610e-04,1.839115e-04,2.279263e-04,2.726653e-04,3.175920e-04,3.624947e-04,8.791500e-06,6.748305e-06,4.712969e-06,2.467713e-06,-1.566662e-07,-2.866901e-06,-5.340522e-06,-7.281077e-06,-8.391900e-06,-8.425529e-06,-7.095455e-06,-3.855418e-06,1.992226e-06,1.081770e-05,2.238690e-05,3.581629e-05,4.999280e-05,6.412068e-05,6.350792e-05,6.029982e-05,5.709374e-05,5.386220e-05,5.058124e-05,4.700125e-05,4.290061e-05,3.832315e-05,3.315462e-05,2.700596e-05,1.959738e-05,1.080757e-05,6.987976e-07,-1.042605e-05,-2.209943e-05,-3.398396e-05,-4.588908e-05,-5.778580e-05,1.941259e-06,1.744985e-06,1.530817e-06,1.517378e-06,1.833082e-06,2.275806e-06,2.733501e-06,3.155781e-06,3.465996e-06,3.755284e-06,4.033910e-06,4.059889e-06,3.494278e-06,2.125412e-06,-4.478792e-08,-2.781294e-06,-5.712355e-06,-8.625777e-06
5.343546e-06,1.465911e-06,-4.226094e-05,3.621564e-04,3.608051e-04,3.593092e-04,3.570005e-04,3.557682e-04,3.494234e-04,3.356036e-04,3.137810e-04,2.881560e-04,2.651475e-04,2.599743e-04,2.865676e-04,3.563978e-04,4.686184e-04,6.110421e-04,7.665806e-04,8.962039e-04,1.030104e-03,-2.832224e-04,-2.440455e-04,-2.048696e-04,-1.656904e-04,-1.265247e-04,-8.696125e-05,-4.651823e-05,-4.726265e-06,3.893643e-05,8.498498e-05,1.339309e-04,1.862440e-04,2.420942e-04,3.007708e-04,3.612089e-04,4.226490e-04,4.843512e-04,5.460197e-04,-2.946553e-05,-2.509696e-05,-2.072216e-05,-1.650695e-05,-1.251609e-05,-8.255416e-06,-3.181528e-06,3.233328e-06,1.150889e-05,2.219674e-05,3.585635e-05,5.299104e-05,7.420659e-05,9.974337e-05,1.291242e-04,1.610612e-04,1.940245e-04,2.269191e-04,6.836882e-05,6.514418e-05,6.192150e-05,5.867496e-05,5.538531e-05,5.179949e-05,4.768705e-05,4.307259e-05,3.783528e-05,3.160316e-05,2.410798e-05,1.522662e-05,5.009160e-06,-6.245061e-06,-1.806817e-05,-3.012581e-05,-4.220743e-05,-5.427937e-05,6.634894e-06,6.986361e-06,7.320406e-06,7.845586e-06,8.676911e-06,9.588846e-06,1.044194e-05,1.115612e-05,1.162882e-05,1.191084e-05,1.197987e-05,1.160685e-05,1.047467e-05,8.393945e-06,5.398458e-06,1.767920e-06,-2.083943e-06,-5.915701e-06
6.102055e-06,2.559262e-06,-4.145782e-05,3.645368e-04,3.606494e-04,3.565651e-04,3.524661e-04,3.503475e-04,3.423471e-04,3.244204e-04,2.943366e-04,2.555953e-04,2.161144e-04,1.947102e-04,2.130170e-04,2.918128e-04,4.373832e-04,6.450132e-04,8.962039e-04,1.178556e-03,1.450273e-03,-3.513982e-04,-2.990456e-04,-2.466942e-04,-1.943383e-04,-1.419983e-04,-8.919988e-05,-3.537766e-05,2.003317e-05,7.757139e-05,1.376413e-04,2.006930e-04,2.672517e-04,3.376107e-04,4.110783e-04,4.865670e-04,5.633183e-04,6.404086e-04,7.174555e-04,-7.263307e-05,-6.102832e-05,-4.941921e-05,-3.791157e-05,-2.644774e-05,-1.431270e-05,-7.266105e-07,1.508346e-05,3.387487e-05,5.651306e-05,8.383845e-05,1.163060e-04,1.544190e-04,1.982810e-04,2.471584e-04,2.993364e-04,3.528437e-04,4.062612e-04,7.366713e-05,7.040170e-05,6.713817e-05,6.385248e-05,6.053021e-05,5.691506e-05,5.276848e-05,4.809824e-05,4.277945e-05,3.645860e-05,2.888022e-05,1.992008e-05,9.615483e-06,-1.739641e-06,-1.367878e-05,-2.587290e-05,-3.809418e-05,-5.030446e-05,1.119516e-05,1.216338e-05,1.311464e-05,1.424696e-05,1.566016e-05,1.710304e-05,1.840730e-05,1.946190e-05,2.013681e-05,2.044170e-05,2.032088e-05,1.955853e-05,1.786012e-05,1.505901e-05,1.122212e-05,6.676281e-06,1.879868e-06,-2.893802e-06
6.834426e-06,3.633233e-06,-4.064050e-05,3.667436e-04,3.603372e-04,3.536823e-04,3.478034e-04,3.447980e-04,3.351313e-04,3.130774e-04,2.747150e-04,2.228534e-04,1.669316e-04,1.293743e-04,1.395559e-04,2.274302e-04,4.068745e-04,6.788835e-04,1.030104e-03,1.450273e-03,1.916924e-03,-4.196904e-04,-3.541315e-04,-2.885741e-04,-2.230109e-04,-1.574660e-04,-9.140214e-05,-2.417008e-05,4.489123e-05,1.163386e-04,1.904661e-04,2.676628e-04,3.485090e-04,4.334212e-04,5.217250e-04,6.123095e-04,7.044159e-04,7.969371e-04,8.894054e-04,-1.153662e-04,-9.658809e-05,-7.780751e-05,-5.907077e-05,-4.019885e-05,-2.025729e-05,1.769026e-06,2.689721e-05,5.612115e-05,9.061948e-05,1.315130e-04,1.792090e-04,2.341094e-04,2.961814e-04,3.644366e-04,4.367348e-04,5.106653e-04,5.844852e-04,7.870817e-05,7.541531e-05,7.212427e-05,6.881279e-05,6.547125e-05,6.184028e-05,5.767328e-05,5.296120e-05,4.757506e-05,4.117997e-05,3.353328e-05,2.450965e-05,1.413364e-05,2.693849e-06,-9.344559e-06,-2.165795e-05,-3.400140e-05,-4.633255e-05,1.560277e-05,1.719067e-05,1.876210e-05,2.050452e-05,2.250277e-05,2.448033e-05,2.624033e-05,2.764104e-05,2.852520e-05,2.886148e-05,2.856080e-05,2.742058e-05,2.516872e-05,2.166121e-05,1.699791e-05,1.155244e-05,5.827391e-06,1.276849e-07
-2.039529e-04,7.338477e-06,-2.523775e-06,1.301672e-04,9.551376e-05,6.025239e-05,3.150447e-05,2.487774e-06,-9.400389e-06,8.286028e-06,2.954264e-05,3.920847e-05,4.025041e-05,2.996949e-05,1.666569e-06,-5.230512e-05,-1.273400e-04,-2.081437e-04,-2.832224e-04,-3.513982e-04,-4.196904e-04,3.141117e-03,2.887419e-03,2.638205e-03,2.397943e-03,2.171167e-03,1.960887e-03,1.769259e-03,1.595965e-03,1.439663e-03,1.297799e-03,1.167716e-03,1.046579e-03,9.314857e-04,8.203932e-04,7.115736e-04,6.034725e-04,4.953583e-04,3.872321e-04,-3.201660e-04,-2.971061e-04,-2.740459e-04,-2.506348e-04,-2.256647e-04,-1.989878e-04,-1.714737e-04,-1.444655e-04,-1.192064e-04,-9.639198e-05,-7.648920e-05,-5.954239e-05,-4.574322e-05,-3.486016e-05,-2.603423e-05,-1.845915e-05,-1.157098e-05,-4.656536e-06,-1.526731e-03,-1.484110e-03,-1.441468e-03,-1.398902e-03,-1.357038e-03,-1.316190e-03,-1.276893e-03,-1.239060e-03,-1.202600e-03,-1.167123e-03,-1.132809e-03,-1.099715e-03,-1.067614e-03,-1.036144e-03,-1.005098e-03,-9.744231e-04,-9.439448e-04,-9.134509e-04,1.216444e-04,1.099259e-04,9.820906e-05,8.642163e-05,7.429007e-05,6.193080e-05,4.988932e-05,3.882377e-05,2.938225e-05,2.189263e-05,1.641177e-05,1.266609e-05,1.021476e-05,8.804228e-06,8.314099e-06,8.440699e-06,8.753801e-06,9.045807e-06
-2.036156e-04,7.173443e-06,-1.900348e-06,1.142537e-04,8.272322e-05,5.065164e-05,2.444808e-05,-1.954456e-06,-1.293018e-05,2.542656e-06,2.038901e-05,2.679731e-05,2.541393e-05,1.486109e-05,-9.754679e-06,-5.485706e-05,-1.168831e-04,-1.830584e-04,-2.440455e-04,-2.990456e-04,-3.541315e-04,2.887419e-03,2.682457e-03,2.476296e-03,2.274931e-03,2.082478e-03,1.902203e-03,1.736460e-03,1.585376e-03,1.448114e-03,1.322664e-03,1.206926e-03,1.098627e-03,9.953676e-04,8.954383e-04,7.973988e-04,6.999637e-04,6.025214e-04,5.050679e-04,-2.919484e-04,-2.706154e-04,-2.492823e-04,-2.276298e-04,-2.045722e-04,-1.799802e-04,-1.546377e-04,-1.297693e-04,-1.065066e-04,-8.544764e-05,-6.697843e-05,-5.111897e-05,-3.801537e-05,-2.745281e-05,-1.867656e-05,-1.098790e-05,-3.899500e-06,3.211162e-06,-1.541069e-03,-1.496493e-03,-1.451895e-03,-1.407366e-03,-1.363502e-03,-1.320598e-03,-1.279174e-03,-1.239152e-03,-1.200449e-03,-1.162684e-03,-1.126048e-03,-1.090617e-03,-1.056176e-03,-1.022365e-03,-9.889782e-04,-9.559717e-04,-9.231699e-04,-8.903517e-04,1.183822e-04,1.069434e-04,9.550636e-05,8.400108e-05,7.217174e-05,6.013841e-05,4.843379e-05,3.770102e-05,2.857495e-05,2.137003e-05,1.613310e-05,1.259221e-05,1.030778e-05,9.030975e-06,8.655789e-06,8.888993e-06,9.302004e-06,9.694372e-06
-2.032782e-04,7.008549e-06,-1.276859e-06,9.833936e-05,6.993158e-05,4.104939e-05,1.738983e-05,-6.398618e-06,-1.646163e-05,-3.201947e-06,1.123454e-05,1.438558e-05,1.057707e-05,-2.476224e-07,-2.117626e-05,-5.740943e-05,-1.064268e-04,-1.579739e-04,-2.048696e-04,-2.466942e-04,-2.885741e-04,2.638205e-03,2.476296e-03,2.314711e-03,2.151834e-03,1.993814e-03,1.843513e-03,1.703662e-03,1.574787e-03,1.456565e-03,1.347528e-03,1.246135e-03,1.150673e-03,1.059248e-03,9.704819e-04,8.832224e-04,7.964530e-04,7.096825e-04,6.229013e-04,-2.637298e-04,-2.441239e-04,-2.245180e-04,-2.046243e-04,-1.834793e-04,-1.609723e-04,-1.378017e-04,-1.150733e-04,-9.380708e-05,-7.450378e-05,-5.746828e-05,-4.269630e-05,-3.028842e-05,-2.004649e-05,-1.132006e-05,-3.517949e-06,3.770533e-06,1.107728e-05,-1.555407e-03,-1.508875e-03,-1.462322e-03,-1.415829e-03,-1.369964e-03,-1.325005e-03,-1.281456e-03,-1.239244e-03,-1.198297e-03,-1.158243e-03,-1.119287e-03,-1.081518e-03,-1.044737e-03,-1.008584e-03,-9.728574e-04,-9.375197e-04,-9.023944e-04,-8.672519e-04,1.151209e-04,1.039619e-04,9.280461e-05,8.158147e-05,7.005435e-05,5.834695e-05,4.697918e-05,3.657918e-05,2.776854e-05,2.084830e-05,1.585526e-05,1.251915e-05,1.040158e-05,9.258482e-06,8.998211e-06,9.337993e-06,9.850887e-06,1.034359e-05
-2.029412e-04,6.843198e-06,-6.534677e-07,8.242038e-05,5.713828e-05,3.144853e-05,1.033572e-05,-1.083726e-05,-1.998792e-05,-8.942714e-06,2.082511e-06,1.975114e-06,-4.259375e-06,-1.535632e-05,-3.259782e-05,-5.996139e-05,-9.596935e-05,-1.328873e-04,-1.656904e-04,-1.943383e-04,-2.230109e-04,2.397943e-03,2.274931e-03,2.151834e-03,2.029077e-03,1.905054e-03,1.784846e-03,1.670858e-03,1.564200e-03,1.465017e-03,1.372395e-03,1.285347e-03,1.202724e-03,1.123134e-03,1.045531e-03,9.690523e-04,8.929495e-04,8.168515e-04,7.407435e-04,-2.355242e-04,-2.176438e-04,-1.997635e-04,-1.816269e-04,-1.623930e-04,-1.419695e-04,-1.209693e-04,-1.003796e-04,-8.110855e-05,-6.355969e-05,-4.795676e-05,-3.427119e-05,-2.255797e-05,-1.263565e-05,-3.958024e-06,3.958528e-06,1.144809e-05,1.895192e-05,-1.569748e-03,-1.521260e-03,-1.472753e-03,-1.424296e-03,-1.376430e-03,-1.329415e-03,-1.283740e-03,-1.239338e-03,-1.196148e-03,-1.153806e-03,-1.112528e-03,-1.072423e-03,-1.033301e-03,-9.948068e-04,-9.567390e-04,-9.190701e-04,-8.816211e-04,-8.441541e-04,1.118565e-04,1.009771e-04,9.009966e-05,7.915866e-05,6.793378e-05,5.655232e-05,4.552145e-05,3.545426e-05,2.695912e-05,2.032365e-05,1.557460e-05,1.244338e-05,1.049280e-05,9.483515e-06,9.338284e-06,9.784767e-06,1.039767e-05,1.099083e-05
-2.026026e-04,6.679489e-06,-2.930377e-08,6.644235e-05,4.429108e-05,2.179894e-05,3.238084e-06,-1.531188e-05,-2.354037e-05,-1.469999e-05,-7.079040e-06,-1.044080e-05,-1.909928e-05,-3.046807e-05,-4.402326e-05,-6.251908e-05,-8.552013e-05,-1.078116e-04,-1.265247e-04,-1.419983e-04,-1.574660e-04,2.171167e-03,2.082478e-03,1.993814e-03,1.905054e-03,1.816660e-03,1.726100e-03,1.638086e-03,1.553609e-03,1.473469e-03,1.397255e-03,1.324549e-03,1.254760e-03,1.187001e-03,1.120558e-03,1.054857e-03,9.894167e-04,9.239876e-04,8.585491e-04,-2.073310e-04,-1.911755e-04,-1.750203e-04,-1.586404e-04,-1.413170e-04,-1.229767e-04,-1.041464e-04,-8.569504e-05,-6.841892e-05,-5.262438e-05,-3.845405e-05,-2.585500e-05,-1.483666e-05,-5.234257e-06,3.394199e-06,1.142480e-05,1.911504e-05,2.681554e-05,-1.584078e-03,-1.533634e-03,-1.483172e-03,-1.432751e-03,-1.382885e-03,-1.333815e-03,-1.286013e-03,-1.239422e-03,-1.193988e-03,-1.149358e-03,-1.105760e-03,-1.063317e-03,-1.021856e-03,-9.810202e-04,-9.406121e-04,-9.006122e-04,-8.608400e-04,-8.210489e-04,1.086043e-04,9.800441e-05,8.740657e-05,7.674750e-05,6.582461e-05,5.476887e-05,4.407463e-05,3.433998e-05,2.616006e-05,1.980904e-05,1.530367e-05,1.237701e-05,1.059309e-05,9.717316e-06,9.686818e-06,1.023970e-05,1.095231e-05,1.164564e-05
-2.022420e-04,6.532621e-06,5.690829e-07,5.088685e-05,3.189350e-05,1.262585e-05,-3.356150e-06,-1.929926e-05,-2.666783e-05,-2.012314e-05,-1.598560e-05,-2.265485e-05,-3.376770e-05,-4.541391e-05,-5.526628e-05,-6.485721e-05,-7.479830e-05,-8.240122e-05,-8.696125e-05,-8.919988e-05,-9.140214e-05,1.960887e-03,1.902203e-03,1.843513e-03,1.784846e-03,1.726100e-03,1.666963e-03,1.604613e-03,1.542555e-03,1.481539e-03,1.421846e-03,1.363580e-03,1.306722e-03,1.250885e-03,1.195692e-03,1.140855e-03,1.086166e-03,1.031493e-03,9.768117e-04,-1.796660e-04,-1.652058e-04,-1.507460e-04,-1.360934e-04,-1.206498e-04,-1.043612e-04,-8.766936e-05,-7.132402e-05,-5.600976e-05,-4.193572e-05,-2.916370e-05,-1.761634e-05,-7.257334e-06,2.061469e-06,1.067774e-05,1.885981e-05,2.678840e-05,3.472324e-05,-1.598179e-03,-1.545792e-03,-1.493387e-03,-1.441016e-03,-1.389161e-03,-1.338048e-03,-1.288132e-03,-1.239362e-03,-1.191695e-03,-1.144787e-03,-1.098877e-03,-1.054107e-03,-1.010315e-03,-9.671481e-04,-9.244094e-04,-8.820884e-04,-8.400028e-04,-7.978974e-04,1.055002e-04,9.517594e-05,8.485391e-05,7.447308e-05,6.384840e-05,5.311444e-05,4.275273e-05,3.334624e-05,2.547679e-05,1.940525e-05,1.513848e-05,1.241111e-05,1.078827e-05,1.004006e-05,1.011797e-05,1.077063e-05,1.157621e-05,1.236297e-05
-2.018490e-04,6.396912e-06,1.126681e-06,3.622369e-05,2.036436e-05,4.295290e-06,-9.116392e-06,-2.252155e-05,-2.914709e-05,-2.505879e-05,-2.454141e-05,-3.459929e-05,-4.819988e-05,-6.010194e-05,-6.618362e-05,-6.676070e-05,-6.350314e-05,-5.626365e-05,-4.651823e-05,-3.537766e-05,-2.417008e-05,1.769259e-03,1.736460e-03,1.703662e-03,1.670858e-03,1.638086e-03,1.604613e-03,1.569913e-03,1.530162e-03,1.488696e-03,1.445786e-03,1.402248e-03,1.358586e-03,1.314932e-03,1.271244e-03,1.227524e-03,1.183834e-03,1.140168e-03,1.096494e-03,-1.533049e-04,-1.404764e-04,-1.276481e-04,-1.146585e-04,-1.010246e-04,-8.670997e-05,-7.207200e-05,-5.774197e-05,-4.429300e-05,-3.183827e-05,-2.036018e-05,-9.757092e-06,5.289401e-08,9.201046e-06,1.792030e-05,2.637042e-05,3.465475e-05,4.294130e-05,-1.611891e-03,-1.557586e-03,-1.503264e-03,-1.448966e-03,-1.395149e-03,-1.342017e-03,-1.290010e-03,-1.239083e-03,-1.189201e-03,-1.140031e-03,-1.091826e-03,-1.044745e-03,-9.986382e-04,-9.531548e-04,-9.081007e-04,-8.634735e-04,-8.190893e-04,-7.746845e-04,1.025331e-04,9.248166e-05,8.243244e-05,7.232695e-05,6.199692e-05,5.158022e-05,4.154560e-05,3.246093e-05,2.489477e-05,1.909500e-05,1.505888e-05,1.252252e-05,1.105195e-05,1.042185e-05,1.059802e-05,1.133985e-05,1.222760e-05,1.309700e-05
-2.013996e-04,6.269673e-06,1.676220e-06,2.257736e-05,9.615041e-06,-3.496283e-06,-1.453954e-05,-2.564586e-05,-3.176148e-05,-3.031244e-05,-3.347121e-05,-4.684260e-05,-6.279451e-05,-7.476205e-05,-7.684706e-05,-6.814924e-05,-5.140983e-05,-2.904178e-05,-4.726265e-06,2.003317e-05,4.489123e-05,1.595965e-03,1.585376e-03,1.574787e-03,1.564200e-03,1.553609e-03,1.542555e-03,1.530162e-03,1.515106e-03,1.493467e-03,1.468146e-03,1.439965e-03,1.410149e-03,1.379301e-03,1.347730e-03,1.315733e-03,1.283648e-03,1.251592e-03,1.219529e-03,-1.289032e-04,-1.176445e-04,-1.063860e-04,-9.499577e-05,-8.309721e-05,-7.066804e-05,-5.798104e-05,-4.554867e-05,-3.383251e-05,-2.285022e-05,-1.250690e-05,-2.677733e-06,6.763755e-06,1.593048e-05,2.494891e-05,3.386778e-05,4.271084e-05,5.155199e-05,-1.625015e-03,-1.568827e-03,-1.512624e-03,-1.456436e-03,-1.400692e-03,-1.345576e-03,-1.291510e-03,-1.238452e-03,-1.186379e-03,-1.134968e-03,-1.084484e-03,-1.035104e-03,-9.866933e-04,-9.389028e-04,-8.915413e-04,-8.446156e-04,-7.979404e-04,-7.512437e-04,9.965684e-05,8.988261e-05,8.011073e-05,7.028490e-05,6.025246e-05,5.015420e-05,4.044609e-05,3.168081e-05,2.441364e-05,1.887962e-05,1.506677e-05,1.271283e-05,1.138491e-05,1.086238e-05,1.112551e-05,1.194467e-05,1.290247e-05,1.384243e-05
-2.009100e-04,6.135826e-06,2.233464e-06,9.959997e-06,-4.453093e-07,-1.094395e-05,-1.991035e-05,-2.902156e-05,-3.489435e-05,-3.624230e-05,-4.306515e-05,-5.954933e-05,-7.757043e-05,-8.927057e-05,-8.701147e-05,-6.867746e-05,-3.809286e-05,-2.502065e-07,3.893643e-05,7.757139e-05,1.163386e-04,1.439663e-03,1.448114e-03,1.456565e-03,1.465017e-03,1.473469e-03,1.481539e-03,1.488696e-03,1.493467e-03,1.494509e-03,1.487513e-03,1.475948e-03,1.461055e-03,1.444107e-03,1.425722e-03,1.406507e-03,1.387082e-03,1.367693e-03,1.348298e-03,-1.066773e-04,-9.697151e-05,-8.726569e-05,-7.745508e-05,-6.725866e-05,-5.666236e-05,-4.585172e-05,-3.521756e-05,-2.510705e-05,-1.544282e-05,-6.056498e-06,3.197578e-06,1.248794e-05,2.190624e-05,3.146919e-05,4.111021e-05,5.076939e-05,6.042233e-05,-1.637683e-03,-1.579647e-03,-1.521596e-03,-1.463551e-03,-1.405914e-03,-1.348847e-03,-1.292751e-03,-1.237589e-03,-1.183344e-03,-1.129705e-03,-1.076951e-03,-1.025276e-03,-9.745607e-04,-9.244602e-04,-8.747866e-04,-8.255567e-04,-7.765848e-04,-7.275906e-04,9.672187e-05,8.723818e-05,7.775690e-05,6.822369e-05,5.850007e-05,4.872934e-05,3.935452e-05,3.091286e-05,2.394601e-05,1.867632e-05,1.508315e-05,1.290619e-05,1.171395e-05,1.129075e-05,1.163158e-05,1.251814e-05,1.353573e-05,1.453600e-05
-2.003769e-04,5.971628e-06,2.779224e-06,-1.731631e-06,-9.849436e-06,-1.801024e-05,-2.511926e-05,-3.244224e-05,-3.821686e-05,-4.237152e-05,-5.270505e-05,-7.198609e-05,-9.171824e-05,-1.027864e-04,-9.585271e-05,-6.757530e-05,-2.285612e-05,3.072223e-05,8.498498e-05,1.376413e-04,1.904661e-04,1.297799e-03,1.322664e-03,1.347528e-03,1.372395e-03,1.397255e-03,1.421846e-03,1.445786e-03,1.468146e-03,1.487513e-03,1.502205e-03,1.508498e-03,1.510291e-03,1.508828e-03,1.505231e-03,1.500379e-03,1.495193e-03,1.490048e-03,1.484898e-03,-8.622702e-05,-7.811809e-05,-7.000897e-05,-6.181900e-05,-5.335247e-05,-4.459702e-05,-3.564744e-05,-2.676939e-05,-1.819212e-05,-9.742292e-06,-1.182733e-06,7.651076e-06,1.696762e-05,2.683466e-05,3.715536e-05,4.774251e-05,5.844710e-05,6.914087e-05,-1.649868e-03,-1.590020e-03,-1.530158e-03,-1.470294e-03,-1.410800e-03,-1.351818e-03,-1.293725e-03,-1.236486e-03,-1.180093e-03,-1.124243e-03,-1.069229e-03,-1.015264e-03,-9.622441e-04,-9.098306e-04,-8.578399e-04,-8.062998e-04,-7.550250e-04,-7.037271e-04,9.352167e-05,8.434792e-05,7.517667e-05,6.595526e-05,5.655826e-05,4.713094e-05,3.810330e-05,2.999677e-05,2.333902e-05,1.833975e-05,1.497029e-05,1.297244e-05,1.191612e-05,1.159073e-05,1.200618e-05,1.295606e-05,1.402882e-05,1.508483e-05
