2.404995e-01,-7.919314e-03,2.299536e-04,-1.486421e-02,-9.389679e-03,-3.888382e-03,-1.268663e-04,2.337738e-03,4.164366e-03,4.658041e-03,7.453589e-03,1.345533e-02,1.659197e-02,1.337566e-02,4.018243e-03,-2.482062e-04,3.913926e-03,9.552733e-03,2.265022e-02,3.647022e-02,5.016397e-02,-1.506920e+00,-1.509637e+00,-1.512355e+00,-1.515067e+00,-1.517807e+00,-1.520445e+00,-1.522166e+00,-1.522780e+00,-1.521765e+00,-1.518395e+00,-1.512965e+00,-1.505838e+00,-1.496938e+00,-1.486781e+00,-1.475914e+00,-1.465358e+00,-1.454854e+00,-1.444336e+00,5.012466e-02,5.385026e-02,5.757582e-02,6.114189e-02,6.441694e-02,6.716013e-02,6.958827e-02,7.138811e-02,7.236121e-02,7.265284e-02,7.230560e-02,7.106080e-02,6.888759e-02,6.601792e-02,6.238222e-02,5.828075e-02,5.416492e-02,5.004561e-02,2.086473e+00,2.016367e+00,1.946296e+00,1.875772e+00,1.805242e+00,1.735646e+00,1.666433e+00,1.598649e+00,1.532878e+00,1.468133e+00,1.405427e+00,1.344431e+00,1.283601e+00,1.222820e+00,1.162539e+00,1.103718e+00,1.045511e+00,9.872371e-01,-1.756257e-01,-1.602708e-01,-1.449306e-01,-1.294087e-01,-1.133238e-01,-9.607801e-02,-7.796185e-02,-5.943682e-02,-4.168934e-02,-2.599404e-02,-1.378862e-02,-5.568833e-03,-4.745275e-04,1.611400e-03,1.131324e-03,-7.855577e-04,-2.925211e-03,-5.040258e-03
-7.919314e-03,2.223938e-01,1.872690e-03,-7.490634e-03,-8.634236e-03,-9.350740e-03,-6.714137e-03,-1.024720e-02,-1.708540e-02,-2.665187e-02,-3.009019e-02,-3.062575e-02,-2.517318e-02,-1.921094e-02,-1.266422e-02,-1.036384e-02,-1.451544e-02,-1.896056e-02,-2.398209e-02,-3.309507e-02,-4.243370e-02,1.424912e-01,1.335841e-01,1.246753e-01,1.157763e-01,1.068444e-01,9.802359e-02,8.983144e-02,8.224029e-02,7.511444e-02,6.841596e-02,6.208728e-02,5.562336e-02,4.870432e-02,4.130114e-02,3.331480e-02,2.492720e-02,1.651273e-02,8.108264e-03,-1.430623e+00,-1.424466e+00,-1.418317e+00,-1.411659e+00,-1.404709e+00,-1.397994e+00,-1.391500e+00,-1.385826e+00,-1.381555e+00,-1.379209e+00,-1.378611e+00,-1.378613e+00,-1.378382e+00,-1.377835e+00,-1.376837e+00,-1.375343e+00,-1.373423e+00,-1.371487e+00,-1.701824e-01,-1.555402e-01,-1.409104e-01,-1.261205e-01,-1.108422e-01,-9.456627e-02,-7.745323e-02,-5.980572e-02,-4.268078e-02,-2.726303e-02,-1.487343e-02,-5.989540e-03,1.414959e-04,3.561433e-03,4.613744e-03,4.259121e-03,3.652996e-03,3.072373e-03,1.494698e+00,1.496449e+00,1.498306e+00,1.498779e+00,1.497341e+00,1.493223e+00,1.484117e+00,1.469567e+00,1.448970e+00,1.422157e+00,1.390514e+00,1.354089e+00,1.313340e+00,1.270788e+00,1.227084e+00,1.182128e+00,1.136513e+00,1.090944e+00
2.299536e-04,1.872690e-03,4.806415e-02,-3.831081e-01,-3.943889e-01,-4.063147e-01,-4.106084e-01,-4.105006e-01,-4.119390e-01,-4.059136e-01,-4.000241e-01,-3.951246e-01,-3.854451e-01,-3.821370e-01,-3.789295e-01,-3.648265e-01,-3.468501e-01,-3.270696e-01,-3.085915e-01,-2.895215e-01,-2.703152e-01,-4.681132e-02,-3.863636e-02,-3.046099e-02,-2.228417e-02,-1.409283e-02,-5.948426e-03,1.517335e-03,7.609294e-03,1.220475e-02,1.576984e-02,1.876302e-02,2.101624e-02,2.252174e-02,2.350841e-02,2.421445e-02,2.505938e-02,2.593313e-02,2.679913e-02,-2.062523e-02,-2.370911e-02,-2.682441e-02,-2.936396e-02,-3.060894e-02,-3.012589e-02,-2.836236e-02,-2.570760e-02,-2.220225e-02,-1.756333e-02,-1.192128e-02,-5.752124e-03,6.993953e-04,7.245390e-03,1.385239e-02,2.046974e-02,2.699505e-02,3.351563e-02,-2.027612e-02,-2.115878e-02,-2.204398e-02,-2.286125e-02,-2.346888e-02,-2.370384e-02,-2.284219e-02,-1.993386e-02,-1.457897e-02,-7.149906e-03,2.099514e-03,1.362239e-02,2.777235e-02,4.406016e-02,6.137465e-02,7.887668e-02,9.633293e-02,1.137941e-01,-9.703598e-03,-4.133181e-03,1.480401e-03,6.625101e-03,1.038479e-02,1.255225e-02,1.365208e-02,1.432994e-02,1.470813e-02,1.483541e-02,1.493417e-02,1.571114e-02,1.755719e-02,2.083649e-02,2.556352e-02,3.116524e-02,3.701258e-02,4.283698e-02
-1.486421e-02,-7.490634e-03,-3.831081e-01,1.824778e+01,1.217428e+01,7.160115e+00,3.800438e+00,2.196529e+00,1.855581e+00,2.032183e+00,2.366468e+00,2.710360e+00,2.897398e+00,2.970234e+00,2.935505e+00,2.783491e+00,2.644554e+00,2.600985e+00,2.675444e+00,2.791338e+00,2.902638e+00,3.217784e+00,2.915111e+00,2.612446e+00,2.309595e+00,2.005751e+00,1.700936e+00,1.398770e+00,1.101681e+00,8.197827e-01,5.607590e-01,3.316665e-01,1.337727e-01,-4.010103e-02,-2.001559e-01,-3.547957e-01,-5.118424e-01,-6.697936e-01,-8.275919e-01,-7.010480e+00,-6.006658e+00,-5.000334e+00,-4.026094e+00,-3.141804e+00,-2.364680e+00,-1.692128e+00,-1.126814e+00,-6.607894e-01,-2.870166e-01,4.717835e-03,2.322906e-01,4.160668e-01,5.743785e-01,7.172906e-01,8.506844e-01,9.808710e-01,1.111355e+00,-6.989634e-02,-4.347946e-02,-1.705723e-02,7.957513e-03,2.968395e-02,4.654787e-02,5.364989e-02,4.449875e-02,1.501638e-02,-3.318852e-02,-9.937052e-02,-1.868509e-01,-2.971373e-01,-4.249788e-01,-5.607715e-01,-6.974418e-01,-8.334079e-01,-9.694171e-01,3.046134e-01,2.075906e-01,1.098979e-01,1.856973e-02,-5.299735e-02,-1.023159e-01,-1.334737e-01,-1.507883e-01,-1.563446e-01,-1.517888e-01,-1.398868e-01,-1.277051e-01,-1.202308e-01,-1.217477e-01,-1.332069e-01,-1.504424e-01,-1.690833e-01,-1.875711e-01
-9.389679e-03,-8.634236e-03,-3.943889e-01,1.217428e+01,9.445843e+00,6.471469e+00,4.278963e+00,3.063745e+00,2.663549e+00,2.618315e+00,2.743496e+00,2.932349e+00,3.030103e+00,3.075616e+00,3.048410e+00,2.904464e+00,2.748929e+00,2.645736e+00,2.623387e+00,2.627039e+00,2.627212e+00,2.583242e+00,2.322465e+00,2.061694e+00,1.800773e+00,1.539062e+00,1.276576e+00,1.019497e+00,7.739518e-01,5.474549e-01,3.429307e-01,1.629217e-01,7.765630e-03,-1.279501e-01,-2.521988e-01,-3.715570e-01,-4.928169e-01,-6.147726e-01,-7.366015e-01,-4.510929e+00,-3.821649e+00,-3.130349e+00,-2.464662e+00,-1.871020e+00,-1.362912e+00,-9.343940e-01,-5.829959e-01,-3.019762e-01,-8.638779e-02,7.189701e-02,1.862586e-01,2.709492e-01,3.386622e-01,3.960393e-01,4.470991e-01,4.962869e-01,5.456868e-01,1.226287e-02,3.426086e-02,5.626846e-02,7.709794e-02,9.505223e-02,1.086344e-01,1.122457e-01,9.847316e-02,6.341308e-02,9.323776e-03,-6.243015e-02,-1.552222e-01,-2.709874e-01,-4.047368e-01,-5.468186e-01,-6.900319e-01,-8.326361e-01,-9.752841e-01,2.540494e-01,1.699970e-01,8.533514e-02,6.568900e-03,-5.394056e-02,-9.387939e-02,-1.179042e-01,-1.312156e-01,-1.357350e-01,-1.328620e-01,-1.251890e-01,-1.194666e-01,-1.201218e-01,-1.310113e-01,-1.527682e-01,-1.809310e-01,-2.107466e-01,-2.403933e-01
-3.888382e-03,-9.350740e-03,-4.063147e-01,7.160115e+00,6.471469e+00,5.877956e+00,4.753643e+00,3.947817e+00,3.478167e+00,3.210689e+00,3.125475e+00,3.159319e+00,3.167880e+00,3.186329e+00,3.166904e+00,3.030990e+00,2.858372e+00,2.694431e+00,2.573633e+00,2.463169e+00,2.350357e+00,1.940796e+00,1.722612e+00,1.504434e+00,1.286142e+00,1.067262e+00,8.478042e-01,6.365064e-01,4.431914e-01,2.727331e-01,1.232694e-01,-7.196150e-03,-1.192455e-01,-2.164900e-01,-3.046452e-01,-3.884386e-01,-4.736236e-01,-5.592932e-01,-6.448623e-01,-1.979830e+00,-1.609232e+00,-1.237112e+00,-8.841000e-01,-5.850215e-01,-3.495490e-01,-1.683695e-01,-3.383594e-02,5.957849e-02,1.147149e-01,1.375996e-01,1.370627e-01,1.211703e-01,9.690516e-02,6.744011e-02,3.490481e-02,1.853442e-03,-3.107284e-02,9.204113e-02,1.100062e-01,1.279851e-01,1.450011e-01,1.595316e-01,1.701503e-01,1.705450e-01,1.523654e-01,1.118809e-01,5.200735e-02,-2.526393e-02,-1.233616e-01,-2.446509e-01,-3.843985e-01,-5.328870e-01,-6.827727e-01,-8.321467e-01,-9.815651e-01,2.019044e-01,1.314726e-01,6.049286e-02,-5.078348e-03,-5.393767e-02,-8.396216e-02,-1.003957e-01,-1.093373e-01,-1.125448e-01,-1.111663e-01,-1.076124e-01,-1.083131e-01,-1.171236e-01,-1.374602e-01,-1.696271e-01,-2.088532e-01,-2.499876e-01,-2.909368e-01
-1.268663e-04,-6.714137e-03,-4.106084e-01,3.800438e+00,4.278963e+00,4.753643e+00,5.128802e+00,4.677555e+00,4.202588e+00,3.729774e+00,3.445280e+00,3.325416e+00,3.244369e+00,3.233184e+00,3.218619e+00,3.091005e+00,2.906762e+00,2.695585e+00,2.496356e+00,2.294537e+00,2.091313e+00,1.416363e+00,1.231059e+00,1.045760e+00,8.603725e-01,6.745887e-01,4.884253e-01,3.132747e-01,1.627258e-01,3.954640e-02,-6.258345e-02,-1.498874e-01,-2.240299e-01,-2.872872e-01,-3.435158e-01,-3.958748e-01,-4.491996e-01,-5.028316e-01,-5.563857e-01,8.016875e-02,1.895112e-01,2.999458e-01,3.960054e-01,4.527118e-01,4.632735e-01,4.402013e-01,3.959654e-01,3.350572e-01,2.584901e-01,1.704953e-01,7.613401e-02,-2.170511e-02,-1.207965e-01,-2.208433e-01,-3.212744e-01,-4.211065e-01,-5.208855e-01,1.340915e-01,1.509430e-01,1.678102e-01,1.838395e-01,1.976302e-01,2.078221e-01,2.075110e-01,1.875674e-01,1.444369e-01,8.161346e-02,1.643354e-03,-9.884994e-02,-2.224954e-01,-3.648057e-01,-5.161245e-01,-6.690684e-01,-8.215935e-01,-9.741621e-01,1.621450e-01,1.055453e-01,4.845653e-02,-3.676163e-03,-4.063924e-02,-6.048763e-02,-6.899748e-02,-7.302513e-02,-7.416333e-02,-7.331148e-02,-7.265404e-02,-7.825190e-02,-9.340300e-02,-1.210527e-01,-1.612010e-01,-2.088743e-01,-2.586501e-01,-3.082291e-01
2.337738e-03,-1.024720e-02,-4.105006e-01,2.196529e+00,3.063745e+00,3.947817e+00,4.677555e+00,5.170721e+00,4.756211e+00,4.206522e+00,3.751059e+00,3.478956e+00,3.294758e+00,3.241627e+00,3.221490e+00,3.099708e+00,2.915821e+00,2.689674e+00,2.460793e+00,2.223066e+00,1.984411e+00,1.058255e+00,8.917372e-01,7.252241e-01,5.586400e-01,3.918287e-01,2.248050e-01,7.155389e-02,-5.066225e-02,-1.398780e-01,-2.060879e-01,-2.589909e-01,-3.014041e-01,-3.352326e-01,-3.633308e-01,-3.879535e-01,-4.133602e-01,-4.389828e-01,-4.645397e-01,1.121067e+00,1.087583e+00,1.054845e+00,1.011497e+00,9.404876e-01,8.357415e-01,7.111089e-01,5.818963e-01,4.510777e-01,3.175690e-01,1.837842e-01,5.266413e-02,-7.587549e-02,-2.022080e-01,-3.274756e-01,-4.518430e-01,-5.750775e-01,-6.982943e-01,1.601542e-01,1.761656e-01,1.921935e-01,2.074868e-01,2.207480e-01,2.306972e-01,2.299980e-01,2.089315e-01,1.640461e-01,9.932472e-02,1.777189e-02,-8.390037e-02,-2.084389e-01,-3.515289e-01,-5.036293e-01,-6.574162e-01,-8.108256e-01,-9.642785e-01,1.034220e-01,5.565294e-02,7.443368e-03,-3.618051e-02,-6.596810e-02,-7.988173e-02,-8.384715e-02,-8.511443e-02,-8.502628e-02,-8.419833e-02,-8.463270e-02,-9.218986e-02,-1.098538e-01,-1.403633e-01,-1.835908e-01,-2.344983e-01,-2.875776e-01,-3.404563e-01
4.164366e-03,-1.708540e-02,-4.119390e-01,1.855581e+00,2.663549e+00,3.478167e+00,4.202588e+00,4.756211e+00,5.170761e+00,4.680565e+00,4.169012e+00,3.729778e+00,3.402534e+00,3.271889e+00,3.226001e+00,3.110402e+00,2.953081e+00,2.760533e+00,2.560982e+00,2.348516e+00,2.135448e+00,2.278014e-01,1.323128e-01,3.682767e-02,-5.870989e-02,-1.543590e-01,-2.500381e-01,-3.309568e-01,-3.786998e-01,-3.922339e-01,-3.848045e-01,-3.691846e-01,-3.483299e-01,-3.231427e-01,-2.949919e-01,-2.648272e-01,-2.356427e-01,-2.065970e-01,-1.774987e-01,1.325545e+00,1.243459e+00,1.161847e+00,1.072708e+00,9.653643e-01,8.343094e-01,6.927693e-01,5.561907e-01,4.255834e-01,2.975699e-01,1.729245e-01,5.423685e-02,-5.972322e-02,-1.701384e-01,-2.785832e-01,-3.855170e-01,-4.909853e-01,-5.964560e-01,1.853141e-01,1.991529e-01,2.130096e-01,2.262169e-01,2.375619e-01,2.458016e-01,2.434008e-01,2.204113e-01,1.734977e-01,1.071206e-01,2.469833e-02,-7.713246e-02,-2.013256e-01,-3.437648e-01,-4.950488e-01,-6.480143e-01,-8.006329e-01,-9.532945e-01,3.436081e-02,-8.014795e-03,-5.079536e-02,-8.925089e-02,-1.148559e-01,-1.254937e-01,-1.269810e-01,-1.266023e-01,-1.254100e-01,-1.237029e-01,-1.233710e-01,-1.303311e-01,-1.474851e-01,-1.776014e-01,-2.205524e-01,-2.712771e-01,-3.242175e-01,-3.769550e-01
4.658041e-03,-2.665187e-02,-4.059136e-01,2.032183e+00,2.618315e+00,3.210689e+00,3.729774e+00,4.206522e+00,4.680565e+00,5.024380e+00,4.546462e+00,4.019121e+00,3.524515e+00,3.282040e+00,3.180272e+00,3.057586e+00,2.929407e+00,2.785965e+00,2.637457e+00,2.473831e+00,2.309820e+00,-7.124568e-01,-7.199225e-01,-7.273875e-01,-7.348848e-01,-7.424529e-01,-7.498296e-01,-7.426017e-01,-7.031899e-01,-6.312481e-01,-5.430650e-01,-4.542419e-01,-3.669935e-01,-2.806242e-01,-1.948268e-01,-1.090054e-01,-2.452661e-02,5.987708e-02,1.443202e-01,1.181076e+00,1.101946e+00,1.023120e+00,9.387650e-01,8.421706e-01,7.282773e-01,6.088558e-01,4.977124e-01,3.942775e-01,2.933050e-01,1.945236e-01,1.015400e-01,1.315248e-02,-7.157817e-02,-1.541627e-01,-2.350852e-01,-3.143809e-01,-3.936888e-01,1.986685e-01,2.096616e-01,2.206740e-01,2.310959e-01,2.397803e-01,2.454809e-01,2.407477e-01,2.158611e-01,1.676481e-01,1.010225e-01,1.977968e-02,-7.954894e-02,-2.001447e-01,-3.381822e-01,-4.846149e-01,-6.326443e-01,-7.803548e-01,-9.281068e-01,-4.405787e-02,-8.352599e-02,-1.233734e-01,-1.590912e-01,-1.827057e-01,-1.920756e-01,-1.926938e-01,-1.915085e-01,-1.893127e-01,-1.861121e-01,-1.837400e-01,-1.882316e-01,-2.025002e-01,-2.294371e-01,-2.689814e-01,-3.161784e-01,-3.655669e-01,-4.147558e-01
7.453589e-03,-3.009019e-02,-4.000241e-01,2.366468e+00,2.743496e+00,3.125475e+00,3.445280e+00,3.751059e+00,4.169012e+00,4.546462e+00,4.844759e+00,4.314396e+00,3.737223e+00,3.360185e+00,3.168140e+00,2.999790e+00,2.863695e+00,2.736566e+00,2.614464e+00,2.479406e+00,2.343823e+00,-1.067114e+00,-1.035125e+00,-1.003136e+00,-9.711685e-01,-9.392741e-01,-9.070461e-01,-8.621785e-01,-7.899007e-01,-6.893398e-01,-5.779111e-01,-4.723917e-01,-3.730462e-01,-2.774853e-01,-1.846310e-01,-9.301356e-02,-3.097940e-03,8.672882e-02,1.765942e-01,9.155671e-01,8.715480e-01,8.277724e-01,7.792233e-01,7.206657e-01,6.468140e-01,5.661022e-01,4.884871e-01,4.126483e-01,3.326865e-01,2.483557e-01,1.656726e-01,8.480974e-02,6.037191e-03,-7.165385e-02,-1.483420e-01,-2.236026e-01,-2.988613e-01,2.297408e-01,2.369158e-01,2.441114e-01,2.507347e-01,2.556770e-01,2.576894e-01,2.496821e-01,2.224847e-01,1.729051e-01,1.060342e-01,2.583905e-02,-7.137168e-02,-1.890165e-01,-3.234597e-01,-4.659263e-01,-6.098675e-01,-7.534772e-01,-8.971285e-01,-6.459437e-02,-1.053066e-01,-1.463855e-01,-1.834455e-01,-2.087948e-01,-2.202631e-01,-2.228067e-01,-2.227452e-01,-2.207806e-01,-2.168102e-01,-2.127029e-01,-2.147454e-01,-2.260008e-01,-2.495179e-01,-2.853196e-01,-3.285817e-01,-3.739735e-01,-4.191706e-01
1.345533e-02,-3.062575e-02,-3.951246e-01,2.710360e+00,2.932349e+00,3.159319e+00,3.325416e+00,3.478956e+00,3.729778e+00,4.019121e+00,4.314396e+00,4.549038e+00,3.977923e+00,3.542056e+00,3.235034e+00,2.979698e+00,2.779269e+00,2.609562e+00,2.462886e+00,2.311127e+00,2.158239e+00,-6.760867e-01,-6.695654e-01,-6.630467e-01,-6.565424e-01,-6.501297e-01,-6.433258e-01,-6.273363e-01,-5.918824e-01,-5.367854e-01,-4.773768e-01,-4.281460e-01,-3.856181e-01,-3.456317e-01,-3.075601e-01,-2.704274e-01,-2.352015e-01,-2.001829e-01,-1.651090e-01,6.161799e-01,6.157283e-01,6.155146e-01,6.106817e-01,5.961122e-01,5.667042e-01,5.273107e-01,4.834122e-01,4.326203e-01,3.683173e-01,2.900384e-01,2.064823e-01,1.197859e-01,3.172154e-02,-5.774947e-02,-1.478208e-01,-2.371301e-01,-3.263945e-01,2.946245e-01,2.960633e-01,2.975246e-01,2.984028e-01,2.975916e-01,2.938370e-01,2.806257e-01,2.495939e-01,1.977391e-01,1.299203e-01,4.984645e-02,-4.658483e-02,-1.630750e-01,-2.960614e-01,-4.368507e-01,-5.789315e-01,-7.206069e-01,-8.623268e-01,-4.963745e-02,-9.407856e-02,-1.388804e-01,-1.797309e-01,-2.090811e-01,-2.248496e-01,-2.314378e-01,-2.344742e-01,-2.345433e-01,-2.314213e-01,-2.269427e-01,-2.276426e-01,-2.368009e-01,-2.576531e-01,-2.903442e-01,-3.301932e-01,-3.720468e-01,-4.137135e-01
1.659197e-02,-2.517318e-02,-3.854451e-01,2.897398e+00,3.030103e+00,3.167880e+00,3.244369e+00,3.294758e+00,3.402534e+00,3.524515e+00,3.737223e+00,3.977923e+00,4.175172e+00,3.755063e+00,3.405457e+00,3.033299e+00,2.711616e+00,2.420358e+00,2.168787e+00,1.921585e+00,1.672553e+00,-2.219307e-02,-7.410602e-02,-1.260220e-01,-1.779506e-01,-2.299871e-01,-2.816300e-01,-3.271470e-01,-3.600452e-01,-3.809569e-01,-4.014612e-01,-4.322252e-01,-4.661715e-01,-4.973067e-01,-5.261237e-01,-5.537899e-01,-5.832345e-01,-6.130520e-01,-6.427880e-01,3.836218e-01,4.042490e-01,4.251253e-01,4.413417e-01,4.474340e-01,4.387158e-01,4.175511e-01,3.861873e-01,3.417719e-01,2.777375e-01,1.934798e-01,9.914115e-02,-2.466558e-03,-1.091726e-01,-2.198869e-01,-3.328967e-01,-4.459490e-01,-5.589063e-01,3.258600e-01,3.240072e-01,3.221776e-01,3.197632e-01,3.156695e-01,3.086677e-01,2.928387e-01,2.605862e-01,2.091236e-01,1.427351e-01,6.458711e-02,-2.970655e-02,-1.440645e-01,-2.749711e-01,-4.136743e-01,-5.535371e-01,-6.929165e-01,-8.323431e-01,3.855078e-03,-4.305608e-02,-9.031811e-02,-1.337536e-01,-1.660036e-01,-1.851579e-01,-1.952181e-01,-2.012562e-01,-2.038257e-01,-2.027124e-01,-1.996465e-01,-2.011326e-01,-2.104414e-01,-2.307714e-01,-2.623648e-01,-3.007125e-01,-3.409031e-01,-3.809176e-01
1.337566e-02,-1.921094e-02,-3.821370e-01,2.970234e+00,3.075616e+00,3.186329e+00,3.233184e+00,3.241627e+00,3.271889e+00,3.282040e+00,3.360185e+00,3.542056e+00,3.755063e+00,4.101974e+00,3.764144e+00,3.323785e+00,2.822955e+00,2.320959e+00,1.859515e+00,1.410001e+00,9.579533e-01,5.550374e-01,4.340563e-01,3.130721e-01,1.920742e-01,7.095981e-02,-4.978059e-02,-1.658031e-01,-2.723719e-01,-3.695624e-01,-4.639155e-01,-5.614613e-01,-6.529824e-01,-7.310946e-01,-7.980070e-01,-8.593179e-01,-9.217448e-01,-9.847032e-01,-1.047551e+00,3.155937e-01,3.202868e-01,3.252459e-01,3.253462e-01,3.146367e-01,2.886723e-01,2.489721e-01,1.965443e-01,1.293979e-01,4.244116e-02,-6.414580e-02,-1.808311e-01,-3.061560e-01,-4.390481e-01,-5.772077e-01,-7.185160e-01,-8.604354e-01,-1.002226e+00,2.933742e-01,2.929837e-01,2.926153e-01,2.916671e-01,2.890444e-01,2.835304e-01,2.694953e-01,2.396696e-01,1.912061e-01,1.276588e-01,5.153119e-02,-4.170376e-02,-1.561401e-01,-2.881783e-01,-4.285284e-01,-5.700563e-01,-7.110404e-01,-8.520743e-01,5.535464e-02,7.275011e-03,-4.115176e-02,-8.580839e-02,-1.193896e-01,-1.401025e-01,-1.518443e-01,-1.594891e-01,-1.637356e-01,-1.645751e-01,-1.637690e-01,-1.676293e-01,-1.792021e-01,-2.015103e-01,-2.348701e-01,-2.747745e-01,-3.164186e-01,-3.578930e-01
4.018243e-03,-1.266422e-02,-3.789295e-01,2.935505e+00,3.048410e+00,3.166904e+00,3.218619e+00,3.221490e+00,3.226001e+00,3.180272e+00,3.168140e+00,3.235034e+00,3.405457e+00,3.764144e+00,4.173839e+00,3.732876e+00,3.157778e+00,2.466973e+00,1.796118e+00,1.130624e+00,4.634425e-01,7.675891e-01,6.191662e-01,4.707407e-01,3.222988e-01,1.737368e-01,2.552691e-02,-1.180953e-01,-2.525966e-01,-3.768605e-01,-4.931278e-01,-6.032731e-01,-6.970663e-01,-7.654676e-01,-8.116550e-01,-8.470250e-01,-8.823181e-01,-9.181240e-01,-9.538137e-01,3.382513e-01,3.205101e-01,3.030538e-01,2.804974e-01,2.464537e-01,1.962250e-01,1.310597e-01,5.162982e-02,-4.320321e-02,-1.572262e-01,-2.895738e-01,-4.316369e-01,-5.817642e-01,-7.382470e-01,-8.972437e-01,-1.057707e+00,-1.218362e+00,-1.378923e+00,2.000085e-01,2.049247e-01,2.098605e-01,2.142357e-01,2.169585e-01,2.168097e-01,2.082446e-01,1.840296e-01,1.411073e-01,8.237980e-02,9.666736e-03,-8.169827e-02,-1.959490e-01,-3.293601e-01,-4.718590e-01,-6.157735e-01,-7.591812e-01,-9.026382e-01,1.065570e-01,5.819739e-02,9.494261e-03,-3.549261e-02,-6.950857e-02,-9.081273e-02,-1.033171e-01,-1.118491e-01,-1.172459e-01,-1.196764e-01,-1.209261e-01,-1.271367e-01,-1.413108e-01,-1.664289e-01,-2.029060e-01,-2.460720e-01,-2.910259e-01,-3.358077e-01
-2.482062e-04,-1.036384e-02,-3.648265e-01,2.783491e+00,2.904464e+00,3.030990e+00,3.091005e+00,3.099708e+00,3.110402e+00,3.057586e+00,2.999790e+00,2.979698e+00,3.033299e+00,3.323785e+00,3.732876e+00,4.103803e+00,3.658143e+00,3.031649e+00,2.307948e+00,1.567390e+00,8.257761e-01,2.948194e-01,2.066114e-01,1.184009e-01,3.017337e-02,-5.817251e-02,-1.461771e-01,-2.285075e-01,-2.994491e-01,-3.556740e-01,-3.952036e-01,-4.158157e-01,-4.073049e-01,-3.616056e-01,-2.829376e-01,-1.884351e-01,-9.176065e-02,4.831992e-03,1.014851e-01,3.920421e-01,3.610547e-01,3.303544e-01,2.945549e-01,2.472796e-01,1.834556e-01,1.048305e-01,1.277743e-02,-9.239440e-02,-2.125896e-01,-3.458376e-01,-4.838577e-01,-6.226110e-01,-7.573834e-01,-8.835515e-01,-1.004250e+00,-1.122641e+00,-1.241122e+00,1.450750e-01,1.539116e-01,1.627656e-01,1.710883e-01,1.778405e-01,1.818495e-01,1.775874e-01,1.578460e-01,1.193066e-01,6.414554e-02,-6.499487e-03,-9.723638e-02,-2.120274e-01,-3.470548e-01,-4.917366e-01,-6.382531e-01,-7.844573e-01,-9.307070e-01,1.102665e-01,6.452022e-02,1.844196e-02,-2.404946e-02,-5.593581e-02,-7.547531e-02,-8.656511e-02,-9.398955e-02,-9.877025e-02,-1.013083e-01,-1.034502e-01,-1.111066e-01,-1.274780e-01,-1.557674e-01,-1.964685e-01,-2.445676e-01,-2.947622e-01,-3.447685e-01
3.913926e-03,-1.451544e-02,-3.468501e-01,2.644554e+00,2.748929e+00,2.858372e+00,2.906762e+00,2.915821e+00,2.953081e+00,2.929407e+00,2.863695e+00,2.779269e+00,2.711616e+00,2.822955e+00,3.157778e+00,3.658143e+00,4.276789e+00,4.070150e+00,3.699334e+00,3.226227e+00,2.763650e+00,-8.813877e-01,-8.212451e-01,-7.611053e-01,-7.009791e-01,-6.409640e-01,-5.805892e-01,-5.121020e-01,-4.271452e-01,-3.187396e-01,-1.797322e-01,-2.992158e-03,2.221232e-01,5.001216e-01,8.221339e-01,1.165577e+00,1.514561e+00,1.864377e+00,2.214128e+00,3.897786e-01,3.695559e-01,3.495922e-01,3.249526e-01,2.899564e-01,2.396453e-01,1.779483e-01,1.088065e-01,3.573559e-02,-3.949574e-02,-1.122793e-01,-1.737427e-01,-2.157334e-01,-2.304566e-01,-2.154920e-01,-1.817148e-01,-1.406824e-01,-1.001041e-01,1.644637e-01,1.738216e-01,1.831959e-01,1.920720e-01,1.995039e-01,2.044116e-01,2.011250e-01,1.823618e-01,1.444289e-01,8.865009e-02,1.547950e-02,-7.957072e-02,-1.999053e-01,-3.412350e-01,-4.927189e-01,-6.466607e-01,-8.006376e-01,-9.546552e-01,4.836648e-02,8.368732e-03,-3.194651e-02,-6.881545e-02,-9.552114e-02,-1.102841e-01,-1.170901e-01,-1.208425e-01,-1.229389e-01,-1.242143e-01,-1.267688e-01,-1.362947e-01,-1.564582e-01,-1.908153e-01,-2.397340e-01,-2.975771e-01,-3.581589e-01,-4.185163e-01
9.552733e-03,-1.896056e-02,-3.270696e-01,2.600985e+00,2.645736e+00,2.694431e+00,2.695585e+00,2.689674e+00,2.760533e+00,2.785965e+00,2.736566e+00,2.609562e+00,2.420358e+00,2.320959e+00,2.466973e+00,3.031649e+00,4.070150e+00,5.310158e+00,5.771889e+00,6.151415e+00,6.523086e+00,-2.257030e+00,-2.018858e+00,-1.780690e+00,-1.542527e+00,-1.304458e+00,-1.065986e+00,-8.164059e-01,-5.441329e-01,-2.379939e-01,1.143875e-01,5.249804e-01,1.005124e+00,1.555684e+00,2.162040e+00,2.797542e+00,3.443798e+00,4.092091e+00,4.740159e+00,1.993684e-01,2.184530e-01,2.377193e-01,2.534173e-01,2.615076e-01,2.585988e-01,2.530475e-01,2.536008e-01,2.692028e-01,3.075224e-01,3.778577e-01,4.905055e-01,6.583261e-01,8.912019e-01,1.183653e+00,1.513497e+00,1.857397e+00,2.200336e+00,2.068822e-01,2.143248e-01,2.217842e-01,2.287976e-01,2.345201e-01,2.379665e-01,2.332594e-01,2.129819e-01,1.729953e-01,1.137353e-01,3.500552e-02,-6.752289e-02,-1.966583e-01,-3.474465e-01,-5.091089e-01,-6.741484e-01,-8.396731e-01,-1.005235e+00,-2.862716e-02,-6.015433e-02,-9.197714e-02,-1.205561e-01,-1.395772e-01,-1.473583e-01,-1.481953e-01,-1.473310e-01,-1.467831e-01,-1.480806e-01,-1.537947e-01,-1.694477e-01,-1.992648e-01,-2.469853e-01,-3.122776e-01,-3.886182e-01,-4.685842e-01,-5.482743e-01
2.265022e-02,-2.398209e-02,-3.085915e-01,2.675444e+00,2.623387e+00,2.573633e+00,2.496356e+00,2.460793e+00,2.560982e+00,2.637457e+00,2.614464e+00,2.462886e+00,2.168787e+00,1.859515e+00,1.796118e+00,2.307948e+00,3.699334e+00,5.771889e+00,8.154459e+00,9.978121e+00,1.189593e+01,-3.391291e+00,-3.005565e+00,-2.619843e+00,-2.234113e+00,-1.848452e+00,-1.462331e+00,-1.062473e+00,-6.344943e-01,-1.635905e-01,3.665466e-01,9.713641e-01,1.662075e+00,2.436099e+00,3.273830e+00,4.147456e+00,5.038510e+00,5.933219e+00,6.827482e+00,-1.554285e-01,-8.362130e-02,-1.175224e-02,5.822080e-02,1.246283e-01,1.872632e-01,2.606303e-01,3.598153e-01,5.007430e-01,6.984862e-01,9.686235e-01,1.324163e+00,1.783262e+00,2.358108e+00,3.031673e+00,3.766681e+00,4.524563e+00,5.280811e+00,3.320154e-01,3.325511e-01,3.331062e-01,3.332611e-01,3.322557e-01,3.291922e-01,3.179982e-01,2.911752e-01,2.441990e-01,1.767299e-01,8.811695e-02,-2.572049e-02,-1.670358e-01,-3.301902e-01,-5.048698e-01,-6.841309e-01,-8.644492e-01,-1.044798e+00,-1.211866e-01,-1.415747e-01,-1.622330e-01,-1.798734e-01,-1.886138e-01,-1.870121e-01,-1.798245e-01,-1.727798e-01,-1.686945e-01,-1.699975e-01,-1.799676e-01,-2.041702e-01,-2.474668e-01,-3.137881e-01,-4.017996e-01,-5.037611e-01,-6.105345e-01,-7.169584e-01
3.647022e-02,-3.309507e-02,-2.895215e-01,2.791338e+00,2.627039e+00,2.463169e+00,2.294537e+00,2.223066e+00,2.348516e+00,2.473831e+00,2.479406e+00,2.311127e+00,1.921585e+00,1.410001e+00,1.130624e+00,1.567390e+00,3.226227e+00,6.151415e+00,9.978121e+00,1.451194e+01,1.880193e+01,-4.322312e+00,-3.811747e+00,-3.301189e+00,-2.790607e+00,-2.280066e+00,-1.769008e+00,-1.241973e+00,-6.821947e-01,-7.172683e-02,6.087745e-01,1.377336e+00,2.244300e+00,3.203466e+00,4.230636e+00,5.297956e+00,6.388409e+00,7.484410e+00,8.579710e+00,-5.521487e-01,-4.250019e-01,-2.979313e-01,-1.708514e-01,-4.275764e-02,9.008282e-02,2.489327e-01,4.557330e-01,7.339138e-01,1.106448e+00,1.595748e+00,2.218138e+00,2.997402e+00,3.948352e+00,5.041657e+00,6.223822e+00,7.439612e+00,8.653008e+00,4.795825e-01,4.706776e-01,4.617965e-01,4.525531e-01,4.422338e-01,4.299779e-01,4.095405e-01,3.733701e-01,3.165913e-01,2.381549e-01,1.370376e-01,9.476460e-03,-1.462101e-01,-3.236937e-01,-5.132553e-01,-7.086794e-01,-9.059126e-01,-1.103171e+00,-2.408515e-01,-2.495643e-01,-2.585206e-01,-2.646880e-01,-2.626572e-01,-2.513109e-01,-2.358720e-01,-2.225892e-01,-2.151310e-01,-2.169037e-01,-2.320131e-01,-2.661749e-01,-3.249411e-01,-4.124943e-01,-5.264421e-01,-6.577044e-01,-7.952539e-01,-9.323709e-01
5.016397e-02,-4.243370e-02,-2.703152e-01,2.902638e+00,2.627212e+00,2.350357e+00,2.091313e+00,1.984411e+00,2.135448e+00,2.309820e+00,2.343823e+00,2.158239e+00,1.672553e+00,9.579533e-01,4.634425e-01,8.257761e-01,2.763650e+00,6.523086e+00,1.189593e+01,1.880193e+01,2.677246e+01,-5.268845e+00,-4.631627e+00,-3.994416e+00,-3.357167e+00,-2.719930e+00,-2.082120e+00,-1.426068e+00,-7.325929e-01,1.943044e-02,8.524529e-01,1.787152e+00,2.833052e+00,3.980335e+00,5.200169e+00,6.464560e+00,7.757790e+00,9.058403e+00,1.035807e+01,-9.422285e-01,-7.599983e-01,-5.779808e-01,-3.940658e-01,-2.045936e-01,-1.945701e-03,2.418519e-01,5.555577e-01,9.700709e-01,1.516231e+00,2.223243e+00,3.110704e+00,4.208003e+00,5.532562e+00,7.042807e+00,8.669112e+00,1.033973e+01,1.200721e+01,6.265634e-01,6.082141e-01,5.898931e-01,5.712465e-01,5.516049e-01,5.301397e-01,5.004255e-01,4.548485e-01,3.881713e-01,2.986192e-01,1.847803e-01,4.319855e-02,-1.272407e-01,-3.195172e-01,-5.244903e-01,-7.366434e-01,-9.513729e-01,-1.166125e+00,-3.615842e-01,-3.587117e-01,-3.560561e-01,-3.508393e-01,-3.381262e-01,-3.171192e-01,-2.935030e-01,-2.740435e-01,-2.632587e-01,-2.655298e-01,-2.857867e-01,-3.298876e-01,-4.040736e-01,-5.127793e-01,-6.525572e-01,-8.129932e-01,-9.811876e-01,-1.148869e+00
-1.506920e+00,1.424912e-01,-4.681132e-02,3.217784e+00,2.583242e+00,1.940796e+00,1.416363e+00,1.058255e+00,2.278014e-01,-7.124568e-01,-1.067114e+00,-6.760867e-01,-2.219307e-02,5.550374e-01,7.675891e-01,2.948194e-01,-8.813877e-01,-2.257030e+00,-3.391291e+00,-4.322312e+00,-5.268845e+00,4.610483e+01,4.102557e+01,3.604875e+01,3.127679e+01,2.681242e+01,2.275653e+01,1.913708e+01,1.598053e+01,1.328369e+01,1.098683e+01,9.037709e+00,7.355442e+00,5.850680e+00,4.457538e+00,3.123267e+00,1.797062e+00,4.673947e-01,-8.617297e-01,-5.014553e+00,-4.875301e+00,-4.736762e+00,-4.587547e+00,-4.418708e+00,-4.182759e+00,-3.884278e+00,-3.536807e+00,-3.170397e+00,-2.823002e+00,-2.527386e+00,-2.292688e+00,-2.122237e+00,-2.016632e+00,-1.958989e+00,-1.932416e+00,-1.922971e+00,-1.912448e+00,-1.132565e+01,-1.100103e+01,-1.067645e+01,-1.035061e+01,-1.003215e+01,-9.735233e+00,-9.456559e+00,-9.204707e+00,-8.984405e+00,-8.786092e+00,-8.614142e+00,-8.462941e+00,-8.318127e+00,-8.176065e+00,-8.036569e+00,-7.901069e+00,-7.766504e+00,-7.631672e+00,2.184406e+00,2.049682e+00,1.915186e+00,1.778091e+00,1.634147e+00,1.472153e+00,1.295343e+00,1.109657e+00,9.272448e-01,7.600429e-01,6.208514e-01,5.124421e-01,4.293656e-01,3.714624e-01,3.346479e-01,3.112517e-01,2.916449e-01,2.717611e-01
-1.509637e+00,1.335841e-01,-3.863636e-02,2.915111e+00,2.322465e+00,1.722612e+00,1.231059e+00,8.917372e-01,1.323128e-01,-7.199225e-01,-1.035125e+00,-6.695654e-01,-7.410602e-02,4.340563e-01,6.191662e-01,2.066114e-01,-8.212451e-01,-2.018858e+00,-3.005565e+00,-3.811747e+00,-4.631627e+00,4.102557e+01,3.693228e+01,3.281155e+01,2.880061e+01,2.499284e+01,2.149174e+01,1.833180e+01,1.554741e+01,1.314537e+01,1.108014e+01,9.313480e+00,7.778808e+00,6.398742e+00,5.115802e+00,3.884082e+00,2.659689e+00,1.432261e+00,2.053031e-01,-4.577447e+00,-4.446283e+00,-4.315765e+00,-4.175458e+00,-4.017111e+00,-3.797883e+00,-3.521964e+00,-3.201270e+00,-2.862953e+00,-2.541546e+00,-2.267090e+00,-2.047901e+00,-1.885829e+00,-1.781059e+00,-1.718504e+00,-1.683353e+00,-1.663456e+00,-1.642596e+00,-1.152869e+01,-1.118730e+01,-1.084596e+01,-1.050320e+01,-1.016709e+01,-9.850990e+00,-9.551691e+00,-9.277697e+00,-9.033795e+00,-8.810869e+00,-8.613643e+00,-8.436743e+00,-8.266012e+00,-8.097920e+00,-7.932565e+00,-7.771887e+00,-7.612502e+00,-7.452829e+00,2.075009e+00,1.944089e+00,1.813385e+00,1.680193e+00,1.540382e+00,1.383505e+00,1.212681e+00,1.033608e+00,8.580427e-01,6.975948e-01,5.648310e-01,4.627001e-01,3.855972e-01,3.332132e-01,3.015640e-01,2.829439e-01,2.678719e-01,2.525347e-01
-1.512355e+00,1.246753e-01,-3.046099e-02,2.612446e+00,2.061694e+00,1.504434e+00,1.045760e+00,7.252241e-01,3.682767e-02,-7.273875e-01,-1.003136e+00,-6.630467e-01,-1.260220e-01,3.130721e-01,4.707407e-01,1.184009e-01,-7.611053e-01,-1.780690e+00,-2.619843e+00,-3.301189e+00,-3.994416e+00,3.604875e+01,3.281155e+01,2.958171e+01,2.632246e+01,2.317380e+01,2.022683e+01,1.752657e+01,1.511428e+01,1.300705e+01,1.117346e+01,9.589261e+00,8.202182e+00,6.946813e+00,5.774076e+00,4.644907e+00,3.522326e+00,2.397137e+00,1.272347e+00,-4.140304e+00,-4.017231e+00,-3.894737e+00,-3.763342e+00,-3.615491e+00,-3.412986e+00,-3.159632e+00,-2.865718e+00,-2.555497e+00,-2.260078e+00,-2.006785e+00,-1.803105e+00,-1.649414e+00,-1.545479e+00,-1.478014e+00,-1.434285e+00,-1.403935e+00,-1.372740e+00,-1.173174e+01,-1.137358e+01,-1.101549e+01,-1.065582e+01,-1.030204e+01,-9.966761e+00,-9.646836e+00,-9.350700e+00,-9.083196e+00,-8.835657e+00,-8.613154e+00,-8.410555e+00,-8.213906e+00,-8.019783e+00,-7.828569e+00,-7.642711e+00,-7.458506e+00,-7.273991e+00,1.965593e+00,1.838477e+00,1.711568e+00,1.582278e+00,1.446602e+00,1.294841e+00,1.130005e+00,9.575459e-01,7.888281e-01,6.351350e-01,5.087993e-01,4.129477e-01,3.418189e-01,2.949548e-01,2.684714e-01,2.546283e-01,2.440917e-01,2.333019e-01
-1.515067e+00,1.157763e-01,-2.228417e-02,2.309595e+00,1.800773e+00,1.286142e+00,8.603725e-01,5.586400e-01,-5.870989e-02,-7.348848e-01,-9.711685e-01,-6.565424e-01,-1.779506e-01,1.920742e-01,3.222988e-01,3.017337e-02,-7.009791e-01,-1.542527e+00,-2.234113e+00,-2.790607e+00,-3.357167e+00,3.127679e+01,2.880061e+01,2.632246e+01,2.385221e+01,2.135265e+01,1.896248e+01,1.672118e+01,1.468119e+01,1.286872e+01,1.126677e+01,9.865018e+00,8.625531e+00,7.494854e+00,6.432318e+00,5.405697e+00,4.384925e+00,3.361973e+00,2.339347e+00,-3.703520e+00,-3.588499e+00,-3.473990e+00,-3.351470e+00,-3.214078e+00,-3.028264e+00,-2.797445e+00,-2.530285e+00,-2.248138e+00,-1.978689e+00,-1.746544e+00,-1.558360e+00,-1.413038e+00,-1.309929e+00,-1.237542e+00,-1.185226e+00,-1.144415e+00,-1.102875e+00,-1.193475e+01,-1.155982e+01,-1.118498e+01,-1.080839e+01,-1.043695e+01,-1.008249e+01,-9.741942e+00,-9.423664e+00,-9.132559e+00,-8.860408e+00,-8.612629e+00,-8.384330e+00,-8.161765e+00,-7.941613e+00,-7.724541e+00,-7.513505e+00,-7.304479e+00,-7.095125e+00,1.856256e+00,1.732942e+00,1.609826e+00,1.484437e+00,1.352894e+00,1.206248e+00,1.047397e+00,8.815509e-01,7.196789e-01,5.727389e-01,4.528300e-01,3.632559e-01,2.980998e-01,2.567540e-01,2.354350e-01,2.263672e-01,2.203645e-01,2.141203e-01
-1.517807e+00,1.068444e-01,-1.409283e-02,2.005751e+00,1.539062e+00,1.067262e+00,6.745887e-01,3.918287e-01,-1.543590e-01,-7.424529e-01,-9.392741e-01,-6.501297e-01,-2.299871e-01,7.095981e-02,1.737368e-01,-5.817251e-02,-6.409640e-01,-1.304458e+00,-1.848452e+00,-2.280066e+00,-2.719930e+00,2.681242e+01,2.499284e+01,2.317380e+01,2.135265e+01,1.953966e+01,1.769622e+01,1.591656e+01,1.424813e+01,1.273060e+01,1.136024e+01,1.014095e+01,9.049043e+00,8.043060e+00,7.090722e+00,6.166649e+00,5.247685e+00,4.326970e+00,3.406507e+00,-3.267077e+00,-3.160052e+00,-3.053472e+00,-2.939771e+00,-2.812784e+00,-2.643609e+00,-2.435277e+00,-2.194823e+00,-1.940705e+00,-1.697185e+00,-1.486150e+00,-1.313429e+00,-1.176445e+00,-1.074132e+00,-9.967967e-01,-9.358664e-01,-8.845676e-01,-8.326560e-01,-1.213803e+01,-1.174631e+01,-1.135472e+01,-1.096119e+01,-1.057208e+01,-1.019844e+01,-9.837255e+00,-9.496826e+00,-9.182110e+00,-8.885337e+00,-8.612272e+00,-8.358263e+00,-8.109769e+00,-7.863574e+00,-7.620631e+00,-7.384403e+00,-7.150544e+00,-6.916335e+00,1.746643e+00,1.627135e+00,1.507814e+00,1.386330e+00,1.258923e+00,1.117397e+00,9.645359e-01,8.053084e-01,6.502892e-01,5.101107e-01,3.966380e-01,3.133526e-01,2.541814e-01,2.183675e-01,2.022271e-01,1.979498e-01,1.964963e-01,1.948131e-01
-1.520445e+00,9.802359e-02,-5.948426e-03,1.700936e+00,1.276576e+00,8.478042e-01,4.884253e-01,2.248050e-01,-2.500381e-01,-7.498296e-01,-9.070461e-01,-6.433258e-01,-2.816300e-01,-4.978059e-02,2.552691e-02,-1.461771e-01,-5.805892e-01,-1.065986e+00,-1.462331e+00,-1.769008e+00,-2.082120e+00,2.275653e+01,2.149174e+01,2.022683e+01,1.896248e+01,1.769622e+01,1.643710e+01,1.510910e+01,1.381497e+01,1.259170e+01,1.145315e+01,1.041629e+01,9.472006e+00,8.590730e+00,7.748608e+00,6.927098e+00,6.109956e+00,5.291491e+00,4.473206e+00,-2.832205e+00,-2.733061e+00,-2.634294e+00,-2.529295e+00,-2.412599e+00,-2.259953e+00,-2.074007e+00,-1.860177e+00,-1.634019e+00,-1.416374e+00,-1.226408e+00,-1.069116e+00,-9.404424e-01,-8.388986e-01,-7.565898e-01,-6.870207e-01,-6.252092e-01,-5.629014e-01,-1.234031e+01,-1.193186e+01,-1.152354e+01,-1.111312e+01,-1.070638e+01,-1.031358e+01,-9.931805e+00,-9.569260e+00,-9.230970e+00,-8.909610e+00,-8.611296e+00,-8.331616e+00,-8.057236e+00,-7.785044e+00,-7.516276e+00,-7.254903e+00,-6.996257e+00,-6.737241e+00,1.638055e+00,1.522326e+00,1.406775e+00,1.289169e+00,1.165870e+00,1.029435e+00,8.825354e-01,7.298970e-01,5.817005e-01,4.482522e-01,3.411834e-01,2.641516e-01,2.109274e-01,1.806047e-01,1.696001e-01,1.700682e-01,1.731184e-01,1.759508e-01
-1.522166e+00,8.983144e-02,1.517335e-03,1.398770e+00,1.019497e+00,6.365064e-01,3.132747e-01,7.155389e-02,-3.309568e-01,-7.426017e-01,-8.621785e-01,-6.273363e-01,-3.271470e-01,-1.658031e-01,-1.180953e-01,-2.285075e-01,-5.121020e-01,-8.164059e-01,-1.062473e+00,-1.241973e+00,-1.426068e+00,1.913708e+01,1.833180e+01,1.752657e+01,1.672118e+01,1.591656e+01,1.510910e+01,1.427730e+01,1.335407e+01,1.243385e+01,1.153193e+01,1.068267e+01,9.890439e+00,9.138020e+00,8.410024e+00,7.694868e+00,6.983317e+00,6.270877e+00,5.558543e+00,-2.406519e+00,-2.314900e+00,-2.223592e+00,-2.126933e+00,-2.020153e+00,-1.883563e+00,-1.719481e+00,-1.531741e+00,-1.332996e+00,-1.140652e+00,-9.711269e-01,-8.285513e-01,-7.073828e-01,-6.057061e-01,-5.174381e-01,-4.381884e-01,-3.647894e-01,-2.910121e-01,-1.253270e+01,-1.210798e+01,-1.168341e+01,-1.125659e+01,-1.083271e+01,-1.042127e+01,-1.001938e+01,-9.635186e+00,-9.273749e+00,-8.928193e+00,-8.604979e+00,-8.299957e+00,-8.000026e+00,-7.702189e+00,-7.407956e+00,-7.121804e+00,-6.838738e+00,-6.555282e+00,1.535020e+00,1.422978e+00,1.311104e+00,1.197284e+00,1.078008e+00,9.465694e-01,8.055326e-01,6.593767e-01,5.178831e-01,3.910279e-01,2.902013e-01,2.192211e-01,1.716990e-01,1.465796e-01,1.403813e-01,1.452355e-01,1.524188e-01,1.593970e-01
-1.522780e+00,8.224029e-02,7.609294e-03,1.101681e+00,7.739518e-01,4.431914e-01,1.627258e-01,-5.066225e-02,-3.786998e-01,-7.031899e-01,-7.899007e-01,-5.918824e-01,-3.600452e-01,-2.723719e-01,-2.525966e-01,-2.994491e-01,-4.271452e-01,-5.441329e-01,-6.344943e-01,-6.821947e-01,-7.325929e-01,1.598053e+01,1.554741e+01,1.511428e+01,1.468119e+01,1.424813e+01,1.381497e+01,1.335407e+01,1.285303e+01,1.223846e+01,1.158736e+01,1.093526e+01,1.030455e+01,9.689479e+00,9.083703e+00,8.482717e+00,7.884535e+00,7.285912e+00,6.687319e+00,-1.993560e+00,-1.908997e+00,-1.824680e+00,-1.735874e+00,-1.638514e+00,-1.517259e+00,-1.374151e+00,-1.211541e+00,-1.039190e+00,-8.710449e-01,-7.207268e-01,-5.914359e-01,-4.761424e-01,-3.724937e-01,-2.762524e-01,-1.851905e-01,-9.800456e-02,-1.056212e-02,-1.271116e+01,-1.227097e+01,-1.183095e+01,-1.138851e+01,-1.094830e+01,-1.051904e+01,-1.009787e+01,-9.692814e+00,-9.308947e+00,-8.939835e+00,-8.592270e+00,-8.262409e+00,-7.937432e+00,-7.614477e+00,-7.295320e+00,-6.984939e+00,-6.678009e+00,-6.370668e+00,1.438696e+00,1.330156e+00,1.221773e+00,1.111559e+00,9.961451e-01,8.695322e-01,7.341767e-01,5.943117e-01,4.593154e-01,3.388312e-01,2.439968e-01,1.787600e-01,1.365654e-01,1.162009e-01,1.142874e-01,1.229532e-01,1.336749e-01,1.442057e-01
-1.521765e+00,7.511444e-02,1.220475e-02,8.197827e-01,5.474549e-01,2.727331e-01,3.954640e-02,-1.398780e-01,-3.922339e-01,-6.312481e-01,-6.893398e-01,-5.367854e-01,-3.809569e-01,-3.695624e-01,-3.768605e-01,-3.556740e-01,-3.187396e-01,-2.379939e-01,-1.635905e-01,-7.172683e-02,1.943044e-02,1.328369e+01,1.314537e+01,1.300705e+01,1.286872e+01,1.273060e+01,1.259170e+01,1.243385e+01,1.223846e+01,1.198873e+01,1.159827e+01,1.116400e+01,1.071045e+01,1.024810e+01,9.778938e+00,9.306169e+00,8.835324e+00,8.364512e+00,7.893649e+00,-1.605653e+00,-1.527893e+00,-1.450318e+00,-1.369052e+00,-1.280682e+00,-1.173832e+00,-1.050209e+00,-9.107136e-01,-7.622820e-01,-6.154661e-01,-4.810944e-01,-3.614059e-01,-2.479394e-01,-1.379307e-01,-2.904052e-02,7.870249e-02,1.846523e-01,2.907308e-01,-1.286911e+01,-1.241464e+01,-1.196035e+01,-1.150350e+01,-1.104818e+01,-1.060237e+01,-1.016318e+01,-9.738425e+00,-9.333167e+00,-8.941378e+00,-8.570171e+00,-8.216062e+00,-7.866595e+00,-7.519079e+00,-7.175556e+00,-6.841517e+00,-6.511302e+00,-6.180655e+00,1.348326e+00,1.243247e+00,1.138313e+00,1.031664e+00,9.200834e-01,7.982264e-01,6.684343e-01,5.346869e-01,4.059664e-01,2.915921e-01,2.024394e-01,1.425537e-01,1.052107e-01,8.903213e-02,9.074154e-02,1.024876e-01,1.159890e-01,1.293154e-01
-1.518395e+00,6.841596e-02,1.576984e-02,5.607590e-01,3.429307e-01,1.232694e-01,-6.258345e-02,-2.060879e-01,-3.848045e-01,-5.430650e-01,-5.779111e-01,-4.773768e-01,-4.014612e-01,-4.639155e-01,-4.931278e-01,-3.952036e-01,-1.797322e-01,1.143875e-01,3.665466e-01,6.087745e-01,8.524529e-01,1.098683e+01,1.108014e+01,1.117346e+01,1.126677e+01,1.136024e+01,1.145315e+01,1.153193e+01,1.158736e+01,1.159827e+01,1.153941e+01,1.134377e+01,1.109847e+01,1.081475e+01,1.050790e+01,1.018818e+01,9.869493e+00,9.551329e+00,9.233032e+00,-1.251660e+00,-1.180982e+00,-1.110435e+00,-1.036900e+00,-9.575338e-01,-8.644560e-01,-7.588993e-01,-6.402874e-01,-5.127235e-01,-3.833663e-01,-2.601959e-01,-1.444979e-01,-2.655043e-02,9.673163e-02,2.256973e-01,3.578908e-01,4.905560e-01,6.232114e-01,-1.300013e+01,-1.253288e+01,-1.206583e+01,-1.159607e+01,-1.112718e+01,-1.066637e+01,-1.021066e+01,-9.767632e+00,-9.342210e+00,-8.928742e+00,-8.534611e+00,-8.156753e+00,-7.783175e+00,-7.411433e+00,-7.043859e+00,-6.686496e+00,-6.333343e+00,-5.979739e+00,1.261934e+00,1.160591e+00,1.059384e+00,9.565742e-01,8.491000e-01,7.322121e-01,6.081308e-01,4.805781e-01,3.581373e-01,2.497949e-01,1.661353e-01,1.112711e-01,7.832614e-02,6.575796e-02,7.039680e-02,8.443944e-02,9.989878e-02,1.152016e-01
