6.095651e-05,-1.240056e-06,-3.792633e-07,2.558956e-06,3.195390e-06,3.830280e-06,4.342242e-06,4.785625e-06,5.172778e-06,5.588574e-06,5.653996e-06,5.374561e-06,5.212676e-06,5.330117e-06,5.565906e-06,6.222957e-06,7.473252e-06,8.780365e-06,1.014740e-05,1.158789e-05,1.297874e-05,-3.872854e-04,-3.866449e-04,-3.860042e-04,-3.853645e-04,-3.847215e-04,-3.840370e-04,-3.832907e-04,-3.824376e-04,-3.815081e-04,-3.804961e-04,-3.794403e-04,-3.783806e-04,-3.773062e-04,-3.762010e-04,-3.750704e-04,-3.739389e-04,-3.728214e-04,-3.717008e-04,1.029203e-05,1.039811e-05,1.050414e-05,1.059794e-05,1.065623e-05,1.068042e-05,1.064627e-05,1.055626e-05,1.040192e-05,1.016905e-05,9.883165e-06,9.561473e-06,9.243880e-06,8.942818e-06,8.634384e-06,8.314965e-06,8.003499e-06,7.693623e-06,5.067035e-04,4.896604e-04,4.726134e-04,4.555622e-04,4.386064e-04,4.217740e-04,4.051603e-04,3.887394e-04,3.725049e-04,3.563800e-04,3.404591e-04,3.248053e-04,3.093942e-04,2.941382e-04,2.789918e-04,2.639641e-04,2.490077e-04,2.340452e-04,-2.418657e-05,-2.146219e-05,-1.873837e-05,-1.600355e-05,-1.322665e-05,-1.045142e-05,-7.799566e-06,-5.419314e-06,-3.460063e-06,-1.992289e-06,-1.019138e-06,-4.671089e-07,-2.123625e-07,-1.923321e-07,-4.015711e-07,-7.726006e-07,-1.183965e-06,-1.590118e-06
-1.240056e-06,5.704729e-05,1.734464e-07,6.444869e-07,2.309800e-07,-8.128976e-08,-4.537114e-07,-8.398354e-07,-9.879860e-07,-9.489501e-07,-1.039173e-06,-1.215327e-06,-1.644266e-06,-1.910861e-06,-2.015756e-06,-1.576599e-06,-6.975822e-07,7.506630e-07,2.782198e-06,4.858707e-06,6.898411e-06,1.392558e-05,1.361259e-05,1.329987e-05,1.298628e-05,1.267582e-05,1.239732e-05,1.214000e-05,1.189875e-05,1.164494e-05,1.133350e-05,1.096484e-05,1.054263e-05,1.008971e-05,9.607199e-06,9.075888e-06,8.502431e-06,7.919037e-06,7.337514e-06,-3.605509e-04,-3.596646e-04,-3.587746e-04,-3.578550e-04,-3.569426e-04,-3.560246e-04,-3.551321e-04,-3.542791e-04,-3.534780e-04,-3.527323e-04,-3.520865e-04,-3.515132e-04,-3.510016e-04,-3.505577e-04,-3.501550e-04,-3.497611e-04,-3.493636e-04,-3.489637e-04,-2.374562e-05,-2.106490e-05,-1.838449e-05,-1.569686e-05,-1.297923e-05,-1.027049e-05,-7.684896e-06,-5.363516e-06,-3.442344e-06,-1.985381e-06,-9.916969e-07,-3.889095e-07,-5.581320e-08,7.086546e-08,-4.805275e-09,-2.253630e-07,-4.826434e-07,-7.351159e-07,4.229277e-04,4.156093e-04,4.082908e-04,4.008681e-04,3.932202e-04,3.851241e-04,3.764517e-04,3.671008e-04,3.571552e-04,3.467011e-04,3.359664e-04,3.250249e-04,3.139625e-04,3.028835e-04,2.918135e-04,2.807112e-04,2.695690e-04,2.584273e-04
-3.792633e-07,1.734464e-07,1.215932e-05,-1.023038e-04,-1.027296e-04,-1.031191e-04,-1.031437e-04,-1.031336e-04,-1.026158e-04,-1.017980e-04,-1.001032e-04,-9.779347e-05,-9.451297e-05,-9.134908e-05,-8.852050e-05,-8.600299e-05,-8.381962e-05,-8.190923e-05,-8.024913e-05,-7.872434e-05,-7.717258e-05,-4.792122e-06,-3.608422e-06,-2.424605e-06,-1.240972e-06,-5.587291e-08,1.080275e-06,2.138961e-06,3.182334e-06,4.240329e-06,5.276511e-06,6.265895e-06,7.197794e-06,8.087363e-06,8.951844e-06,9.800779e-06,1.065202e-05,1.151028e-05,1.236728e-05,-1.249367e-06,-1.514807e-06,-1.782608e-06,-1.992911e-06,-2.109536e-06,-2.182534e-06,-2.230079e-06,-2.244974e-06,-2.225719e-06,-2.130039e-06,-1.919901e-06,-1.614994e-06,-1.234555e-06,-8.052596e-07,-3.405428e-07,1.486729e-07,6.437856e-07,1.137616e-06,-1.177883e-05,-1.084983e-05,-9.921514e-06,-8.985405e-06,-8.030767e-06,-6.991267e-06,-5.812873e-06,-4.528288e-06,-3.126318e-06,-1.514685e-06,3.710067e-07,2.553853e-06,5.014700e-06,7.688842e-06,1.047979e-05,1.331356e-05,1.615092e-05,1.898699e-05,-3.377235e-07,1.137031e-08,3.654495e-07,6.635266e-07,8.729816e-07,1.046479e-06,1.205174e-06,1.351190e-06,1.495777e-06,1.600171e-06,1.648872e-06,1.695365e-06,1.816225e-06,2.061071e-06,2.438729e-06,2.912699e-06,3.418438e-06,3.921318e-06
2.558956e-06,6.444869e-07,-1.023038e-04,2.280912e-03,1.763055e-03,1.332694e-03,1.037029e-03,8.664373e-04,7.846297e-04,7.598052e-04,7.554070e-04,7.527126e-04,7.408138e-04,7.266755e-04,7.122552e-04,6.991537e-04,6.898104e-04,6.860486e-04,6.876978e-04,6.922208e-04,6.964142e-04,2.471884e-04,2.169679e-04,1.867461e-04,1.565154e-04,1.261725e-04,9.663222e-05,6.878660e-05,4.287216e-05,1.891193e-05,-3.290192e-06,-2.396789e-05,-4.337688e-05,-6.189440e-05,-7.986037e-05,-9.755189e-05,-1.152543e-04,-1.330410e-04,-1.508149e-04,-3.294448e-04,-2.813497e-04,-2.330287e-04,-1.877053e-04,-1.473035e-04,-1.112016e-04,-7.914329e-05,-5.096869e-05,-2.652533e-05,-5.516868e-06,1.238903e-05,2.778861e-05,4.122509e-05,5.332289e-05,6.457907e-05,7.530307e-05,8.582608e-05,9.636888e-05,8.312904e-05,7.718020e-05,7.123742e-05,6.519710e-05,5.896603e-05,5.192031e-05,4.351131e-05,3.390423e-05,2.296291e-05,9.981433e-06,-5.517002e-06,-2.367149e-05,-4.427660e-05,-6.675160e-05,-9.025060e-05,-1.141265e-04,-1.380358e-04,-1.619342e-04,2.351846e-05,1.804982e-05,1.250941e-05,7.747590e-06,4.232698e-06,1.477420e-06,-7.270639e-07,-2.440698e-06,-3.783636e-06,-4.513446e-06,-4.573649e-06,-4.460037e-06,-4.854881e-06,-6.212659e-06,-8.643560e-06,-1.186023e-05,-1.533242e-05,-1.878160e-05
3.195390e-06,2.309800e-07,-1.027296e-04,1.763055e-03,1.521909e-03,1.259777e-03,1.060797e-03,9.290606e-04,8.529535e-04,8.167811e-04,7.967302e-04,7.807863e-04,7.595425e-04,7.394029e-04,7.214553e-04,7.060948e-04,6.945919e-04,6.877112e-04,6.851329e-04,6.848397e-04,6.842494e-04,1.813797e-04,1.570903e-04,1.327988e-04,1.085041e-04,8.410718e-05,6.056412e-05,3.867035e-05,1.825766e-05,-8.464851e-07,-1.870433e-05,-3.543406e-05,-5.119464e-05,-6.628273e-05,-8.096285e-05,-9.542939e-05,-1.099121e-04,-1.244711e-04,-1.390179e-04,-2.039775e-04,-1.716832e-04,-1.392097e-04,-1.091492e-04,-8.302395e-05,-6.002457e-05,-3.980931e-05,-2.225551e-05,-7.209478e-06,5.421473e-06,1.575914e-05,2.423542e-05,3.123534e-05,3.722692e-05,4.256477e-05,4.748097e-05,5.224844e-05,5.703266e-05,9.118599e-05,8.463766e-05,7.809545e-05,7.146278e-05,6.465081e-05,5.702673e-05,4.805570e-05,3.796052e-05,2.663217e-05,1.334204e-05,-2.405401e-06,-2.076468e-05,-4.154329e-05,-6.417143e-05,-8.781333e-05,-1.118282e-04,-1.358752e-04,-1.599114e-04,1.814758e-05,1.349112e-05,8.769430e-06,4.757603e-06,1.878789e-06,-3.781314e-07,-2.229584e-06,-3.728119e-06,-4.993774e-06,-5.756771e-06,-5.935156e-06,-6.007201e-06,-6.639373e-06,-8.271010e-06,-1.099820e-05,-1.452447e-05,-1.831204e-05,-2.207611e-05
3.830280e-06,-8.128976e-08,-1.031191e-04,1.332694e-03,1.259777e-03,1.194167e-03,1.083550e-03,9.922698e-04,9.209864e-04,8.734360e-04,8.376332e-04,8.084902e-04,7.779727e-04,7.518978e-04,7.304710e-04,7.128813e-04,6.992198e-04,6.891789e-04,6.822933e-04,6.770847e-04,6.716128e-04,1.144167e-04,9.618512e-05,7.795067e-05,5.971886e-05,4.139454e-05,2.397515e-05,8.155850e-06,-6.639746e-06,-2.078209e-05,-3.420006e-05,-4.689541e-05,-5.892830e-05,-7.051234e-05,-8.183487e-05,-9.300587e-05,-1.041981e-04,-1.154585e-04,-1.267073e-04,-7.584697e-05,-5.969097e-05,-4.340266e-05,-2.894390e-05,-1.742958e-05,-7.855617e-06,2.082783e-07,6.849788e-06,1.222620e-05,1.622737e-05,1.876385e-05,2.010013e-05,2.045976e-05,2.015091e-05,1.938218e-05,1.830598e-05,1.713498e-05,1.597758e-05,9.912795e-05,9.199250e-05,8.486321e-05,7.765033e-05,7.026929e-05,6.207841e-05,5.255699e-05,4.198568e-05,3.028272e-05,1.669713e-05,7.147688e-07,-1.783435e-05,-3.877073e-05,-6.153573e-05,-8.530418e-05,-1.094417e-04,-1.336104e-04,-1.577682e-04,1.332243e-05,9.495279e-06,5.609503e-06,2.364400e-06,1.365313e-07,-1.610339e-06,-3.100892e-06,-4.380650e-06,-5.569542e-06,-6.370374e-06,-6.675135e-06,-6.943775e-06,-7.826038e-06,-9.745273e-06,-1.278287e-05,-1.663306e-05,-2.075052e-05,-2.484395e-05
4.342242e-06,-4.537114e-07,-1.031437e-04,1.037029e-03,1.060797e-03,1.083550e-03,1.099073e-03,1.045566e-03,9.850899e-04,9.276484e-04,8.769793e-04,8.342163e-04,7.937184e-04,7.610883e-04,7.357694e-04,7.157981e-04,7.002201e-04,6.878174e-04,6.779100e-04,6.693016e-04,6.604493e-04,5.982224e-05,4.642276e-05,3.301976e-05,1.962463e-05,6.146843e-06,-6.374926e-06,-1.731286e-05,-2.761050e-05,-3.780859e-05,-4.769910e-05,-5.717910e-05,-6.623285e-05,-7.501577e-05,-8.365647e-05,-9.219924e-05,-1.007719e-04,-1.094080e-04,-1.180327e-04,1.112729e-05,1.564962e-05,2.026026e-05,2.356695e-05,2.478954e-05,2.506243e-05,2.487050e-05,2.425139e-05,2.334614e-05,2.184336e-05,1.945961e-05,1.633286e-05,1.256823e-05,8.357856e-06,3.809296e-06,-9.762764e-07,-5.822570e-06,-1.065720e-05,1.053209e-04,9.772295e-05,9.013115e-05,8.246184e-05,7.463440e-05,6.600046e-05,5.605044e-05,4.511611e-05,3.313954e-05,1.934964e-05,3.217185e-06,-1.543954e-05,-3.645118e-05,-5.926926e-05,-8.307913e-05,-1.072533e-04,-1.314575e-04,-1.556508e-04,8.529640e-06,5.393921e-06,2.205939e-06,-4.057498e-07,-2.103141e-06,-3.437727e-06,-4.637999e-06,-5.741291e-06,-6.865211e-06,-7.686547e-06,-8.073892e-06,-8.472439e-06,-9.518357e-06,-1.162272e-05,-1.485693e-05,-1.891001e-05,-2.323338e-05,-2.753244e-05
4.785625e-06,-8.398354e-07,-1.031336e-04,8.664373e-04,9.290606e-04,9.922698e-04,1.045566e-03,1.083597e-03,1.040568e-03,9.837088e-04,9.209043e-04,8.648070e-04,8.130270e-04,7.723692e-04,7.418817e-04,7.187164e-04,7.011029e-04,6.870729e-04,6.755701e-04,6.652783e-04,6.547419e-04,4.717550e-06,-3.717301e-06,-1.215582e-05,-2.058385e-05,-2.908020e-05,-3.665126e-05,-4.276933e-05,-4.870120e-05,-5.511030e-05,-6.160474e-05,-6.795567e-05,-7.407409e-05,-8.007112e-05,-8.603064e-05,-9.194912e-05,-9.791763e-05,-1.039498e-04,-1.099704e-04,4.254108e-05,4.141331e-05,4.033798e-05,3.839380e-05,3.508227e-05,3.155927e-05,2.830110e-05,2.528249e-05,2.260428e-05,1.974125e-05,1.622638e-05,1.213399e-05,7.521369e-06,2.531686e-06,-2.767360e-06,-8.288632e-06,-1.386095e-05,-1.942196e-05,1.109111e-04,1.028564e-04,9.480788e-05,8.668713e-05,7.841526e-05,6.934984e-05,5.899677e-05,4.773235e-05,3.551577e-05,2.154977e-05,5.287718e-06,-1.346329e-05,-3.454199e-05,-5.740802e-05,-8.125458e-05,-1.054599e-04,-1.296942e-04,-1.539177e-04,4.713963e-06,2.029515e-06,-7.019850e-07,-2.910533e-06,-4.291587e-06,-5.397256e-06,-6.452388e-06,-7.485759e-06,-8.610301e-06,-9.475320e-06,-9.927265e-06,-1.040432e-05,-1.153764e-05,-1.373392e-05,-1.706150e-05,-2.120838e-05,-2.562605e-05,-3.001937e-05
5.172778e-06,-9.879860e-07,-1.026158e-04,7.846297e-04,8.529535e-04,9.209864e-04,9.850899e-04,1.040568e-03,1.076309e-03,1.030731e-03,9.679192e-04,9.013612e-04,8.383125e-04,7.874991e-04,7.488510e-04,7.192038e-04,6.965253e-04,6.784193e-04,6.635204e-04,6.500845e-04,6.363836e-04,-1.786048e-05,-2.456230e-05,-3.126728e-05,-3.796246e-05,-4.470731e-05,-5.064509e-05,-5.535190e-05,-6.031516e-05,-6.626289e-05,-7.257063e-05,-7.885699e-05,-8.496345e-05,-9.098606e-05,-9.699881e-05,-1.029938e-04,-1.090572e-04,-1.151893e-04,-1.213092e-04,4.587482e-05,4.320597e-05,4.056604e-05,3.734543e-05,3.323368e-05,2.927546e-05,2.588307e-05,2.298080e-05,2.062811e-05,1.808345e-05,1.471883e-05,1.061606e-05,5.868073e-06,6.444249e-07,-4.966441e-06,-1.084883e-05,-1.680235e-05,-2.274316e-05,1.151517e-04,1.067560e-04,9.836622e-05,8.990835e-05,8.130326e-05,7.193072e-05,6.131434e-05,4.985900e-05,3.753328e-05,2.351015e-05,7.224700e-06,-1.152537e-05,-3.258292e-05,-5.541317e-05,-7.921488e-05,-1.033704e-04,-1.275537e-04,-1.517264e-04,3.646406e-06,1.110366e-06,-1.469095e-06,-3.563465e-06,-4.893153e-06,-5.991808e-06,-7.074345e-06,-8.164511e-06,-9.370702e-06,-1.031622e-05,-1.082801e-05,-1.134382e-05,-1.249653e-05,-1.469491e-05,-1.801039e-05,-2.213597e-05,-2.652890e-05,-3.089778e-05
5.588574e-06,-9.489501e-07,-1.017980e-04,7.598052e-04,8.167811e-04,8.734360e-04,9.276484e-04,9.837088e-04,1.030731e-03,1.062375e-03,1.012087e-03,9.474617e-04,8.757120e-04,8.137430e-04,7.631369e-04,7.218056e-04,6.883407e-04,6.605942e-04,6.372752e-04,6.160401e-04,5.945017e-04,1.572282e-05,4.817760e-06,-6.089639e-06,-1.698975e-05,-2.792123e-05,-3.821818e-05,-4.758931e-05,-5.756422e-05,-6.882311e-05,-8.046049e-05,-9.191286e-05,-1.029644e-04,-1.137495e-04,-1.243967e-04,-1.349707e-04,-1.456140e-04,-1.563356e-04,-1.670440e-04,3.505954e-05,3.365231e-05,3.226122e-05,3.044792e-05,2.800176e-05,2.576214e-05,2.401370e-05,2.260576e-05,2.152506e-05,1.979598e-05,1.664309e-05,1.223248e-05,6.789188e-06,5.933249e-07,-6.182745e-06,-1.334781e-05,-2.063748e-05,-2.791122e-05,1.189157e-04,1.102937e-04,1.016775e-04,9.299608e-05,8.416905e-05,7.460773e-05,6.385839e-05,5.232986e-05,3.998538e-05,2.596337e-05,9.678565e-06,-9.078330e-06,-3.014706e-05,-5.299146e-05,-7.680788e-05,-1.009762e-04,-1.251713e-04,-1.493562e-04,5.184638e-06,2.493730e-06,-2.383784e-07,-2.509155e-06,-4.055715e-06,-5.381238e-06,-6.684297e-06,-7.981381e-06,-9.372582e-06,-1.045420e-05,-1.103512e-05,-1.156090e-05,-1.267574e-05,-1.479893e-05,-1.801161e-05,-2.201755e-05,-2.628368e-05,-3.052635e-05
5.653996e-06,-1.039173e-06,-1.001032e-04,7.554070e-04,7.967302e-04,8.376332e-04,8.769793e-04,9.209043e-04,9.679192e-04,1.012087e-03,1.040783e-03,9.913403e-04,9.242215e-04,8.541177e-04,7.901154e-04,7.320091e-04,6.807705e-04,6.355181e-04,5.958324e-04,5.589095e-04,5.216499e-04,5.608693e-05,3.870608e-05,2.132362e-05,3.945803e-06,-1.345010e-05,-3.036177e-05,-4.660732e-05,-6.356298e-05,-8.177971e-05,-1.000836e-04,-1.177237e-04,-1.344488e-04,-1.504836e-04,-1.660791e-04,-1.814580e-04,-1.968853e-04,-2.123989e-04,-2.278989e-04,2.921379e-05,2.933084e-05,2.945885e-05,2.922374e-05,2.842436e-05,2.766322e-05,2.707393e-05,2.641649e-05,2.558988e-05,2.338845e-05,1.889226e-05,1.241032e-05,4.381380e-06,-4.740100e-06,-1.466253e-05,-2.510093e-05,-3.572569e-05,-4.633105e-05,1.183192e-04,1.097897e-04,1.012657e-04,9.267866e-05,8.394756e-05,7.451572e-05,6.395242e-05,5.264347e-05,4.053888e-05,2.675216e-05,1.068163e-05,-7.885309e-06,-2.878013e-05,-5.146116e-05,-7.511803e-05,-9.912525e-05,-1.231587e-04,-1.471822e-04,6.145522e-06,3.176204e-06,1.671393e-07,-2.395567e-06,-4.256595e-06,-5.881712e-06,-7.449226e-06,-8.964927e-06,-1.051717e-05,-1.167803e-05,-1.223960e-05,-1.265982e-05,-1.360015e-05,-1.549570e-05,-1.844082e-05,-2.215486e-05,-2.611875e-05,-3.006006e-05
5.374561e-06,-1.215327e-06,-9.779347e-05,7.527126e-04,7.807863e-04,8.084902e-04,8.342163e-04,8.648070e-04,9.013612e-04,9.474617e-04,9.913403e-04,1.025117e-03,9.765796e-04,9.115591e-04,8.362077e-04,7.585568e-04,6.831583e-04,6.121914e-04,5.471698e-04,4.853395e-04,4.231651e-04,7.444119e-05,5.087447e-05,2.730667e-05,3.741255e-06,-1.983450e-05,-4.302691e-05,-6.570730e-05,-8.895516e-05,-1.130829e-04,-1.366980e-04,-1.588803e-04,-1.793529e-04,-1.984596e-04,-2.166390e-04,-2.343623e-04,-2.520842e-04,-2.698937e-04,-2.876904e-04,3.985224e-05,4.033336e-05,4.082521e-05,4.093661e-05,4.037653e-05,3.947727e-05,3.819515e-05,3.617610e-05,3.319718e-05,2.790706e-05,1.930077e-05,7.891931e-06,-5.584488e-06,-2.044340e-05,-3.626186e-05,-5.267311e-05,-6.931507e-05,-8.593545e-05,1.134245e-04,1.053179e-04,9.721665e-05,8.905390e-05,8.074891e-05,7.177191e-05,6.170950e-05,5.090539e-05,3.928331e-05,2.594542e-05,1.028020e-05,-7.926404e-06,-2.849470e-05,-5.087256e-05,-7.423576e-05,-9.794921e-05,-1.216889e-04,-1.454189e-04,6.494252e-06,3.173949e-06,-1.851525e-07,-3.105927e-06,-5.329151e-06,-7.277557e-06,-9.105331e-06,-1.080294e-05,-1.244093e-05,-1.357879e-05,-1.399957e-05,-1.417933e-05,-1.480422e-05,-1.633057e-05,-1.886690e-05,-2.214877e-05,-2.567031e-05,-2.917014e-05
5.212676e-06,-1.644266e-06,-9.451297e-05,7.408138e-04,7.595425e-04,7.779727e-04,7.937184e-04,8.130270e-04,8.383125e-04,8.757120e-04,9.242215e-04,9.765796e-04,1.012874e-03,9.661449e-04,8.931075e-04,7.997330e-04,6.998927e-04,5.994468e-04,5.034779e-04,4.103673e-04,3.169724e-04,7.642032e-05,4.824799e-05,2.007493e-05,-8.097343e-06,-3.627619e-05,-6.412938e-05,-9.153393e-05,-1.192469e-04,-1.473040e-04,-1.741683e-04,-1.987333e-04,-2.206334e-04,-2.402987e-04,-2.583913e-04,-2.756941e-04,-2.928977e-04,-3.101744e-04,-3.274411e-04,5.902220e-05,5.751730e-05,5.602487e-05,5.411135e-05,5.138056e-05,4.794649e-05,4.363403e-05,3.801721e-05,3.078243e-05,2.057169e-05,6.338489e-06,-1.121772e-05,-3.105936e-05,-5.229730e-05,-7.443689e-05,-9.710135e-05,-1.199829e-04,-1.428448e-04,1.083176e-04,1.007449e-04,9.317707e-05,8.554972e-05,7.778450e-05,6.937752e-05,5.993158e-05,4.974435e-05,3.871040e-05,2.594038e-05,1.081662e-05,-6.883174e-06,-2.697416e-05,-4.889585e-05,-7.181063e-05,-9.507507e-05,-1.183659e-04,-1.416470e-04,3.997641e-06,5.294247e-07,-2.976587e-06,-6.052483e-06,-8.433642e-06,-1.050156e-05,-1.238973e-05,-1.407761e-05,-1.562085e-05,-1.658690e-05,-1.675614e-05,-1.661627e-05,-1.687286e-05,-1.799771e-05,-2.010632e-05,-2.294532e-05,-2.601711e-05,-2.906772e-05
5.330117e-06,-1.910861e-06,-9.134908e-05,7.266755e-04,7.394029e-04,7.518978e-04,7.610883e-04,7.723692e-04,7.874991e-04,8.137430e-04,8.541177e-04,9.115591e-04,9.661449e-04,1.004725e-03,9.499301e-04,8.589997e-04,7.437014e-04,6.188505e-04,4.936554e-04,3.697232e-04,2.456544e-04,5.689857e-05,2.820977e-05,-4.796253e-07,-2.916899e-05,-5.786416e-05,-8.624425e-05,-1.141347e-04,-1.419721e-04,-1.695216e-04,-1.951859e-04,-2.177198e-04,-2.366326e-04,-2.523504e-04,-2.657595e-04,-2.779720e-04,-2.899261e-04,-3.019137e-04,-3.138970e-04,7.693780e-05,7.057038e-05,6.421750e-05,5.740729e-05,4.967216e-05,4.101911e-05,3.125022e-05,1.997298e-05,6.882991e-06,-9.211034e-06,-2.925774e-05,-5.242705e-05,-7.746929e-05,-1.033995e-04,-1.297798e-04,-1.563634e-04,-1.830445e-04,-2.097148e-04,1.052694e-04,9.820522e-05,9.114569e-05,8.402863e-05,7.677999e-05,6.891531e-05,6.004599e-05,5.042383e-05,3.991441e-05,2.764787e-05,1.300704e-05,-4.241505e-06,-2.391793e-05,-4.545360e-05,-6.799532e-05,-9.089026e-05,-1.138126e-04,-1.367249e-04,1.016735e-06,-2.279029e-06,-5.611725e-06,-8.522004e-06,-1.074194e-05,-1.262550e-05,-1.429848e-05,-1.574226e-05,-1.700984e-05,-1.769751e-05,-1.760007e-05,-1.720893e-05,-1.723688e-05,-1.815861e-05,-2.008186e-05,-2.274848e-05,-2.565226e-05,-2.853439e-05
5.565906e-06,-2.015756e-06,-8.852050e-05,7.122552e-04,7.214553e-04,7.304710e-04,7.357694e-04,7.418817e-04,7.488510e-04,7.631369e-04,7.901154e-04,8.362077e-04,8.931075e-04,9.499301e-04,9.827010e-04,9.160745e-04,8.117626e-04,6.818023e-04,5.441571e-04,4.044894e-04,2.649917e-04,3.154177e-06,-1.853304e-05,-4.022088e-05,-6.190869e-05,-8.360387e-05,-1.049526e-04,-1.256829e-04,-1.459310e-04,-1.652313e-04,-1.820189e-04,-1.950204e-04,-2.036608e-04,-2.082418e-04,-2.098224e-04,-2.098038e-04,-2.093249e-04,-2.088132e-04,-2.083062e-04,8.934764e-05,7.756602e-05,6.580065e-05,5.355441e-05,4.032442e-05,2.611139e-05,1.078900e-05,-5.914759e-06,-2.420869e-05,-4.498901e-05,-6.895601e-05,-9.515089e-05,-1.221823e-04,-1.490467e-04,-1.754664e-04,-2.014827e-04,-2.273552e-04,-2.532337e-04,1.034012e-04,9.679132e-05,9.018585e-05,8.352488e-05,7.673958e-05,6.935749e-05,6.099096e-05,5.184863e-05,4.177116e-05,2.991799e-05,1.568652e-05,-1.160181e-06,-2.046113e-05,-4.164427e-05,-6.384311e-05,-8.640055e-05,-1.089873e-04,-1.315632e-04,-2.295019e-06,-5.139282e-06,-8.019741e-06,-1.048511e-05,-1.226620e-05,-1.370249e-05,-1.492304e-05,-1.592125e-05,-1.675755e-05,-1.707156e-05,-1.669065e-05,-1.610892e-05,-1.603870e-05,-1.694955e-05,-1.892968e-05,-2.169775e-05,-2.472045e-05,-2.771991e-05
6.222957e-06,-1.576599e-06,-8.600299e-05,6.991537e-04,7.060948e-04,7.128813e-04,7.157981e-04,7.187164e-04,7.192038e-04,7.218056e-04,7.320091e-04,7.585568e-04,7.997330e-04,8.589997e-04,9.160745e-04,9.507287e-04,8.894210e-04,7.934770e-04,6.767645e-04,5.541225e-04,4.318649e-04,-9.933424e-05,-1.041792e-04,-1.090250e-04,-1.138701e-04,-1.187259e-04,-1.231649e-04,-1.267785e-04,-1.294141e-04,-1.304159e-04,-1.283216e-04,-1.219052e-04,-1.105432e-04,-9.442857e-05,-7.474220e-05,-5.310523e-05,-3.077799e-05,-8.328149e-06,1.410565e-05,8.786230e-05,7.343842e-05,5.903170e-05,4.413961e-05,2.825974e-05,1.147640e-05,-6.182343e-06,-2.479385e-05,-4.439600e-05,-6.549979e-05,-8.845663e-05,-1.122109e-04,-1.352949e-04,-1.567226e-04,-1.764018e-04,-1.948078e-04,-2.127151e-04,-2.306520e-04,1.052198e-04,9.895188e-05,9.268819e-05,8.637112e-05,7.993844e-05,7.292241e-05,6.492898e-05,5.612368e-05,4.632501e-05,3.472648e-05,2.074830e-05,4.156637e-06,-1.490153e-05,-3.585301e-05,-5.782242e-05,-8.015636e-05,-1.025221e-04,-1.248756e-04,-2.925533e-06,-5.109700e-06,-7.329373e-06,-9.142509e-06,-1.028173e-05,-1.108592e-05,-1.169897e-05,-1.213660e-05,-1.247614e-05,-1.241113e-05,-1.181261e-05,-1.117247e-05,-1.119347e-05,-1.233403e-05,-1.465909e-05,-1.784669e-05,-2.131903e-05,-2.476546e-05
7.473252e-06,-6.975822e-07,-8.381962e-05,6.898104e-04,6.945919e-04,6.992198e-04,7.002201e-04,7.011029e-04,6.965253e-04,6.883407e-04,6.807705e-04,6.831583e-04,6.998927e-04,7.437014e-04,8.117626e-04,8.894210e-04,9.555045e-04,9.355415e-04,8.898696e-04,8.305579e-04,7.726258e-04,-2.418207e-04,-2.219627e-04,-2.021058e-04,-1.822468e-04,-1.624033e-04,-1.420422e-04,-1.205923e-04,-9.762667e-05,-7.233726e-05,-4.340224e-05,-9.674574e-06,2.952650e-05,7.412232e-05,1.228250e-04,1.738342e-04,2.258155e-04,2.780279e-04,3.302107e-04,6.591527e-05,5.394298e-05,4.198749e-05,2.957064e-05,1.624209e-05,2.265826e-06,-1.208913e-05,-2.662785e-05,-4.113687e-05,-5.567409e-05,-7.017468e-05,-8.355856e-05,-9.438418e-05,-1.017585e-04,-1.057787e-04,-1.074646e-04,-1.082176e-04,-1.090293e-04,1.124710e-04,1.063132e-04,1.001593e-04,9.395434e-05,8.764403e-05,8.075931e-05,7.289456e-05,6.417312e-05,5.439424e-05,4.278587e-05,2.879358e-05,1.218768e-05,-6.896130e-06,-2.788197e-05,-4.988747e-05,-7.226710e-05,-9.468125e-05,-1.170815e-04,-1.319324e-06,-2.674780e-06,-4.065029e-06,-5.059465e-06,-5.397808e-06,-5.433106e-06,-5.336837e-06,-5.158317e-06,-5.002919e-06,-4.626424e-06,-3.951046e-06,-3.456410e-06,-3.821115e-06,-5.481558e-06,-8.478796e-06,-1.243632e-05,-1.671786e-05,-2.097001e-05
8.780365e-06,7.506630e-07,-8.190923e-05,6.860486e-04,6.877112e-04,6.891789e-04,6.878174e-04,6.870729e-04,6.784193e-04,6.605942e-04,6.355181e-04,6.121914e-04,5.994468e-04,6.188505e-04,6.818023e-04,7.934770e-04,9.355415e-04,1.084327e-03,1.160329e-03,1.224842e-03,1.289163e-03,-3.952621e-04,-3.476255e-04,-2.999905e-04,-2.523514e-04,-2.047331e-04,-1.564793e-04,-1.068445e-04,-5.515058e-05,-4.757589e-07,5.834051e-05,1.223617e-04,1.923637e-04,2.684419e-04,3.492448e-04,4.328282e-04,5.177870e-04,6.031020e-04,6.883715e-04,1.670921e-05,1.282915e-05,8.964015e-06,4.700245e-06,-2.834848e-07,-5.430274e-06,-1.012776e-05,-1.381299e-05,-1.592259e-05,-1.598663e-05,-1.346105e-05,-7.308547e-06,3.795646e-06,2.055455e-05,4.252360e-05,6.802504e-05,9.494519e-05,1.217730e-04,1.205949e-04,1.145030e-04,1.084149e-04,1.022784e-04,9.604810e-05,8.924995e-05,8.146310e-05,7.277077e-05,6.295601e-05,5.128002e-05,3.721151e-05,2.052011e-05,1.324042e-06,-1.980152e-05,-4.196872e-05,-6.453690e-05,-8.714418e-05,-1.097355e-04,3.669808e-06,3.297776e-06,2.891766e-06,2.866928e-06,3.467126e-06,4.308542e-06,5.178396e-06,5.981014e-06,6.570841e-06,7.120914e-06,7.650708e-06,7.700717e-06,6.627312e-06,4.028558e-06,-9.188978e-08,-5.287720e-06,-1.085299e-05,-1.638477e-05
1.014740e-05,2.782198e-06,-8.024913e-05,6.876978e-04,6.851329e-04,6.822933e-04,6.779100e-04,6.755701e-04,6.635204e-04,6.372752e-04,5.958324e-04,5.471698e-04,5.034779e-04,4.936554e-04,5.441571e-04,6.767645e-04,8.898696e-04,1.160329e-03,1.455693e-03,1.701846e-03,1.956120e-03,-5.378321e-04,-4.634363e-04,-3.890425e-04,-3.146424e-04,-2.402680e-04,-1.651382e-04,-8.833814e-05,-8.976357e-06,7.393795e-05,1.613830e-04,2.543299e-04,3.536713e-04,4.597295e-04,5.711549e-04,6.859254e-04,8.025987e-04,9.197696e-04,1.036877e-03,-5.594066e-05,-4.764505e-05,-3.933759e-05,-3.133320e-05,-2.375486e-05,-1.566418e-05,-6.029275e-06,6.152053e-06,2.186678e-05,4.216232e-05,6.810111e-05,1.006389e-04,1.409260e-04,1.894188e-04,2.452113e-04,3.058577e-04,3.684530e-04,4.309180e-04,1.298276e-04,1.237041e-04,1.175844e-04,1.114194e-04,1.051725e-04,9.836316e-05,9.055380e-05,8.179111e-05,7.184562e-05,6.001104e-05,4.577795e-05,2.891257e-05,9.509967e-06,-1.186142e-05,-3.431312e-05,-5.721018e-05,-8.015279e-05,-1.030770e-04,1.258540e-05,1.325342e-05,1.388836e-05,1.488626e-05,1.646552e-05,1.819786e-05,1.981847e-05,2.117531e-05,2.207361e-05,2.260977e-05,2.274146e-05,2.203368e-05,1.988429e-05,1.593365e-05,1.024591e-05,3.352251e-06,-3.961691e-06,-1.123746e-05
1.158789e-05,4.858707e-06,-7.872434e-05,6.922208e-04,6.848397e-04,6.770847e-04,6.693016e-04,6.652783e-04,6.500845e-04,6.160401e-04,5.589095e-04,4.853395e-04,4.103673e-04,3.697232e-04,4.044894e-04,5.541225e-04,8.305579e-04,1.224842e-03,1.701846e-03,2.238024e-03,2.754006e-03,-6.672936e-04,-5.678779e-04,-4.684645e-04,-3.690426e-04,-2.696508e-04,-1.693886e-04,-6.718209e-05,3.804119e-05,1.473044e-04,2.613753e-04,3.811085e-04,5.075014e-04,6.411111e-04,7.806237e-04,9.239747e-04,1.069723e-03,1.216115e-03,1.362425e-03,-1.379155e-04,-1.158786e-04,-9.383350e-05,-7.198110e-05,-5.021190e-05,-2.716812e-05,-1.368911e-06,2.865353e-05,6.433737e-05,1.073261e-04,1.592155e-04,2.208696e-04,2.932443e-04,3.765358e-04,4.693513e-04,5.684343e-04,6.700417e-04,7.714786e-04,1.398904e-04,1.336894e-04,1.274920e-04,1.212526e-04,1.149436e-04,1.080786e-04,1.002043e-04,9.133559e-05,8.123527e-05,6.923208e-05,5.484088e-05,3.782578e-05,1.825757e-05,-3.305564e-06,-2.597773e-05,-4.913413e-05,-7.234210e-05,-9.552918e-05,2.124778e-05,2.308690e-05,2.489383e-05,2.704456e-05,2.972870e-05,3.246920e-05,3.494648e-05,3.694966e-05,3.823184e-05,3.881133e-05,3.858240e-05,3.713522e-05,3.391048e-05,2.859174e-05,2.130611e-05,1.267423e-05,3.566521e-06,-5.498002e-06
1.297874e-05,6.898411e-06,-7.717258e-05,6.964142e-04,6.842494e-04,6.716128e-04,6.604493e-04,6.547419e-04,6.363836e-04,5.945017e-04,5.216499e-04,4.231651e-04,3.169724e-04,2.456544e-04,2.649917e-04,4.318649e-04,7.726258e-04,1.289163e-03,1.956120e-03,2.754006e-03,3.640159e-03,-7.969760e-04,-6.724823e-04,-5.479914e-04,-4.234896e-04,-2.990226e-04,-1.735699e-04,-4.589882e-05,8.524601e-05,2.209220e-04,3.616874e-04,5.082813e-04,6.618056e-04,8.230509e-04,9.907369e-04,1.162754e-03,1.337661e-03,1.513356e-03,1.688950e-03,-2.190652e-04,-1.834065e-04,-1.477431e-04,-1.121629e-04,-7.632606e-05,-3.845804e-05,3.368807e-06,5.108593e-05,1.065807e-04,1.720912e-04,2.497460e-04,3.403182e-04,4.445711e-04,5.624425e-04,6.920555e-04,8.293459e-04,9.697359e-04,1.109916e-03,1.494647e-04,1.432115e-04,1.369618e-04,1.306733e-04,1.243278e-04,1.174325e-04,1.095194e-04,1.005712e-04,9.034284e-05,7.819857e-05,6.367753e-05,4.654173e-05,2.683778e-05,5.113726e-06,-1.774711e-05,-4.113014e-05,-6.457026e-05,-8.798703e-05,2.962025e-05,3.263603e-05,3.562054e-05,3.892977e-05,4.272480e-05,4.648053e-05,4.982316e-05,5.248348e-05,5.416294e-05,5.480193e-05,5.423137e-05,5.206651e-05,4.779069e-05,4.113044e-05,3.227539e-05,2.193504e-05,1.106378e-05,2.406414e-07
-3.872854e-04,1.392558e-05,-4.792122e-06,2.471884e-04,1.813797e-04,1.144167e-04,5.982224e-05,4.717550e-06,-1.786048e-05,1.572282e-05,5.608693e-05,7.444119e-05,7.642032e-05,5.689857e-05,3.154177e-06,-9.933424e-05,-2.418207e-04,-3.952621e-04,-5.378321e-04,-6.672936e-04,-7.969760e-04,5.964739e-03,5.482985e-03,5.009743e-03,4.553503e-03,4.122872e-03,3.723566e-03,3.359679e-03,3.030607e-03,2.733803e-03,2.464416e-03,2.217402e-03,1.987374e-03,1.768825e-03,1.557872e-03,1.351235e-03,1.145963e-03,9.406666e-04,7.353470e-04,-6.079199e-04,-5.641280e-04,-5.203358e-04,-4.758770e-04,-4.284578e-04,-3.777977e-04,-3.255480e-04,-2.742591e-04,-2.262922e-04,-1.829678e-04,-1.451726e-04,-1.129909e-04,-8.678651e-05,-6.611970e-05,-4.935929e-05,-3.497418e-05,-2.189349e-05,-8.762907e-06,-2.899156e-03,-2.818217e-03,-2.737238e-03,-2.656403e-03,-2.576903e-03,-2.499329e-03,-2.424702e-03,-2.352856e-03,-2.283617e-03,-2.216245e-03,-2.151080e-03,-2.088233e-03,-2.027273e-03,-1.967511e-03,-1.908554e-03,-1.850300e-03,-1.792421e-03,-1.734512e-03,2.309450e-04,2.086932e-04,1.864444e-04,1.640616e-04,1.410253e-04,1.175567e-04,9.469149e-05,7.367965e-05,5.575181e-05,4.153055e-05,3.112386e-05,2.401224e-05,1.935857e-05,1.668133e-05,1.575193e-05,1.599371e-05,1.658965e-05,1.714553e-05
-3.866449e-04,1.361259e-05,-3.608422e-06,2.169679e-04,1.570903e-04,9.618512e-05,4.642276e-05,-3.717301e-06,-2.456230e-05,4.817760e-06,3.870608e-05,5.087447e-05,4.824799e-05,2.820977e-05,-1.853304e-05,-1.041792e-04,-2.219627e-04,-3.476255e-04,-4.634363e-04,-5.678779e-04,-6.724823e-04,5.482985e-03,5.093776e-03,4.702291e-03,4.319912e-03,3.954459e-03,3.612130e-03,3.297396e-03,3.010501e-03,2.749852e-03,2.511633e-03,2.291859e-03,2.086209e-03,1.890131e-03,1.700377e-03,1.514211e-03,1.329192e-03,1.144160e-03,9.591069e-04,-5.543359e-04,-5.138235e-04,-4.733110e-04,-4.321919e-04,-3.884046e-04,-3.417038e-04,-2.935781e-04,-2.463530e-04,-2.021772e-04,-1.621866e-04,-1.271140e-04,-9.699740e-05,-7.211415e-05,-5.205624e-05,-3.539047e-05,-2.078999e-05,-7.329392e-06,6.173490e-06,-2.926384e-03,-2.841732e-03,-2.757040e-03,-2.672477e-03,-2.589177e-03,-2.507700e-03,-2.429036e-03,-2.353032e-03,-2.279533e-03,-2.207815e-03,-2.138243e-03,-2.070958e-03,-2.005554e-03,-1.941346e-03,-1.877944e-03,-1.815263e-03,-1.752972e-03,-1.690649e-03,2.247540e-04,2.030332e-04,1.813156e-04,1.594684e-04,1.370059e-04,1.141560e-04,9.193042e-05,7.155036e-05,5.422139e-05,4.054061e-05,3.059696e-05,2.387409e-05,1.953719e-05,1.711374e-05,1.640246e-05,1.684651e-05,1.763202e-05,1.837833e-05
-3.860042e-04,1.329987e-05,-2.424605e-06,1.867461e-04,1.327988e-04,7.795067e-05,3.301976e-05,-1.215582e-05,-3.126728e-05,-6.089639e-06,2.132362e-05,2.730667e-05,2.007493e-05,-4.796253e-07,-4.022088e-05,-1.090250e-04,-2.021058e-04,-2.999905e-04,-3.890425e-04,-4.684645e-04,-5.479914e-04,5.009743e-03,4.702291e-03,4.395453e-03,4.086161e-03,3.786092e-03,3.500683e-03,3.235118e-03,2.990394e-03,2.765901e-03,2.558849e-03,2.366314e-03,2.185043e-03,2.011436e-03,1.842879e-03,1.677183e-03,1.512417e-03,1.347650e-03,1.182863e-03,-5.007499e-04,-4.635174e-04,-4.262850e-04,-3.885060e-04,-3.483508e-04,-3.056096e-04,-2.616084e-04,-2.184472e-04,-1.780628e-04,-1.414064e-04,-1.090566e-04,-8.100534e-05,-5.744348e-05,-3.799474e-05,-2.142387e-05,-6.608278e-06,7.231960e-06,2.110688e-05,-2.953611e-03,-2.865244e-03,-2.776840e-03,-2.688548e-03,-2.601450e-03,-2.516070e-03,-2.433368e-03,-2.353206e-03,-2.275447e-03,-2.199384e-03,-2.125405e-03,-2.053682e-03,-1.983834e-03,-1.915179e-03,-1.847333e-03,-1.780226e-03,-1.713522e-03,-1.646786e-03,2.185648e-04,1.973749e-04,1.761886e-04,1.548771e-04,1.329883e-04,1.107572e-04,8.917109e-05,6.942278e-05,5.269265e-05,3.955231e-05,3.007166e-05,2.373748e-05,1.971730e-05,1.754759e-05,1.705438e-05,1.770066e-05,1.867568e-05,1.961237e-05
-3.853645e-04,1.298628e-05,-1.240972e-06,1.565154e-04,1.085041e-04,5.971886e-05,1.962463e-05,-2.058385e-05,-3.796246e-05,-1.698975e-05,3.945803e-06,3.741255e-06,-8.097343e-06,-2.916899e-05,-6.190869e-05,-1.138701e-04,-1.822468e-04,-2.523514e-04,-3.146424e-04,-3.690426e-04,-4.234896e-04,4.553503e-03,4.319912e-03,4.086161e-03,3.853055e-03,3.617544e-03,3.389279e-03,3.172825e-03,2.970290e-03,2.781952e-03,2.606070e-03,2.440776e-03,2.283883e-03,2.132750e-03,1.985391e-03,1.840167e-03,1.695656e-03,1.551155e-03,1.406634e-03,-4.471886e-04,-4.132329e-04,-3.792774e-04,-3.448353e-04,-3.083094e-04,-2.695249e-04,-2.296454e-04,-1.905457e-04,-1.539503e-04,-1.206257e-04,-9.099660e-05,-6.500861e-05,-4.276617e-05,-2.392465e-05,-7.446778e-06,7.585831e-06,2.180760e-05,3.605646e-05,-2.980845e-03,-2.888764e-03,-2.796648e-03,-2.704627e-03,-2.613729e-03,-2.524446e-03,-2.437707e-03,-2.353387e-03,-2.271367e-03,-2.190958e-03,-2.112572e-03,-2.036411e-03,-1.962119e-03,-1.889017e-03,-1.816726e-03,-1.745192e-03,-1.674076e-03,-1.602926e-03,2.123695e-04,1.917107e-04,1.710555e-04,1.502796e-04,1.289646e-04,1.073523e-04,8.640582e-05,6.728937e-05,5.115820e-05,3.855846e-05,2.954099e-05,2.359573e-05,1.989248e-05,1.797675e-05,1.770183e-05,1.855058e-05,1.971536e-05,2.084266e-05
-3.847215e-04,1.267582e-05,-5.587291e-08,1.261725e-04,8.410718e-05,4.139454e-05,6.146843e-06,-2.908020e-05,-4.470731e-05,-2.792123e-05,-1.345010e-05,-1.983450e-05,-3.627619e-05,-5.786416e-05,-8.360387e-05,-1.187259e-04,-1.624033e-04,-2.047331e-04,-2.402680e-04,-2.696508e-04,-2.990226e-04,4.122872e-03,3.954459e-03,3.786092e-03,3.617544e-03,3.449692e-03,3.277726e-03,3.110596e-03,2.950181e-03,2.798002e-03,2.653278e-03,2.515218e-03,2.382697e-03,2.254029e-03,2.127862e-03,2.003102e-03,1.878839e-03,1.754597e-03,1.630337e-03,-3.936509e-04,-3.629710e-04,-3.322915e-04,-3.011853e-04,-2.682877e-04,-2.334591e-04,-1.977005e-04,-1.626615e-04,-1.298547e-04,-9.986175e-05,-7.295330e-05,-4.902885e-05,-2.810624e-05,-9.872519e-06,6.511688e-06,2.176057e-05,3.636310e-05,5.098511e-05,-3.008055e-03,-2.912261e-03,-2.816433e-03,-2.720683e-03,-2.625986e-03,-2.532800e-03,-2.442024e-03,-2.353546e-03,-2.267267e-03,-2.182513e-03,-2.099719e-03,-2.019121e-03,-1.940386e-03,-1.862839e-03,-1.786103e-03,-1.710143e-03,-1.634616e-03,-1.559052e-03,2.061976e-04,1.860693e-04,1.659449e-04,1.457043e-04,1.249626e-04,1.039687e-04,8.366128e-05,6.517616e-05,4.964341e-05,3.758369e-05,2.902880e-05,2.347184e-05,2.008491e-05,1.842256e-05,1.836536e-05,1.941600e-05,2.076996e-05,2.208731e-05
-3.840370e-04,1.239732e-05,1.080275e-06,9.663222e-05,6.056412e-05,2.397515e-05,-6.374926e-06,-3.665126e-05,-5.064509e-05,-3.821818e-05,-3.036177e-05,-4.302691e-05,-6.412938e-05,-8.624425e-05,-1.049526e-04,-1.231649e-04,-1.420422e-04,-1.564793e-04,-1.651382e-04,-1.693886e-04,-1.735699e-04,3.723566e-03,3.612130e-03,3.500683e-03,3.389279e-03,3.277726e-03,3.165431e-03,3.047033e-03,2.929191e-03,2.813326e-03,2.699976e-03,2.589335e-03,2.481367e-03,2.375339e-03,2.270535e-03,2.166407e-03,2.062558e-03,1.958741e-03,1.854908e-03,-3.411162e-04,-3.136558e-04,-2.861959e-04,-2.583700e-04,-2.290422e-04,-1.981100e-04,-1.664123e-04,-1.353728e-04,-1.062917e-04,-7.956613e-05,-5.531327e-05,-3.338618e-05,-1.371590e-05,3.978989e-06,2.033976e-05,3.587595e-05,5.093079e-05,6.599751e-05,-3.034833e-03,-2.935349e-03,-2.835832e-03,-2.736377e-03,-2.637905e-03,-2.540840e-03,-2.446048e-03,-2.353433e-03,-2.262913e-03,-2.173833e-03,-2.086650e-03,-2.001633e-03,-1.918472e-03,-1.836498e-03,-1.755337e-03,-1.674970e-03,-1.595049e-03,-1.515091e-03,2.003067e-04,1.807018e-04,1.611010e-04,1.413886e-04,1.212130e-04,1.008300e-04,8.115394e-05,6.329182e-05,4.834849e-05,3.681934e-05,2.871738e-05,2.353871e-05,2.045753e-05,1.903726e-05,1.918575e-05,2.042572e-05,2.195607e-05,2.345069e-05
-3.832907e-04,1.214000e-05,2.138961e-06,6.878660e-05,3.867035e-05,8.155850e-06,-1.731286e-05,-4.276933e-05,-5.535190e-05,-4.758931e-05,-4.660732e-05,-6.570730e-05,-9.153393e-05,-1.141347e-04,-1.256829e-04,-1.267785e-04,-1.205923e-04,-1.068445e-04,-8.833814e-05,-6.718209e-05,-4.589882e-05,3.359679e-03,3.297396e-03,3.235118e-03,3.172825e-03,3.110596e-03,3.047033e-03,2.981142e-03,2.905658e-03,2.826918e-03,2.745437e-03,2.662763e-03,2.579854e-03,2.496961e-03,2.414002e-03,2.330983e-03,2.248023e-03,2.165106e-03,2.082174e-03,-2.910576e-04,-2.666958e-04,-2.423344e-04,-2.176667e-04,-1.917755e-04,-1.645919e-04,-1.367946e-04,-1.095823e-04,-8.404352e-05,-6.039313e-05,-3.859761e-05,-1.846392e-05,1.635337e-07,1.753408e-05,3.409012e-05,5.013504e-05,6.586511e-05,8.159940e-05,-3.060872e-03,-2.957746e-03,-2.854588e-03,-2.751476e-03,-2.649277e-03,-2.548378e-03,-2.449616e-03,-2.352903e-03,-2.258177e-03,-2.164803e-03,-2.073263e-03,-1.983856e-03,-1.896299e-03,-1.809927e-03,-1.724369e-03,-1.639623e-03,-1.555337e-03,-1.471013e-03,1.946760e-04,1.755889e-04,1.565060e-04,1.373163e-04,1.177002e-04,9.791951e-05,7.886440e-05,6.161325e-05,4.724572e-05,3.623250e-05,2.856839e-05,2.375228e-05,2.096011e-05,1.976396e-05,2.009892e-05,2.150807e-05,2.319430e-05,2.484571e-05
-3.824376e-04,1.189875e-05,3.182334e-06,4.287216e-05,1.825766e-05,-6.639746e-06,-2.761050e-05,-4.870120e-05,-6.031516e-05,-5.756422e-05,-6.356298e-05,-8.895516e-05,-1.192469e-04,-1.419721e-04,-1.459310e-04,-1.294141e-04,-9.762667e-05,-5.515058e-05,-8.976357e-06,3.804119e-05,8.524601e-05,3.030607e-03,3.010501e-03,2.990394e-03,2.970290e-03,2.950181e-03,2.929191e-03,2.905658e-03,2.877070e-03,2.835980e-03,2.787899e-03,2.734387e-03,2.677769e-03,2.619194e-03,2.559245e-03,2.498486e-03,2.437561e-03,2.376692e-03,2.315808e-03,-2.447199e-04,-2.233393e-04,-2.019588e-04,-1.803284e-04,-1.577327e-04,-1.341297e-04,-1.100374e-04,-8.642891e-05,-6.418084e-05,-4.332678e-05,-2.368637e-05,-5.022550e-06,1.290488e-05,3.031043e-05,4.743430e-05,6.436907e-05,8.115986e-05,9.794700e-05,-3.085795e-03,-2.979094e-03,-2.872363e-03,-2.765662e-03,-2.659803e-03,-2.555137e-03,-2.452464e-03,-2.351707e-03,-2.252820e-03,-2.155190e-03,-2.059322e-03,-1.965550e-03,-1.873618e-03,-1.782865e-03,-1.692926e-03,-1.603814e-03,-1.515179e-03,-1.426502e-03,1.892175e-04,1.706567e-04,1.521004e-04,1.334416e-04,1.143904e-04,9.521431e-05,7.677909e-05,6.013432e-05,4.633441e-05,3.582568e-05,2.858540e-05,2.411556e-05,2.159414e-05,2.060214e-05,2.110208e-05,2.265791e-05,2.447703e-05,2.626227e-05
-3.815081e-04,1.164494e-05,4.240329e-06,1.891193e-05,-8.464851e-07,-2.078209e-05,-3.780859e-05,-5.511030e-05,-6.626289e-05,-6.882311e-05,-8.177971e-05,-1.130829e-04,-1.473040e-04,-1.695216e-04,-1.652313e-04,-1.304159e-04,-7.233726e-05,-4.757589e-07,7.393795e-05,1.473044e-04,2.209220e-04,2.733803e-03,2.749852e-03,2.765901e-03,2.781952e-03,2.798002e-03,2.813326e-03,2.826918e-03,2.835980e-03,2.837960e-03,2.824676e-03,2.802716e-03,2.774437e-03,2.742256e-03,2.707345e-03,2.670859e-03,2.633975e-03,2.597159e-03,2.560329e-03,-2.025140e-04,-1.840823e-04,-1.656506e-04,-1.470199e-04,-1.276567e-04,-1.075344e-04,-8.700531e-05,-6.681174e-05,-4.761295e-05,-2.926200e-05,-1.143912e-05,6.132374e-06,2.377256e-05,4.165557e-05,5.981317e-05,7.811899e-05,9.645926e-05,1.147877e-04,-3.109852e-03,-2.999640e-03,-2.889401e-03,-2.779174e-03,-2.669721e-03,-2.561350e-03,-2.454823e-03,-2.350069e-03,-2.247058e-03,-2.145198e-03,-2.045019e-03,-1.946889e-03,-1.850581e-03,-1.755441e-03,-1.661112e-03,-1.567625e-03,-1.474628e-03,-1.381589e-03,1.836475e-04,1.656383e-04,1.476337e-04,1.295304e-04,1.110656e-04,9.251125e-05,7.470881e-05,5.867842e-05,4.544867e-05,3.544175e-05,2.861850e-05,2.448461e-05,2.222068e-05,2.141716e-05,2.206451e-05,2.374821e-05,2.568072e-05,2.758036e-05
-3.804961e-04,1.133350e-05,5.276511e-06,-3.290192e-06,-1.870433e-05,-3.420006e-05,-4.769910e-05,-6.160474e-05,-7.257063e-05,-8.046049e-05,-1.000836e-04,-1.366980e-04,-1.741683e-04,-1.951859e-04,-1.820189e-04,-1.283216e-04,-4.340224e-05,5.834051e-05,1.613830e-04,2.613753e-04,3.616874e-04,2.464416e-03,2.511633e-03,2.558849e-03,2.606070e-03,2.653278e-03,2.699976e-03,2.745437e-03,2.787899e-03,2.824676e-03,2.852575e-03,2.864528e-03,2.867933e-03,2.865157e-03,2.858329e-03,2.849117e-03,2.839269e-03,2.829502e-03,2.819724e-03,-1.636800e-04,-1.482808e-04,-1.328813e-04,-1.173283e-04,-1.012502e-04,-8.462370e-05,-6.762890e-05,-5.077028e-05,-3.448322e-05,-1.843860e-05,-2.185924e-06,1.458726e-05,3.227692e-05,5.101178e-05,7.060805e-05,9.071022e-05,1.110354e-04,1.313400e-04,-3.132993e-03,-3.019341e-03,-2.905662e-03,-2.791980e-03,-2.679001e-03,-2.566993e-03,-2.456674e-03,-2.347977e-03,-2.240887e-03,-2.134828e-03,-2.030357e-03,-1.927878e-03,-1.827195e-03,-1.727663e-03,-1.628933e-03,-1.531060e-03,-1.433690e-03,-1.336276e-03,1.775738e-04,1.601531e-04,1.427370e-04,1.252257e-04,1.073810e-04,8.947868e-05,7.233537e-05,5.694124e-05,4.429831e-05,3.480475e-05,2.840619e-05,2.461227e-05,2.260632e-05,2.198839e-05,2.277730e-05,2.458110e-05,2.661824e-05,2.862358e-05
