4.928925e-05,-1.623288e-06,3.982088e-08,-3.051816e-06,-1.924365e-06,-7.914182e-07,-1.342861e-08,4.994285e-07,8.787133e-07,9.843576e-07,1.556586e-06,2.775505e-06,3.407568e-06,2.744820e-06,8.284737e-07,-4.750746e-08,8.045390e-07,1.966039e-06,4.653196e-06,7.487522e-06,1.029613e-05,-3.089153e-04,-3.094569e-04,-3.099989e-04,-3.105396e-04,-3.110860e-04,-3.116115e-04,-3.119505e-04,-3.120646e-04,-3.118477e-04,-3.111519e-04,-3.100371e-04,-3.085771e-04,-3.067565e-04,-3.046800e-04,-3.024591e-04,-3.003019e-04,-2.981554e-04,-2.960060e-04,1.026980e-05,1.103394e-05,1.179808e-05,1.252968e-05,1.320189e-05,1.376572e-05,1.426522e-05,1.463644e-05,1.483860e-05,1.490095e-05,1.483174e-05,1.457817e-05,1.413416e-05,1.354729e-05,1.280382e-05,1.196517e-05,1.112361e-05,1.028134e-05,4.276271e-04,4.132568e-04,3.988937e-04,3.844384e-04,3.699816e-04,3.557150e-04,3.415264e-04,3.276298e-04,3.141441e-04,3.008679e-04,2.880077e-04,2.754967e-04,2.630206e-04,2.505553e-04,2.381923e-04,2.261274e-04,2.141878e-04,2.022346e-04,-3.595455e-05,-3.281254e-05,-2.967353e-05,-2.649744e-05,-2.320651e-05,-1.967876e-05,-1.597337e-05,-1.218431e-05,-8.553403e-06,-5.340626e-06,-2.839140e-06,-1.149912e-06,-9.758261e-08,3.416402e-07,2.577706e-07,-1.191215e-07,-5.414946e-07,-9.588465e-07
-1.623288e-06,4.557505e-05,3.757980e-07,-1.484568e-06,-1.731741e-06,-1.892140e-06,-1.366887e-06,-2.097091e-06,-3.501743e-06,-5.461340e-06,-6.170665e-06,-6.285751e-06,-5.174759e-06,-3.954480e-06,-2.608706e-06,-2.123535e-06,-2.954098e-06,-3.844609e-06,-4.853475e-06,-6.698631e-06,-8.589781e-06,2.904053e-05,2.723498e-05,2.542909e-05,2.362520e-05,2.181460e-05,2.002665e-05,1.836656e-05,1.682848e-05,1.538458e-05,1.402709e-05,1.274416e-05,1.143301e-05,1.002865e-05,8.525152e-06,6.902396e-06,5.197668e-06,3.487464e-06,1.779306e-06,-2.931088e-04,-2.918536e-04,-2.906002e-04,-2.892426e-04,-2.878253e-04,-2.864551e-04,-2.851295e-04,-2.839704e-04,-2.830967e-04,-2.826148e-04,-2.824886e-04,-2.824836e-04,-2.824307e-04,-2.823130e-04,-2.821030e-04,-2.817917e-04,-2.813932e-04,-2.809917e-04,-3.490571e-05,-3.190102e-05,-2.889885e-05,-2.586417e-05,-2.273027e-05,-1.939346e-05,-1.588658e-05,-1.227140e-05,-8.763402e-06,-5.604116e-06,-3.062807e-06,-1.236651e-06,2.790837e-08,7.395714e-07,9.685786e-07,9.108113e-07,8.018062e-07,6.979993e-07,3.063224e-04,3.066631e-04,3.070256e-04,3.071052e-04,3.067942e-04,3.059356e-04,3.040590e-04,3.010715e-04,2.968505e-04,2.913615e-04,2.848872e-04,2.774369e-04,2.691046e-04,2.604044e-04,2.514692e-04,2.422785e-04,2.329536e-04,2.236380e-04
3.982088e-08,3.757980e-07,9.848484e-06,-7.851388e-05,-8.081929e-05,-8.325629e-05,-8.413595e-05,-8.411573e-05,-8.440864e-05,-8.317829e-05,-8.197316e-05,-8.096756e-05,-7.898588e-05,-7.830111e-05,-7.763480e-05,-7.474615e-05,-7.106646e-05,-6.701852e-05,-6.323612e-05,-5.933234e-05,-5.540075e-05,-9.489548e-06,-7.821181e-06,-6.152733e-06,-4.483985e-06,-2.812272e-06,-1.150134e-06,3.735979e-07,1.617218e-06,2.555600e-06,3.283643e-06,3.894750e-06,4.354622e-06,4.661828e-06,4.863234e-06,5.007432e-06,5.180022e-06,5.358490e-06,5.535376e-06,-4.165098e-06,-4.795114e-06,-5.431541e-06,-5.950478e-06,-6.205217e-06,-6.107189e-06,-5.747468e-06,-5.205183e-06,-4.488516e-06,-3.539731e-06,-2.385478e-06,-1.123108e-06,1.971127e-07,1.536543e-06,2.888331e-06,4.242162e-06,5.577151e-06,6.911176e-06,-4.283477e-06,-4.452634e-06,-4.622312e-06,-4.778097e-06,-4.891051e-06,-4.927881e-06,-4.740869e-06,-4.136289e-06,-3.032408e-06,-1.505208e-06,3.934166e-07,2.756040e-06,5.654690e-06,8.989511e-06,1.253391e-05,1.611661e-05,1.968998e-05,2.326436e-05,-2.065567e-06,-9.242261e-07,2.259292e-07,1.280358e-06,2.051874e-06,2.498214e-06,2.726471e-06,2.868280e-06,2.948740e-06,2.977925e-06,3.001264e-06,3.163018e-06,3.542959e-06,4.215314e-06,5.182977e-06,6.329092e-06,7.525347e-06,8.716923e-06
-3.051816e-06,-1.484568e-06,-7.851388e-05,3.731054e-03,2.490884e-03,1.466761e-03,7.801104e-04,4.516850e-04,3.811779e-04,4.167159e-04,4.848455e-04,5.551612e-04,5.935424e-04,6.085586e-04,6.015295e-04,5.705118e-04,5.421229e-04,5.331713e-04,5.483034e-04,5.718904e-04,5.945399e-04,6.589797e-04,5.969990e-04,5.350201e-04,4.730030e-04,4.107837e-04,3.483659e-04,2.864922e-04,2.256637e-04,1.679430e-04,1.148988e-04,6.797188e-05,2.741886e-05,-8.227476e-06,-4.104995e-05,-7.276535e-05,-1.049718e-04,-1.373628e-04,-1.697227e-04,-1.432378e-03,-1.227480e-03,-1.022071e-03,-8.232030e-04,-6.426710e-04,-4.839873e-04,-3.466217e-04,-2.311149e-04,-1.358491e-04,-5.939235e-05,3.354036e-07,4.697684e-05,8.468390e-05,1.171947e-04,1.465631e-04,1.739893e-04,2.007611e-04,2.275936e-04,-1.380673e-05,-8.472376e-06,-3.136901e-06,1.911677e-06,6.289492e-06,9.674781e-06,1.106636e-05,9.138344e-06,3.057188e-06,-6.848604e-06,-2.042641e-05,-3.835451e-05,-6.093900e-05,-8.710773e-05,-1.149012e-04,-1.428747e-04,-1.707048e-04,-1.985437e-04,6.292159e-05,4.306195e-05,2.306551e-05,4.369427e-06,-1.028912e-05,-2.040197e-05,-2.680410e-05,-3.037675e-05,-3.154571e-05,-3.064698e-05,-2.824496e-05,-2.578202e-05,-2.427622e-05,-2.460182e-05,-2.695324e-05,-3.048170e-05,-3.429660e-05,-3.808030e-05
-1.924365e-06,-1.731741e-06,-8.081929e-05,2.490884e-03,1.933389e-03,1.325734e-03,8.775533e-04,6.287668e-04,5.464198e-04,5.367904e-04,5.622004e-04,6.007577e-04,6.207935e-04,6.301389e-04,6.245862e-04,5.951832e-04,5.633931e-04,5.422760e-04,5.376583e-04,5.383462e-04,5.383244e-04,5.287586e-04,4.753879e-04,4.220186e-04,3.686186e-04,3.150572e-04,2.613377e-04,2.087236e-04,1.584683e-04,1.121051e-04,7.023192e-05,3.336879e-05,1.583151e-06,-2.623184e-05,-5.170461e-05,-7.617839e-05,-1.010404e-04,-1.260444e-04,-1.510225e-04,-9.219113e-04,-7.811876e-04,-6.400520e-04,-5.041393e-04,-3.829165e-04,-2.791362e-04,-1.915867e-04,-1.197636e-04,-6.229419e-05,-1.817192e-05,1.425912e-05,3.772709e-05,5.513963e-05,6.908693e-05,8.092481e-05,9.147347e-05,1.016402e-04,1.118501e-04,3.083488e-06,7.508500e-06,1.193551e-05,1.612220e-05,1.972204e-05,2.242897e-05,2.309970e-05,2.022108e-05,1.299520e-05,1.883179e-06,-1.283587e-05,-3.185093e-05,-5.555524e-05,-8.293025e-05,-1.120070e-04,-1.413154e-04,-1.704997e-04,-1.996929e-04,5.249930e-05,3.528893e-05,1.795406e-05,1.823744e-06,-1.057639e-05,-1.877376e-05,-2.371896e-05,-2.647279e-05,-2.742789e-05,-2.687026e-05,-2.532910e-05,-2.418236e-05,-2.433390e-05,-2.657089e-05,-3.102271e-05,-3.678019e-05,-4.287467e-05,-4.893473e-05
-7.914182e-07,-1.892140e-06,-8.325629e-05,1.466761e-03,1.325734e-03,1.204109e-03,9.742132e-04,8.092876e-04,7.130197e-04,6.581395e-04,6.405659e-04,6.473711e-04,6.490794e-04,6.528068e-04,6.487826e-04,6.209868e-04,5.856967e-04,5.521846e-04,5.274826e-04,5.048897e-04,4.818176e-04,3.969247e-04,3.523062e-04,3.076887e-04,2.630482e-04,2.182875e-04,1.734089e-04,1.301958e-04,9.065358e-05,5.577789e-05,2.519040e-05,-1.515006e-06,-2.445777e-05,-4.437727e-05,-6.244148e-05,-7.961566e-05,-9.707418e-05,-1.146316e-04,-1.321685e-04,-4.050099e-04,-3.293044e-04,-2.532883e-04,-1.811709e-04,-1.200548e-04,-7.191574e-05,-3.485614e-05,-7.317927e-06,1.182449e-05,2.314941e-05,2.788536e-05,2.783503e-05,2.464688e-05,1.974850e-05,1.378844e-05,7.201528e-06,5.093305e-07,-6.157347e-06,1.949008e-05,2.308414e-05,2.668106e-05,3.008137e-05,3.297401e-05,3.506725e-05,3.507279e-05,3.128714e-05,2.294771e-05,1.064984e-05,-5.199334e-06,-2.530005e-05,-5.013333e-05,-7.873285e-05,-1.091167e-04,-1.397861e-04,-1.703513e-04,-2.009256e-04,4.175350e-05,2.732472e-05,1.278402e-05,-6.516676e-07,-1.067277e-05,-1.684581e-05,-2.024073e-05,-2.210105e-05,-2.278619e-05,-2.253117e-05,-2.182833e-05,-2.199023e-05,-2.380421e-05,-2.796757e-05,-3.454245e-05,-4.255645e-05,-5.095964e-05,-5.932507e-05
-1.342861e-08,-1.366887e-06,-8.413595e-05,7.801104e-04,8.775533e-04,9.742132e-04,1.050554e-03,9.583099e-04,8.612011e-04,7.645206e-04,7.062359e-04,6.815581e-04,6.648561e-04,6.624431e-04,6.593545e-04,6.332236e-04,5.955498e-04,5.523996e-04,5.116964e-04,4.704643e-04,4.289455e-04,2.891630e-04,2.513165e-04,2.134709e-04,1.756074e-04,1.376629e-04,9.964085e-05,6.386488e-05,3.310613e-05,7.931412e-06,-1.294709e-05,-3.079791e-05,-4.596056e-05,-5.890161e-05,-7.040964e-05,-8.112911e-05,-9.204624e-05,-1.030261e-04,-1.139900e-04,1.582610e-05,3.821023e-05,6.081718e-05,8.049045e-05,9.213354e-05,9.435797e-05,8.971190e-05,8.073485e-05,6.834169e-05,5.273864e-05,3.478905e-05,1.552878e-05,-4.447876e-06,-2.468212e-05,-4.511198e-05,-6.562064e-05,-8.600700e-05,-1.063825e-04,2.819265e-05,3.155188e-05,3.491434e-05,3.810564e-05,4.083948e-05,4.283758e-05,4.269128e-05,3.853877e-05,2.965345e-05,1.674869e-05,3.450379e-07,-2.024723e-05,-4.556310e-05,-7.468649e-05,-1.056482e-04,-1.369418e-04,-1.681500e-04,-1.993672e-04,3.355133e-05,2.194581e-05,1.024035e-05,-4.525009e-07,-8.045676e-06,-1.214207e-05,-1.391978e-05,-1.477627e-05,-1.503754e-05,-1.488803e-05,-1.477423e-05,-1.593358e-05,-1.903982e-05,-2.469432e-05,-3.289703e-05,-4.263411e-05,-5.280012e-05,-6.292596e-05
4.994285e-07,-2.097091e-06,-8.411573e-05,4.516850e-04,6.287668e-04,8.092876e-04,9.583099e-04,1.059013e-03,9.744626e-04,8.621879e-04,7.689934e-04,7.131578e-04,6.752984e-04,6.642379e-04,6.599600e-04,6.349939e-04,5.973829e-04,5.511728e-04,5.044103e-04,4.558392e-04,4.070790e-04,2.153503e-04,1.814015e-04,1.474537e-04,1.134913e-04,7.948249e-05,4.543035e-05,1.418559e-05,-1.073382e-05,-2.892520e-05,-4.242625e-05,-5.321473e-05,-6.186419e-05,-6.876421e-05,-7.449818e-05,-7.952497e-05,-8.471243e-05,-8.994391e-05,-9.516197e-05,2.287885e-04,2.219896e-04,2.153430e-04,2.065306e-04,1.920719e-04,1.707253e-04,1.453120e-04,1.189487e-04,9.224133e-05,6.496897e-05,3.762504e-05,1.081373e-05,-1.547686e-05,-4.131799e-05,-6.694179e-05,-9.238184e-05,-1.175904e-04,-1.427953e-04,3.362094e-05,3.680249e-05,3.998747e-05,4.302227e-05,4.564164e-05,4.758361e-05,4.735161e-05,4.296409e-05,3.371546e-05,2.041900e-05,3.688950e-06,-1.714652e-05,-4.264669e-05,-7.193085e-05,-1.030535e-04,-1.345204e-04,-1.659104e-04,-1.973093e-04,2.149479e-05,1.169394e-05,1.803082e-06,-7.150871e-06,-1.327747e-05,-1.616096e-05,-1.700976e-05,-1.730137e-05,-1.731088e-05,-1.716496e-05,-1.727303e-05,-1.883171e-05,-2.245072e-05,-2.868926e-05,-3.752115e-05,-4.791930e-05,-5.876055e-05,-6.956092e-05
8.787133e-07,-3.501743e-06,-8.440864e-05,3.811779e-04,5.464198e-04,7.130197e-04,8.612011e-04,9.744626e-04,1.059176e-03,9.591301e-04,8.545145e-04,7.645540e-04,6.974480e-04,6.705022e-04,6.609188e-04,6.371824e-04,6.049653e-04,5.655820e-04,5.247748e-04,4.813294e-04,4.377611e-04,4.548030e-05,2.605553e-05,6.631459e-06,-1.280332e-05,-3.226098e-05,-5.172472e-05,-6.818025e-05,-7.787528e-05,-8.059760e-05,-7.904783e-05,-7.583067e-05,-7.154728e-05,-6.638201e-05,-6.061510e-05,-5.443901e-05,-4.846354e-05,-4.251636e-05,-3.655845e-05,2.709990e-04,2.542430e-04,2.375838e-04,2.193877e-04,1.974732e-04,1.707159e-04,1.418100e-04,1.139009e-04,8.719472e-05,6.100344e-05,3.548653e-05,1.117628e-05,-1.217370e-05,-3.480069e-05,-5.702564e-05,-7.894222e-05,-1.005595e-04,-1.221773e-04,3.882477e-05,4.155894e-05,4.429683e-05,4.690192e-05,4.912615e-05,5.071509e-05,5.013183e-05,4.534831e-05,3.568274e-05,2.204596e-05,5.136800e-06,-1.573200e-05,-4.116216e-05,-7.031361e-05,-1.012696e-04,-1.325687e-04,-1.637971e-04,-1.950343e-04,7.325530e-06,-1.371744e-06,-1.015176e-05,-1.804819e-05,-2.331872e-05,-2.553164e-05,-2.587297e-05,-2.582714e-05,-2.561003e-05,-2.528371e-05,-2.523472e-05,-2.667116e-05,-3.018593e-05,-3.634417e-05,-4.511967e-05,-5.548056e-05,-6.629355e-05,-7.706518e-05
9.843576e-07,-5.461340e-06,-8.317829e-05,4.167159e-04,5.367904e-04,6.581395e-04,7.645206e-04,8.621879e-04,9.591301e-04,1.029293e-03,9.316360e-04,8.237573e-04,7.225090e-04,6.727052e-04,6.516699e-04,6.264401e-04,6.001214e-04,5.707084e-04,5.402728e-04,5.067540e-04,4.731562e-04,-1.465026e-04,-1.479640e-04,-1.494253e-04,-1.508932e-04,-1.523756e-04,-1.538190e-04,-1.522866e-04,-1.441968e-04,-1.294779e-04,-1.114500e-04,-9.329360e-05,-7.545806e-05,-5.780162e-05,-4.026312e-05,-2.272036e-05,-5.452045e-06,1.180088e-05,2.906188e-05,2.417759e-04,2.255990e-04,2.094842e-04,1.922399e-04,1.724945e-04,1.492148e-04,1.247982e-04,1.020561e-04,8.087259e-05,6.017870e-05,3.992073e-05,2.083771e-05,2.688146e-06,-1.471654e-05,-3.168439e-05,-4.831378e-05,-6.461129e-05,-8.091127e-05,4.158805e-05,4.374014e-05,4.589621e-05,4.793145e-05,4.961136e-05,5.068083e-05,4.962045e-05,4.444880e-05,3.451730e-05,2.082923e-05,4.160363e-06,-1.619820e-05,-4.089476e-05,-6.914867e-05,-9.911539e-05,-1.294079e-04,-1.596355e-04,-1.898715e-04,-8.742997e-06,-1.684485e-05,-2.502421e-05,-3.235991e-05,-3.722240e-05,-3.917493e-05,-3.933741e-05,-3.912573e-05,-3.870281e-05,-3.807086e-05,-3.760479e-05,-3.853689e-05,-4.146239e-05,-4.697153e-05,-5.505165e-05,-6.469251e-05,-7.478052e-05,-8.482782e-05
1.556586e-06,-6.170665e-06,-8.197316e-05,4.848455e-04,5.622004e-04,6.405659e-04,7.062359e-04,7.689934e-04,8.545145e-04,9.316360e-04,9.924419e-04,8.840741e-04,7.660469e-04,6.887935e-04,6.492993e-04,6.146963e-04,5.867028e-04,5.605594e-04,5.354606e-04,5.077240e-04,4.798795e-04,-2.187980e-04,-2.122241e-04,-2.056504e-04,-1.990810e-04,-1.925266e-04,-1.859042e-04,-1.767064e-04,-1.619237e-04,-1.413783e-04,-1.186193e-04,-9.706568e-05,-7.676913e-05,-5.724233e-05,-3.826715e-05,-1.954398e-05,-1.168517e-06,1.718868e-05,3.555378e-05,1.876554e-04,1.786272e-04,1.696488e-04,1.596955e-04,1.476974e-04,1.325760e-04,1.160488e-04,1.001435e-04,8.459021e-05,6.818598e-05,5.088129e-05,3.390528e-05,1.729561e-05,1.109528e-06,-1.485819e-05,-3.062272e-05,-4.609641e-05,-6.156966e-05,4.793552e-05,4.930890e-05,5.068652e-05,5.194705e-05,5.286380e-05,5.318123e-05,5.145327e-05,4.581034e-05,3.560025e-05,2.186241e-05,5.407619e-06,-1.451858e-05,-3.861297e-05,-6.613362e-05,-9.529126e-05,-1.247497e-04,-1.541406e-04,-1.835400e-04,-1.299891e-05,-2.135304e-05,-2.978210e-05,-3.739014e-05,-4.260525e-05,-4.498474e-05,-4.553912e-05,-4.555624e-05,-4.518016e-05,-4.439069e-05,-4.356978e-05,-4.400100e-05,-4.631011e-05,-5.111954e-05,-5.843389e-05,-6.726956e-05,-7.653970e-05,-8.577013e-05
2.775505e-06,-6.285751e-06,-8.096756e-05,5.551612e-04,6.007577e-04,6.473711e-04,6.815581e-04,7.131578e-04,7.645540e-04,8.237573e-04,8.840741e-04,9.318879e-04,8.152258e-04,7.260350e-04,6.630767e-04,6.106756e-04,5.694904e-04,5.345888e-04,5.044051e-04,4.731900e-04,4.417439e-04,-1.387343e-04,-1.373897e-04,-1.360457e-04,-1.347047e-04,-1.333823e-04,-1.319803e-04,-1.287058e-04,-1.214635e-04,-1.102169e-04,-9.809077e-05,-8.803845e-05,-7.935011e-05,-7.117722e-05,-6.339324e-05,-5.580012e-05,-4.859650e-05,-4.143530e-05,-3.426280e-05,1.265000e-04,1.263548e-04,1.262582e-04,1.252185e-04,1.221908e-04,1.161334e-04,1.080346e-04,9.901038e-05,8.857288e-05,7.537234e-05,5.931422e-05,4.217336e-05,2.438685e-05,6.317777e-06,-1.204060e-05,-3.052289e-05,-4.885014e-05,-6.716820e-05,6.110579e-05,6.131201e-05,6.152286e-05,6.161451e-05,6.136075e-05,6.050513e-05,5.771900e-05,5.129694e-05,4.062547e-05,2.669675e-05,1.026892e-05,-9.496355e-06,-3.335352e-05,-6.057548e-05,-8.938958e-05,-1.184672e-04,-1.474622e-04,-1.764663e-04,-1.000451e-05,-1.911814e-05,-2.830549e-05,-3.668562e-05,-4.271586e-05,-4.597149e-05,-4.734986e-05,-4.799797e-05,-4.803574e-05,-4.741802e-05,-4.651954e-05,-4.667449e-05,-4.855280e-05,-5.281504e-05,-5.949088e-05,-6.762609e-05,-7.617012e-05,-8.467607e-05
3.407568e-06,-5.174759e-06,-7.898588e-05,5.935424e-04,6.207935e-04,6.490794e-04,6.648561e-04,6.752984e-04,6.974480e-04,7.225090e-04,7.660469e-04,8.152258e-04,8.554410e-04,7.695949e-04,6.979921e-04,6.217353e-04,5.557559e-04,4.959835e-04,4.443142e-04,3.935367e-04,3.423859e-04,-5.000049e-06,-1.560920e-05,-2.621898e-05,-3.683134e-05,-4.746572e-05,-5.801989e-05,-6.732439e-05,-7.405456e-05,-7.833836e-05,-8.253611e-05,-8.882257e-05,-9.575412e-05,-1.021091e-04,-1.079891e-04,-1.136337e-04,-1.196413e-04,-1.257251e-04,-1.317923e-04,7.891680e-05,8.307421e-05,8.728245e-05,9.053947e-05,9.172996e-05,8.989657e-05,8.552001e-05,7.905740e-05,6.992625e-05,5.678686e-05,3.951630e-05,2.018347e-05,-6.364732e-07,-2.249856e-05,-4.517903e-05,-6.832819e-05,-9.148602e-05,-1.146245e-04,6.738602e-05,6.692513e-05,6.646898e-05,6.589333e-05,6.497441e-05,6.346094e-05,6.014524e-05,5.347813e-05,4.289003e-05,2.925592e-05,1.322324e-05,-6.104379e-06,-2.952557e-05,-5.632264e-05,-8.471072e-05,-1.133355e-04,-1.418619e-04,-1.703978e-04,8.843863e-07,-8.732783e-06,-1.842165e-05,-2.732873e-05,-3.395014e-05,-3.789586e-05,-3.998170e-05,-4.124130e-05,-4.178805e-05,-4.157853e-05,-4.096621e-05,-4.127904e-05,-4.318516e-05,-4.733782e-05,-5.378662e-05,-6.161242e-05,-6.981404e-05,-7.797975e-05
2.744820e-06,-3.954480e-06,-7.830111e-05,6.085586e-04,6.301389e-04,6.528068e-04,6.624431e-04,6.642379e-04,6.705022e-04,6.727052e-04,6.887935e-04,7.260350e-04,7.695949e-04,8.403451e-04,7.712564e-04,6.811291e-04,5.786014e-04,4.758063e-04,3.812619e-04,2.891393e-04,1.965009e-04,1.128662e-04,8.816482e-05,6.346284e-05,3.875802e-05,1.402945e-05,-1.062289e-05,-3.431236e-05,-5.607230e-05,-7.591677e-05,-9.517933e-05,-1.150896e-04,-1.337674e-04,-1.497082e-04,-1.633637e-04,-1.758766e-04,-1.886172e-04,-2.014660e-04,-2.142922e-04,6.488419e-05,6.579793e-05,6.676595e-05,6.674227e-05,6.451270e-05,5.916863e-05,5.101811e-05,4.026511e-05,2.650252e-05,8.691037e-06,-1.313252e-05,-3.702239e-05,-6.267662e-05,-8.987198e-05,-1.181386e-04,-1.470454e-04,-1.760758e-04,-2.050801e-04,6.069680e-05,6.053619e-05,6.038010e-05,6.010553e-05,5.948869e-05,5.828070e-05,5.533281e-05,4.916239e-05,3.918748e-05,2.613395e-05,1.051387e-05,-8.597959e-06,-3.203555e-05,-5.906384e-05,-8.778827e-05,-1.167533e-04,-1.456075e-04,-1.744719e-04,1.141425e-05,1.559326e-06,-8.366534e-06,-1.752217e-05,-2.441479e-05,-2.867826e-05,-3.110707e-05,-3.269438e-05,-3.358310e-05,-3.377163e-05,-3.361971e-05,-3.441601e-05,-3.678311e-05,-4.133866e-05,-4.814728e-05,-5.629024e-05,-6.478806e-05,-7.325128e-05
8.284737e-07,-2.608706e-06,-7.763480e-05,6.015295e-04,6.245862e-04,6.487826e-04,6.593545e-04,6.599600e-04,6.609188e-04,6.516699e-04,6.492993e-04,6.630767e-04,6.979921e-04,7.712564e-04,8.548007e-04,7.647028e-04,6.471243e-04,5.058745e-04,3.686358e-04,2.324658e-04,9.595367e-05,1.560554e-04,1.257896e-04,9.552325e-05,6.525357e-05,3.495936e-05,4.736933e-06,-2.454904e-05,-5.197327e-05,-7.730607e-05,-1.010033e-04,-1.234464e-04,-1.425481e-04,-1.564685e-04,-1.658586e-04,-1.730424e-04,-1.802098e-04,-1.874815e-04,-1.947296e-04,6.936663e-05,6.570556e-05,6.210259e-05,5.745894e-05,5.047168e-05,4.018093e-05,2.683977e-05,1.058376e-05,-8.819717e-06,-3.214302e-05,-5.920897e-05,-8.825857e-05,-1.189490e-04,-1.509266e-04,-1.834090e-04,-2.161854e-04,-2.489989e-04,-2.817934e-04,4.158262e-05,4.250548e-05,4.343236e-05,4.424466e-05,4.471921e-05,4.460657e-05,4.277543e-05,3.775048e-05,2.890691e-05,1.683735e-05,1.914105e-06,-1.681613e-05,-4.021541e-05,-6.752273e-05,-9.668439e-05,-1.261351e-04,-1.554827e-04,-1.848403e-04,2.192646e-05,1.201601e-05,2.035383e-06,-7.186142e-06,-1.416628e-05,-1.854959e-05,-2.113358e-05,-2.290187e-05,-2.402565e-05,-2.453972e-05,-2.480873e-05,-2.608653e-05,-2.898702e-05,-3.411936e-05,-4.156804e-05,-5.038085e-05,-5.955855e-05,-6.870115e-05
-4.750746e-08,-2.123535e-06,-7.474615e-05,5.705118e-04,5.951832e-04,6.209868e-04,6.332236e-04,6.349939e-04,6.371824e-04,6.264401e-04,6.146963e-04,6.106756e-04,6.217353e-04,6.811291e-04,7.647028e-04,8.404149e-04,7.494475e-04,6.214985e-04,4.736483e-04,3.223310e-04,1.708004e-04,5.914095e-05,4.123065e-05,2.331985e-05,5.405568e-06,-1.253288e-05,-3.040172e-05,-4.711269e-05,-6.149985e-05,-7.288236e-05,-8.085459e-05,-8.496164e-05,-8.312039e-05,-7.368973e-05,-5.753526e-05,-3.815032e-05,-1.832125e-05,1.491554e-06,2.131665e-05,8.016385e-05,7.380886e-05,6.751244e-05,6.017579e-05,5.049831e-05,3.744452e-05,2.137022e-05,2.554758e-06,-1.893803e-05,-4.349533e-05,-7.071336e-05,-9.889953e-05,-1.272246e-04,-1.547238e-04,-1.804583e-04,-2.050711e-04,-2.292104e-04,-2.533686e-04,3.030662e-05,3.203245e-05,3.376185e-05,3.538265e-05,3.668237e-05,3.742109e-05,3.647087e-05,3.236162e-05,2.441515e-05,1.307584e-05,-1.423300e-06,-2.002339e-05,-4.353098e-05,-7.116594e-05,-1.007709e-04,-1.307505e-04,-1.606665e-04,-1.905918e-04,2.278802e-05,1.341370e-05,3.971564e-06,-4.738008e-06,-1.128113e-05,-1.530241e-05,-1.759662e-05,-1.913883e-05,-2.013819e-05,-2.067709e-05,-2.113288e-05,-2.271230e-05,-2.606963e-05,-3.185929e-05,-4.018113e-05,-5.001248e-05,-6.027178e-05,-7.049266e-05
8.045390e-07,-2.954098e-06,-7.106646e-05,5.421229e-04,5.633931e-04,5.856967e-04,5.955498e-04,5.973829e-04,6.049653e-04,6.001214e-04,5.867028e-04,5.694904e-04,5.557559e-04,5.786014e-04,6.471243e-04,7.494475e-04,8.758338e-04,8.338251e-04,7.582773e-04,6.618485e-04,5.675682e-04,-1.815798e-04,-1.691187e-04,-1.566581e-04,-1.442003e-04,-1.317651e-04,-1.192566e-04,-1.050939e-04,-8.757305e-05,-6.526965e-05,-3.672299e-05,-4.773191e-07,4.563937e-05,1.025449e-04,1.684270e-04,2.386818e-04,3.100678e-04,3.816237e-04,4.531663e-04,7.945530e-05,7.532603e-05,7.124955e-05,6.621949e-05,5.907738e-05,4.881226e-05,3.622563e-05,2.212101e-05,7.216852e-06,-8.124241e-06,-2.296016e-05,-3.547826e-05,-4.401304e-05,-4.697386e-05,-4.387278e-05,-3.693071e-05,-2.850719e-05,-2.017637e-05,3.425986e-05,3.609537e-05,3.793428e-05,3.967132e-05,4.111306e-05,4.203840e-05,4.129053e-05,3.738431e-05,2.956527e-05,1.810370e-05,3.093024e-06,-1.638317e-05,-4.101791e-05,-6.993500e-05,-1.009244e-04,-1.324153e-04,-1.639135e-04,-1.954200e-04,1.028234e-05,2.082802e-06,-6.181577e-06,-1.374227e-05,-1.922714e-05,-2.227353e-05,-2.369481e-05,-2.449072e-05,-2.494749e-05,-2.523645e-05,-2.578690e-05,-2.776105e-05,-3.190767e-05,-3.895263e-05,-4.896954e-05,-6.080800e-05,-7.320597e-05,-8.555812e-05
1.966039e-06,-3.844609e-06,-6.701852e-05,5.331713e-04,5.422760e-04,5.521846e-04,5.523996e-04,5.511728e-04,5.655820e-04,5.707084e-04,5.605594e-04,5.345888e-04,4.959835e-04,4.758063e-04,5.058745e-04,6.214985e-04,8.338251e-04,1.087258e-03,1.181966e-03,1.259909e-03,1.336248e-03,-4.631707e-04,-4.142644e-04,-3.653587e-04,-3.164541e-04,-2.675687e-04,-2.186011e-04,-1.673693e-04,-1.115125e-04,-4.875249e-05,2.343615e-05,1.074952e-04,2.057378e-04,3.183414e-04,4.423232e-04,5.722500e-04,7.043698e-04,8.369048e-04,9.693940e-04,4.026773e-05,4.421630e-05,4.820190e-05,5.145998e-05,5.316672e-05,5.263141e-05,5.155847e-05,5.173124e-05,5.497463e-05,6.285387e-05,7.726664e-05,1.003140e-04,1.346178e-04,1.821923e-04,2.419168e-04,3.092670e-04,3.794842e-04,4.495056e-04,4.298644e-05,4.443254e-05,4.588209e-05,4.724043e-05,4.833471e-05,4.896315e-05,4.792678e-05,4.371306e-05,3.547679e-05,2.330698e-05,7.164190e-06,-1.383527e-05,-4.026306e-05,-7.110757e-05,-1.041712e-04,-1.379236e-04,-1.717749e-04,-2.056336e-04,-5.300111e-06,-1.177002e-05,-1.830029e-05,-2.416841e-05,-2.808478e-05,-2.970707e-05,-2.991247e-05,-2.977048e-05,-2.969420e-05,-2.999695e-05,-3.120427e-05,-3.444354e-05,-4.057679e-05,-5.036679e-05,-6.374415e-05,-7.937711e-05,-9.575088e-05,-1.120683e-04
4.653196e-06,-4.853475e-06,-6.323612e-05,5.483034e-04,5.376583e-04,5.274826e-04,5.116964e-04,5.044103e-04,5.247748e-04,5.402728e-04,5.354606e-04,5.044051e-04,4.443142e-04,3.812619e-04,3.686358e-04,4.736483e-04,7.582773e-04,1.181966e-03,1.668995e-03,2.042068e-03,2.434338e-03,-6.955607e-04,-6.164239e-04,-5.372880e-04,-4.581504e-04,-3.790270e-04,-2.998097e-04,-2.177925e-04,-1.300445e-04,-3.354799e-05,7.502434e-05,1.988239e-04,3.401377e-04,4.984427e-04,6.697414e-04,8.483611e-04,1.030533e-03,1.213448e-03,1.396273e-03,-3.255083e-05,-1.776198e-05,-2.960540e-06,1.145446e-05,2.514242e-05,3.806192e-05,5.317057e-05,7.354372e-05,1.024284e-04,1.428986e-04,1.981306e-04,2.707750e-04,3.645291e-04,4.818739e-04,6.193390e-04,7.693269e-04,9.239774e-04,1.078295e-03,6.861400e-05,6.865301e-05,6.869603e-05,6.865719e-05,6.838098e-05,6.768362e-05,6.532641e-05,5.978029e-05,5.012161e-05,3.628110e-05,1.812649e-05,-5.175123e-06,-3.408244e-05,-6.744474e-05,-1.031587e-04,-1.398066e-04,-1.766698e-04,-2.135391e-04,-2.406378e-05,-2.825968e-05,-3.251071e-05,-3.614599e-05,-3.796435e-05,-3.767299e-05,-3.624357e-05,-3.484538e-05,-3.405480e-05,-3.436921e-05,-3.645846e-05,-4.145833e-05,-5.035981e-05,-6.396409e-05,-8.199704e-05,-1.028782e-04,-1.247426e-04,-1.465357e-04
7.487522e-06,-6.698631e-06,-5.933234e-05,5.718904e-04,5.383462e-04,5.048897e-04,4.704643e-04,4.558392e-04,4.813294e-04,5.067540e-04,5.077240e-04,4.731900e-04,3.935367e-04,2.891393e-04,2.324658e-04,3.223310e-04,6.618485e-04,1.259909e-03,2.042068e-03,2.968528e-03,3.845250e-03,-8.864608e-04,-7.817318e-04,-6.770040e-04,-5.722715e-04,-4.675471e-04,-3.627174e-04,-2.546313e-04,-1.398716e-04,-1.478095e-05,1.245879e-04,2.819133e-04,4.593052e-04,6.555047e-04,8.655798e-04,1.083846e-03,1.306825e-03,1.530935e-03,1.754902e-03,-1.139544e-04,-8.778149e-05,-6.162411e-05,-3.546462e-05,-9.098388e-06,1.823618e-05,5.087403e-05,9.328778e-05,1.502535e-04,2.264546e-04,3.264590e-04,4.535891e-04,6.126842e-04,8.067575e-04,1.029834e-03,1.271014e-03,1.519045e-03,1.766589e-03,9.881743e-05,9.693233e-05,9.505213e-05,9.309784e-05,9.092359e-05,8.835326e-05,8.411314e-05,7.666346e-05,6.500911e-05,4.893596e-05,2.823567e-05,2.140318e-06,-2.969254e-05,-6.597200e-05,-1.047157e-04,-1.446540e-04,-1.849604e-04,-2.252720e-04,-4.835906e-05,-5.017278e-05,-5.203619e-05,-5.333082e-05,-5.295244e-05,-5.067501e-05,-4.756619e-05,-4.490200e-05,-4.343313e-05,-4.385676e-05,-4.701152e-05,-5.406330e-05,-6.614307e-05,-8.410264e-05,-1.074518e-04,-1.343362e-04,-1.625050e-04,-1.905856e-04
1.029613e-05,-8.589781e-06,-5.540075e-05,5.945399e-04,5.383244e-04,4.818176e-04,4.289455e-04,4.070790e-04,4.377611e-04,4.731562e-04,4.798795e-04,4.417439e-04,3.423859e-04,1.965009e-04,9.595367e-05,1.708004e-04,5.675682e-04,1.336248e-03,2.434338e-03,3.845250e-03,5.473262e-03,-1.080526e-03,-9.498342e-04,-8.191441e-04,-6.884462e-04,-5.577505e-04,-4.269382e-04,-2.924074e-04,-1.502490e-04,3.841838e-06,1.744469e-04,3.657859e-04,5.798024e-04,8.145023e-04,1.064010e-03,1.322610e-03,1.587086e-03,1.853065e-03,2.118852e-03,-1.940007e-04,-1.564967e-04,-1.190361e-04,-8.118824e-05,-4.220726e-05,-5.395116e-07,4.951779e-05,1.138268e-04,1.986853e-04,3.103794e-04,4.548601e-04,6.361128e-04,8.601145e-04,1.130407e-03,1.438524e-03,1.770282e-03,2.111067e-03,2.451214e-03,1.289030e-04,1.250928e-04,1.212883e-04,1.174174e-04,1.133430e-04,1.088961e-04,1.027660e-04,9.340039e-05,7.973057e-05,6.139430e-05,3.810381e-05,9.153978e-06,-2.568231e-05,-6.497360e-05,-1.068551e-04,-1.501991e-04,-1.940674e-04,-2.379402e-04,-7.287260e-05,-7.232239e-05,-7.181642e-05,-7.078844e-05,-6.823134e-05,-6.398482e-05,-5.921155e-05,-5.529372e-05,-5.315582e-05,-5.369432e-05,-5.791598e-05,-6.701529e-05,-8.226286e-05,-1.045612e-04,-1.332045e-04,-1.660658e-04,-2.005120e-04,-2.348535e-04
-3.089153e-04,2.904053e-05,-9.489548e-06,6.589797e-04,5.287586e-04,3.969247e-04,2.891630e-04,2.153503e-04,4.548030e-05,-1.465026e-04,-2.187980e-04,-1.387343e-04,-5.000049e-06,1.128662e-04,1.560554e-04,5.914095e-05,-1.815798e-04,-4.631707e-04,-6.955607e-04,-8.864608e-04,-1.080526e-03,9.437289e-03,8.398926e-03,7.381454e-03,6.405764e-03,5.492808e-03,4.663161e-03,3.922550e-03,3.276388e-03,2.724050e-03,2.253360e-03,1.853670e-03,1.508477e-03,1.199543e-03,9.134083e-04,6.393017e-04,3.668461e-04,9.368370e-05,-1.793678e-04,-1.026543e-03,-9.978726e-04,-9.693470e-04,-9.386441e-04,-9.039373e-04,-8.555534e-04,-7.944275e-04,-7.233185e-04,-6.483537e-04,-5.772712e-04,-5.167516e-04,-4.686612e-04,-4.336749e-04,-4.119142e-04,-3.999380e-04,-3.943015e-04,-3.921616e-04,-3.898017e-04,-2.321099e-03,-2.254664e-03,-2.188236e-03,-2.121551e-03,-2.056372e-03,-1.995583e-03,-1.938518e-03,-1.886934e-03,-1.841799e-03,-1.801162e-03,-1.765916e-03,-1.734917e-03,-1.705235e-03,-1.676123e-03,-1.647541e-03,-1.619774e-03,-1.592198e-03,-1.564567e-03,4.455853e-04,4.180486e-04,3.905582e-04,3.625381e-04,3.331223e-04,3.000286e-04,2.639161e-04,2.259961e-04,1.887462e-04,1.546025e-04,1.261759e-04,1.040327e-04,8.706224e-05,7.523229e-05,6.771047e-05,6.293151e-05,5.892831e-05,5.486846e-05
-3.094569e-04,2.723498e-05,-7.821181e-06,5.969990e-04,4.753879e-04,3.523062e-04,2.513165e-04,1.814015e-04,2.605553e-05,-1.479640e-04,-2.122241e-04,-1.373897e-04,-1.560920e-05,8.816482e-05,1.257896e-04,4.123065e-05,-1.691187e-04,-4.142644e-04,-6.164239e-04,-7.817318e-04,-9.498342e-04,8.398926e-03,7.561907e-03,6.719293e-03,5.899070e-03,5.120285e-03,4.404046e-03,3.757404e-03,3.187392e-03,2.695420e-03,2.272204e-03,1.909948e-03,1.595070e-03,1.311772e-03,1.048314e-03,7.953210e-04,5.438273e-04,2.917142e-04,3.969704e-05,-9.371138e-04,-9.101163e-04,-8.832505e-04,-8.543883e-04,-8.218450e-04,-7.768934e-04,-7.203891e-04,-6.547599e-04,-5.855416e-04,-5.197744e-04,-4.635842e-04,-4.186682e-04,-3.854013e-04,-3.638205e-04,-3.508517e-04,-3.434741e-04,-3.392104e-04,-3.347505e-04,-2.362653e-03,-2.292771e-03,-2.222901e-03,-2.152741e-03,-2.083934e-03,-2.019208e-03,-1.957911e-03,-1.901785e-03,-1.851808e-03,-1.806122e-03,-1.765691e-03,-1.729419e-03,-1.694418e-03,-1.659965e-03,-1.626075e-03,-1.593140e-03,-1.560469e-03,-1.527739e-03,4.233717e-04,3.966113e-04,3.698951e-04,3.426715e-04,3.140990e-04,2.820486e-04,2.471564e-04,2.105839e-04,1.747284e-04,1.419592e-04,1.148395e-04,9.397139e-05,7.821260e-05,6.750049e-05,6.102322e-05,5.720868e-05,5.412035e-05,5.097780e-05
-3.099989e-04,2.542909e-05,-6.152733e-06,5.350201e-04,4.220186e-04,3.076887e-04,2.134709e-04,1.474537e-04,6.631459e-06,-1.494253e-04,-2.056504e-04,-1.360457e-04,-2.621898e-05,6.346284e-05,9.552325e-05,2.331985e-05,-1.566581e-04,-3.653587e-04,-5.372880e-04,-6.770040e-04,-8.191441e-04,7.381454e-03,6.719293e-03,6.058633e-03,5.391976e-03,4.747872e-03,4.144903e-03,3.592268e-03,3.098396e-03,2.666792e-03,2.291050e-03,1.966229e-03,1.681664e-03,1.424004e-03,1.183222e-03,9.513424e-04,7.208106e-04,4.897468e-04,2.587642e-04,-8.476765e-04,-8.223531e-04,-7.971477e-04,-7.701270e-04,-7.397479e-04,-6.982292e-04,-6.463472e-04,-5.861982e-04,-5.227269e-04,-4.622753e-04,-4.104148e-04,-3.686734e-04,-3.371260e-04,-3.157253e-04,-3.017640e-04,-2.926455e-04,-2.862582e-04,-2.796984e-04,-2.404210e-03,-2.330882e-03,-2.257570e-03,-2.183933e-03,-2.111499e-03,-2.042836e-03,-1.977307e-03,-1.916638e-03,-1.861820e-03,-1.811084e-03,-1.765467e-03,-1.723922e-03,-1.683603e-03,-1.643807e-03,-1.604611e-03,-1.566507e-03,-1.528741e-03,-1.490912e-03,4.011543e-04,3.751704e-04,3.492286e-04,3.228016e-04,2.950726e-04,2.640656e-04,2.303938e-04,1.951690e-04,1.607080e-04,1.293135e-04,1.035008e-04,8.390793e-05,6.936094e-05,5.976680e-05,5.433422e-05,5.148426e-05,4.931094e-05,4.708583e-05
-3.105396e-04,2.362520e-05,-4.483985e-06,4.730030e-04,3.686186e-04,2.630482e-04,1.756074e-04,1.134913e-04,-1.280332e-05,-1.508932e-04,-1.990810e-04,-1.347047e-04,-3.683134e-05,3.875802e-05,6.525357e-05,5.405568e-06,-1.442003e-04,-3.164541e-04,-4.581504e-04,-5.722715e-04,-6.884462e-04,6.405764e-03,5.899070e-03,5.391976e-03,4.886490e-03,4.375028e-03,3.885875e-03,3.427100e-03,3.009407e-03,2.638159e-03,2.309893e-03,2.022504e-03,1.768254e-03,1.536229e-03,1.318124e-03,1.107357e-03,8.977862e-04,6.877711e-04,4.778223e-04,-7.583124e-04,-7.346552e-04,-7.111023e-04,-6.859154e-04,-6.576932e-04,-6.196006e-04,-5.723349e-04,-5.176610e-04,-4.599321e-04,-4.047924e-04,-3.572583e-04,-3.186889e-04,-2.888588e-04,-2.676361e-04,-2.526802e-04,-2.418189e-04,-2.333061e-04,-2.246446e-04,-2.445758e-03,-2.368984e-03,-2.292230e-03,-2.215117e-03,-2.139056e-03,-2.066456e-03,-1.996695e-03,-1.931483e-03,-1.871824e-03,-1.816039e-03,-1.765236e-03,-1.718418e-03,-1.672780e-03,-1.627644e-03,-1.583140e-03,-1.539868e-03,-1.497007e-03,-1.454078e-03,3.789529e-04,3.537450e-04,3.285774e-04,3.029466e-04,2.760609e-04,2.460970e-04,2.136453e-04,1.797678e-04,1.467010e-04,1.166808e-04,9.217478e-05,7.385686e-05,6.052135e-05,5.204487e-05,4.765665e-05,4.577094e-05,4.451230e-05,4.320432e-05
-3.110860e-04,2.181460e-05,-2.812272e-06,4.107837e-04,3.150572e-04,2.182875e-04,1.376629e-04,7.948249e-05,-3.226098e-05,-1.523756e-04,-1.925266e-04,-1.333823e-04,-4.746572e-05,1.402945e-05,3.495936e-05,-1.253288e-05,-1.317651e-04,-2.675687e-04,-3.790270e-04,-4.675471e-04,-5.577505e-04,5.492808e-03,5.120285e-03,4.747872e-03,4.375028e-03,4.003849e-03,3.626460e-03,3.262089e-03,2.920424e-03,2.609570e-03,2.328768e-03,2.078815e-03,1.854876e-03,1.648488e-03,1.453058e-03,1.263404e-03,1.074795e-03,8.858280e-04,6.969130e-04,-6.690183e-04,-6.470157e-04,-6.251038e-04,-6.017392e-04,-5.756630e-04,-5.409861e-04,-4.983265e-04,-4.491179e-04,-3.971223e-04,-3.472861e-04,-3.040709e-04,-2.686665e-04,-2.405473e-04,-2.194967e-04,-2.035406e-04,-1.909309e-04,-1.802872e-04,-1.695184e-04,-2.487360e-03,-2.407138e-03,-2.326940e-03,-2.246350e-03,-2.166659e-03,-2.090120e-03,-2.016124e-03,-1.946368e-03,-1.881866e-03,-1.821031e-03,-1.765040e-03,-1.712946e-03,-1.661988e-03,-1.611507e-03,-1.561693e-03,-1.513251e-03,-1.465291e-03,-1.417261e-03,3.566953e-04,3.322642e-04,3.078713e-04,2.830374e-04,2.569956e-04,2.280757e-04,1.968451e-04,1.643162e-04,1.326450e-04,1.040009e-04,8.080344e-05,6.376269e-05,5.164118e-05,4.428511e-05,4.094419e-05,4.002580e-05,3.968498e-05,3.929724e-05
-3.116115e-04,2.002665e-05,-1.150134e-06,3.483659e-04,2.613377e-04,1.734089e-04,9.964085e-05,4.543035e-05,-5.172472e-05,-1.538190e-04,-1.859042e-04,-1.319803e-04,-5.801989e-05,-1.062289e-05,4.736933e-06,-3.040172e-05,-1.192566e-04,-2.186011e-04,-2.998097e-04,-3.627174e-04,-4.269382e-04,4.663161e-03,4.404046e-03,4.144903e-03,3.885875e-03,3.626460e-03,3.368498e-03,3.096497e-03,2.831422e-03,2.580823e-03,2.347531e-03,2.135006e-03,1.941387e-03,1.760638e-03,1.587887e-03,1.419349e-03,1.251703e-03,1.083788e-03,9.159099e-04,-5.800443e-04,-5.596728e-04,-5.393784e-04,-5.178126e-04,-4.938589e-04,-4.625750e-04,-4.245014e-04,-3.807412e-04,-3.344651e-04,-2.899213e-04,-2.510163e-04,-2.187701e-04,-1.923560e-04,-1.714721e-04,-1.545106e-04,-1.401475e-04,-1.273677e-04,-1.144867e-04,-2.528760e-03,-2.445099e-03,-2.361464e-03,-2.277403e-03,-2.194091e-03,-2.113621e-03,-2.035399e-03,-1.961106e-03,-1.891767e-03,-1.825888e-03,-1.764717e-03,-1.707356e-03,-1.651086e-03,-1.595269e-03,-1.540156e-03,-1.486552e-03,-1.433504e-03,-1.380381e-03,3.346466e-04,3.109870e-04,2.873635e-04,2.633211e-04,2.381176e-04,2.102357e-04,1.802202e-04,1.490339e-04,1.187522e-04,9.147776e-05,6.958232e-05,5.381161e-05,4.289638e-05,3.665246e-05,3.435007e-05,3.438986e-05,3.495759e-05,3.548083e-05
-3.119505e-04,1.836656e-05,3.735979e-07,2.864922e-04,2.087236e-04,1.301958e-04,6.386488e-05,1.418559e-05,-6.818025e-05,-1.522866e-04,-1.767064e-04,-1.287058e-04,-6.732439e-05,-3.431236e-05,-2.454904e-05,-4.711269e-05,-1.050939e-04,-1.673693e-04,-2.177925e-04,-2.546313e-04,-2.924074e-04,3.922550e-03,3.757404e-03,3.592268e-03,3.427100e-03,3.262089e-03,3.096497e-03,2.925948e-03,2.736766e-03,2.548213e-03,2.363414e-03,2.189371e-03,2.026975e-03,1.872712e-03,1.723438e-03,1.576789e-03,1.430877e-03,1.284784e-03,1.138713e-03,-4.929458e-04,-4.741325e-04,-4.553827e-04,-4.355411e-04,-4.136333e-04,-3.856457e-04,-3.520511e-04,-3.136299e-04,-2.729613e-04,-2.335927e-04,-1.988702e-04,-1.696366e-04,-1.447637e-04,-1.238625e-04,-1.056950e-04,-8.936638e-05,-7.423176e-05,-5.901998e-05,-2.568145e-03,-2.481142e-03,-2.394168e-03,-2.306736e-03,-2.219902e-03,-2.135603e-03,-2.053254e-03,-1.974519e-03,-1.900431e-03,-1.829588e-03,-1.763308e-03,-1.700747e-03,-1.639232e-03,-1.578152e-03,-1.517812e-03,-1.459121e-03,-1.401060e-03,-1.342919e-03,3.137278e-04,2.908207e-04,2.679477e-04,2.446780e-04,2.202952e-04,1.934324e-04,1.646119e-04,1.347464e-04,1.058298e-04,7.989713e-05,5.927083e-05,4.472910e-05,3.497037e-05,2.978008e-05,2.844932e-05,2.937427e-05,3.077526e-05,3.213438e-05
-3.120646e-04,1.682848e-05,1.617218e-06,2.256637e-04,1.584683e-04,9.065358e-05,3.310613e-05,-1.073382e-05,-7.787528e-05,-1.441968e-04,-1.619237e-04,-1.214635e-04,-7.405456e-05,-5.607230e-05,-5.197327e-05,-6.149985e-05,-8.757305e-05,-1.115125e-04,-1.300445e-04,-1.398716e-04,-1.502490e-04,3.276388e-03,3.187392e-03,3.098396e-03,3.009407e-03,2.920424e-03,2.831422e-03,2.736766e-03,2.633929e-03,2.507952e-03,2.374536e-03,2.240924e-03,2.111683e-03,1.985638e-03,1.861494e-03,1.738329e-03,1.615738e-03,1.493057e-03,1.370382e-03,-4.084491e-04,-3.910971e-04,-3.737954e-04,-3.555775e-04,-3.356128e-04,-3.107738e-04,-2.814758e-04,-2.481976e-04,-2.129280e-04,-1.785094e-04,-1.477171e-04,-1.212044e-04,-9.754036e-05,-7.624746e-05,-5.646381e-05,-3.773587e-05,-1.979883e-05,-1.809457e-06,-2.604698e-03,-2.514513e-03,-2.424361e-03,-2.333718e-03,-2.243527e-03,-2.155569e-03,-2.069263e-03,-1.986245e-03,-1.907555e-03,-1.831878e-03,-1.760600e-03,-1.692940e-03,-1.626285e-03,-1.560048e-03,-1.494590e-03,-1.430924e-03,-1.367962e-03,-1.304916e-03,2.941727e-04,2.719805e-04,2.498204e-04,2.272865e-04,2.036918e-04,1.778131e-04,1.501507e-04,1.215671e-04,9.397370e-05,6.933760e-05,4.992960e-05,3.655418e-05,2.787584e-05,2.364806e-05,2.318298e-05,2.487640e-05,2.698984e-05,2.906431e-05
-3.118477e-04,1.538458e-05,2.555600e-06,1.679430e-04,1.121051e-04,5.577789e-05,7.931412e-06,-2.892520e-05,-8.059760e-05,-1.294779e-04,-1.413783e-04,-1.102169e-04,-7.833836e-05,-7.591677e-05,-7.730607e-05,-7.288236e-05,-6.526965e-05,-4.875249e-05,-3.354799e-05,-1.478095e-05,3.841838e-06,2.724050e-03,2.695420e-03,2.666792e-03,2.638159e-03,2.609570e-03,2.580823e-03,2.548213e-03,2.507952e-03,2.456615e-03,2.376583e-03,2.287618e-03,2.194719e-03,2.100030e-03,2.003951e-03,1.907138e-03,1.810719e-03,1.714306e-03,1.617883e-03,-3.290703e-04,-3.131257e-04,-2.972190e-04,-2.805587e-04,-2.624475e-04,-2.405654e-04,-2.152591e-04,-1.867120e-04,-1.563367e-04,-1.262829e-04,-9.875640e-05,-7.421440e-05,-5.093491e-05,-2.835688e-05,-6.005428e-06,1.611281e-05,3.786518e-05,5.964382e-05,-2.637079e-03,-2.543955e-03,-2.450868e-03,-2.357260e-03,-2.263963e-03,-2.172603e-03,-2.082592e-03,-1.995530e-03,-1.912449e-03,-1.832116e-03,-1.755986e-03,-1.683348e-03,-1.611663e-03,-1.540383e-03,-1.469921e-03,-1.401395e-03,-1.333649e-03,-1.265815e-03,2.758252e-04,2.543394e-04,2.328834e-04,2.110773e-04,1.882649e-04,1.633561e-04,1.368279e-04,1.094909e-04,8.317582e-05,5.978331e-05,4.153055e-05,2.924179e-05,2.154716e-05,1.816632e-05,1.843245e-05,2.074574e-05,2.341752e-05,2.605359e-05
-3.111519e-04,1.402709e-05,3.283643e-06,1.148988e-04,7.023192e-05,2.519040e-05,-1.294709e-05,-4.242625e-05,-7.904783e-05,-1.114500e-04,-1.186193e-04,-9.809077e-05,-8.253611e-05,-9.517933e-05,-1.010033e-04,-8.085459e-05,-3.672299e-05,2.343615e-05,7.502434e-05,1.245879e-04,1.744469e-04,2.253360e-03,2.272204e-03,2.291050e-03,2.309893e-03,2.328768e-03,2.347531e-03,2.363414e-03,2.374536e-03,2.376583e-03,2.364402e-03,2.324322e-03,2.274112e-03,2.216061e-03,2.153293e-03,2.087901e-03,2.022718e-03,1.957643e-03,1.892541e-03,-2.566210e-04,-2.421373e-04,-2.276806e-04,-2.126136e-04,-1.963556e-04,-1.772987e-04,-1.556933e-04,-1.314209e-04,-1.053168e-04,-7.883855e-05,-5.361093e-05,-2.989657e-05,-5.717146e-06,1.955344e-05,4.598433e-05,7.307412e-05,1.002600e-04,1.274440e-04,-2.663984e-03,-2.568226e-03,-2.472509e-03,-2.376242e-03,-2.280148e-03,-2.185703e-03,-2.092296e-03,-2.001480e-03,-1.914256e-03,-1.829472e-03,-1.748633e-03,-1.671119e-03,-1.594483e-03,-1.518226e-03,-1.442823e-03,-1.369505e-03,-1.297046e-03,-1.224494e-03,2.582822e-04,2.375591e-04,2.168637e-04,1.958412e-04,1.738667e-04,1.499715e-04,1.246076e-04,9.853309e-05,7.349723e-05,5.133252e-05,3.419676e-05,2.292772e-05,1.612465e-05,1.347377e-05,1.433012e-05,1.710398e-05,2.016700e-05,2.319810e-05
