2.281532e-05,-4.641975e-07,-1.425260e-07,9.585832e-07,1.197014e-06,1.434869e-06,1.626682e-06,1.792788e-06,1.937791e-06,2.093409e-06,2.117801e-06,2.013055e-06,1.952330e-06,1.996180e-06,2.084304e-06,2.330082e-06,2.797912e-06,3.287044e-06,3.798613e-06,4.337680e-06,4.858173e-06,-1.449515e-04,-1.447121e-04,-1.444727e-04,-1.442336e-04,-1.439933e-04,-1.437374e-04,-1.434584e-04,-1.431395e-04,-1.427919e-04,-1.424135e-04,-1.420186e-04,-1.416223e-04,-1.412205e-04,-1.408072e-04,-1.403844e-04,-1.399613e-04,-1.395433e-04,-1.391243e-04,3.853008e-06,3.892797e-06,3.932566e-06,3.967759e-06,3.989652e-06,3.998771e-06,3.986039e-06,3.952380e-06,3.894622e-06,3.807447e-06,3.700405e-06,3.579945e-06,3.461007e-06,3.348250e-06,3.232732e-06,3.113101e-06,2.996446e-06,2.880387e-06,1.896507e-04,1.832721e-04,1.768920e-04,1.705103e-04,1.641643e-04,1.578645e-04,1.516466e-04,1.455008e-04,1.394248e-04,1.333898e-04,1.274311e-04,1.215725e-04,1.158047e-04,1.100949e-04,1.044262e-04,9.880188e-05,9.320428e-05,8.760440e-05,-9.051890e-06,-8.032255e-06,-7.012834e-06,-5.989293e-06,-4.949999e-06,-3.911334e-06,-2.918846e-06,-2.028010e-06,-1.294745e-06,-7.454273e-07,-3.812317e-07,-1.746469e-07,-7.932241e-08,-7.184234e-08,-1.501697e-07,-2.890498e-07,-4.430261e-07,-5.950518e-07
-4.641975e-07,2.135213e-05,6.481493e-08,2.402906e-07,8.573832e-08,-3.092137e-08,-1.701020e-07,-3.144369e-07,-3.697733e-07,-3.550908e-07,-3.888064e-07,-4.546699e-07,-6.151609e-07,-7.149264e-07,-7.541659e-07,-5.897945e-07,-2.608441e-07,2.811325e-07,1.041418e-06,1.818543e-06,2.581894e-06,5.214522e-06,5.097229e-06,4.980035e-06,4.862517e-06,4.746165e-06,4.641780e-06,4.545321e-06,4.454877e-06,4.359736e-06,4.243030e-06,4.104917e-06,3.946767e-06,3.777135e-06,3.596437e-06,3.397478e-06,3.182746e-06,2.964295e-06,2.746544e-06,-1.349484e-04,-1.346167e-04,-1.342837e-04,-1.339396e-04,-1.335982e-04,-1.332547e-04,-1.329208e-04,-1.326016e-04,-1.323018e-04,-1.320228e-04,-1.317812e-04,-1.315666e-04,-1.313752e-04,-1.312091e-04,-1.310584e-04,-1.309110e-04,-1.307623e-04,-1.306127e-04,-8.886472e-06,-7.883191e-06,-6.880025e-06,-5.874163e-06,-4.857076e-06,-3.843324e-06,-2.875671e-06,-2.006912e-06,-1.287948e-06,-7.427363e-07,-3.709280e-07,-1.454271e-07,-2.086226e-08,2.645272e-08,-1.957612e-09,-8.458834e-08,-1.809611e-07,-2.755345e-07,1.582938e-04,1.555548e-04,1.528158e-04,1.500379e-04,1.471756e-04,1.441456e-04,1.408999e-04,1.374002e-04,1.336779e-04,1.297653e-04,1.257477e-04,1.216527e-04,1.175124e-04,1.133658e-04,1.092227e-04,1.050675e-04,1.008973e-04,9.672733e-05
-1.425260e-07,6.481493e-08,4.551106e-06,-3.829112e-05,-3.845044e-05,-3.859619e-05,-3.860536e-05,-3.860156e-05,-3.840776e-05,-3.810177e-05,-3.746756e-05,-3.660315e-05,-3.537536e-05,-3.419118e-05,-3.313247e-05,-3.219018e-05,-3.137295e-05,-3.065788e-05,-3.003650e-05,-2.946575e-05,-2.888491e-05,-1.789801e-06,-1.346715e-06,-9.035853e-07,-4.605249e-07,-1.691569e-08,4.083716e-07,8.046659e-07,1.195228e-06,1.591264e-06,1.979135e-06,2.349490e-06,2.698329e-06,3.031325e-06,3.354931e-06,3.672717e-06,3.991365e-06,4.312644e-06,4.633446e-06,-4.667929e-07,-5.661496e-07,-6.663895e-07,-7.451092e-07,-7.887665e-07,-8.160944e-07,-8.338944e-07,-8.394728e-07,-8.322683e-07,-7.964572e-07,-7.178054e-07,-6.036820e-07,-4.612879e-07,-3.006081e-07,-1.266710e-07,5.643544e-08,2.417490e-07,4.265825e-07,-4.414373e-06,-4.066509e-06,-3.718900e-06,-3.368375e-06,-3.010916e-06,-2.621699e-06,-2.180502e-06,-1.699565e-06,-1.174696e-06,-5.713550e-07,1.345604e-07,9.516932e-07,1.872875e-06,2.873887e-06,3.918619e-06,4.979374e-06,6.041475e-06,7.103092e-06,-1.280101e-07,2.723791e-09,1.353237e-07,2.469628e-07,3.254319e-07,3.904425e-07,4.499137e-07,5.046424e-07,5.588402e-07,5.979980e-07,6.163131e-07,6.338039e-07,6.791299e-07,7.708628e-07,9.123065e-07,1.089799e-06,1.279183e-06,1.467497e-06
9.585832e-07,2.402906e-07,-3.829112e-05,8.536938e-04,6.598740e-04,4.988019e-04,3.881425e-04,3.242951e-04,2.936772e-04,2.843868e-04,2.827416e-04,2.817338e-04,2.772805e-04,2.719886e-04,2.665911e-04,2.616869e-04,2.581893e-04,2.567808e-04,2.573974e-04,2.590897e-04,2.606586e-04,9.250917e-05,8.119791e-05,6.988614e-05,5.857104e-05,4.721400e-05,3.615731e-05,2.573491e-05,1.603530e-05,7.067101e-06,-1.243084e-06,-8.982707e-06,-1.624747e-05,-2.317858e-05,-2.990325e-05,-3.652519e-05,-4.315121e-05,-4.980876e-05,-5.646152e-05,-1.233022e-04,-1.053011e-04,-8.721531e-05,-7.025151e-05,-5.512973e-05,-4.161736e-05,-2.961838e-05,-1.907301e-05,-9.924182e-06,-2.060985e-06,4.640968e-06,1.040484e-05,1.543395e-05,1.996202e-05,2.417508e-05,2.818896e-05,3.212762e-05,3.607368e-05,3.112923e-05,2.890241e-05,2.667785e-05,2.441679e-05,2.208433e-05,1.944700e-05,1.629946e-05,1.270354e-05,8.608266e-06,3.749418e-06,-2.051467e-06,-8.846451e-06,-1.655864e-05,-2.497070e-05,-3.376601e-05,-4.270240e-05,-5.165125e-05,-6.059606e-05,8.803278e-06,6.755932e-06,4.681725e-06,2.898930e-06,1.582844e-06,5.510837e-07,-2.745071e-07,-9.163662e-07,-1.419467e-06,-1.693064e-06,-1.716014e-06,-1.673891e-06,-1.822059e-06,-2.330626e-06,-3.240841e-06,-4.445155e-06,-5.745103e-06,-7.036442e-06
1.197014e-06,8.573832e-08,-3.845044e-05,6.598740e-04,5.696197e-04,4.715109e-04,3.970384e-04,3.477331e-04,3.192487e-04,3.057109e-04,2.982073e-04,2.922405e-04,2.842896e-04,2.767516e-04,2.700339e-04,2.642843e-04,2.599785e-04,2.574027e-04,2.564371e-04,2.563269e-04,2.561054e-04,6.787777e-05,5.878635e-05,4.969413e-05,4.060075e-05,3.146907e-05,2.265699e-05,1.446220e-05,6.821741e-06,-3.289751e-07,-7.013228e-06,-1.327525e-05,-1.917453e-05,-2.482211e-05,-3.031700e-05,-3.573194e-05,-4.115292e-05,-4.660247e-05,-5.204744e-05,-7.634376e-05,-6.425650e-05,-5.210213e-05,-4.085089e-05,-3.107255e-05,-2.246414e-05,-1.489778e-05,-8.327556e-06,-2.695953e-06,2.031718e-06,5.901041e-06,9.073666e-06,1.169371e-05,1.393635e-05,1.593432e-05,1.777446e-05,1.955895e-05,2.134970e-05,3.414648e-05,3.169524e-05,2.924629e-05,2.676349e-05,2.421359e-05,2.135975e-05,1.800182e-05,1.422318e-05,9.983017e-06,5.008614e-06,-8.855009e-07,-7.757165e-06,-1.553433e-05,-2.400373e-05,-3.285256e-05,-4.184096e-05,-5.084142e-05,-5.983781e-05,6.794692e-06,5.051308e-06,3.283510e-06,1.781401e-06,7.033640e-07,-1.418944e-07,-8.353786e-07,-1.396761e-06,-1.870970e-06,-2.157026e-06,-2.224252e-06,-2.251661e-06,-2.488702e-06,-3.099816e-06,-4.120972e-06,-5.441207e-06,-6.859246e-06,-8.268484e-06
1.434869e-06,-3.092137e-08,-3.859619e-05,4.988019e-04,4.715109e-04,4.469550e-04,4.055542e-04,3.713904e-04,3.447112e-04,3.269149e-04,3.135156e-04,3.026087e-04,2.911869e-04,2.814275e-04,2.734077e-04,2.668239e-04,2.617102e-04,2.579516e-04,2.553740e-04,2.534241e-04,2.513756e-04,4.281435e-05,3.599019e-05,2.916497e-05,2.234074e-05,1.548189e-05,8.961725e-06,3.040436e-06,-2.497711e-06,-7.791368e-06,-1.281391e-05,-1.756599e-05,-2.207012e-05,-2.640625e-05,-3.064450e-05,-3.482603e-05,-3.901552e-05,-4.323050e-05,-4.744112e-05,-2.838856e-05,-2.234149e-05,-1.624490e-05,-1.083307e-05,-6.523263e-06,-2.939705e-06,7.865778e-08,2.564640e-06,4.577111e-06,6.074837e-06,7.024340e-06,7.524617e-06,7.659347e-06,7.543874e-06,7.256281e-06,6.853605e-06,6.415446e-06,5.982381e-06,3.712069e-05,3.444967e-05,3.178096e-05,2.908096e-05,2.631803e-05,2.325202e-05,1.968806e-05,1.573118e-05,1.135078e-05,6.265757e-06,2.836798e-07,-6.659070e-06,-1.449532e-05,-2.301597e-05,-3.191220e-05,-4.094654e-05,-4.999257e-05,-5.903450e-05,4.990363e-06,3.557352e-06,2.102399e-06,8.872388e-07,5.281624e-08,-6.015635e-07,-1.159996e-06,-1.639523e-06,-2.085035e-06,-2.385290e-06,-2.499858e-06,-2.600892e-06,-2.931582e-06,-3.650383e-06,-4.787763e-06,-6.229282e-06,-7.770839e-06,-9.303397e-06
1.626682e-06,-1.701020e-07,-3.860536e-05,3.881425e-04,3.970384e-04,4.055542e-04,4.113639e-04,3.913376e-04,3.687031e-04,3.472047e-04,3.282413e-04,3.122368e-04,2.970795e-04,2.848668e-04,2.753902e-04,2.679151e-04,2.620842e-04,2.574417e-04,2.537332e-04,2.505108e-04,2.471972e-04,2.238030e-05,1.736468e-05,1.234774e-05,7.333739e-06,2.288811e-06,-2.398309e-06,-6.492643e-06,-1.034733e-05,-1.416478e-05,-1.786710e-05,-2.141578e-05,-2.480492e-05,-2.809268e-05,-3.132722e-05,-3.452509e-05,-3.773416e-05,-4.096696e-05,-4.419550e-05,4.162943e-06,5.855770e-06,7.581653e-06,8.819496e-06,9.277308e-06,9.379661e-06,9.308031e-06,9.076505e-06,8.737866e-06,8.175573e-06,7.283530e-06,6.113381e-06,4.704481e-06,3.128747e-06,1.426437e-06,-3.645811e-07,-2.178326e-06,-3.987707e-06,3.944003e-05,3.659586e-05,3.375401e-05,3.088315e-05,2.795311e-05,2.472124e-05,2.099684e-05,1.690406e-05,1.242122e-05,7.259705e-06,1.221423e-06,-5.761628e-06,-1.362607e-05,-2.216662e-05,-3.107837e-05,-4.012646e-05,-4.918581e-05,-5.824108e-05,3.198068e-06,2.023830e-06,8.300296e-07,-1.480734e-07,-7.839669e-07,-1.284057e-06,-1.733865e-06,-2.147371e-06,-2.568596e-06,-2.876561e-06,-3.022076e-06,-3.171773e-06,-3.563758e-06,-4.351892e-06,-5.562905e-06,-7.080405e-06,-8.699071e-06,-1.030864e-05
1.792788e-06,-3.144369e-07,-3.860156e-05,3.242951e-04,3.477331e-04,3.713904e-04,3.913376e-04,4.055716e-04,3.894670e-04,3.681863e-04,3.446809e-04,3.236856e-04,3.043058e-04,2.890885e-04,2.776776e-04,2.690070e-04,2.624144e-04,2.571629e-04,2.528573e-04,2.490049e-04,2.450610e-04,1.755591e-06,-1.401922e-06,-4.560809e-06,-7.715768e-06,-1.089630e-05,-1.373051e-05,-1.602092e-05,-1.824164e-05,-2.064099e-05,-2.307228e-05,-2.544985e-05,-2.774039e-05,-2.998550e-05,-3.221656e-05,-3.443226e-05,-3.666668e-05,-3.892494e-05,-4.117884e-05,1.591970e-05,1.549780e-05,1.509552e-05,1.436804e-05,1.312880e-05,1.181041e-05,1.059112e-05,9.461485e-06,8.459242e-06,7.387809e-06,6.072392e-06,4.540807e-06,2.814505e-06,9.470758e-07,-1.036140e-06,-3.102531e-06,-5.188027e-06,-7.269289e-06,4.153348e-05,3.851836e-05,3.550554e-05,3.246569e-05,2.936929e-05,2.597590e-05,2.210061e-05,1.788427e-05,1.331157e-05,8.084114e-06,1.997299e-06,-5.021070e-06,-1.291064e-05,-2.146916e-05,-3.039468e-05,-3.945447e-05,-4.852509e-05,-5.759166e-05,1.771348e-06,7.659934e-07,-2.569720e-07,-1.084205e-06,-1.601718e-06,-2.016148e-06,-2.411656e-06,-2.799019e-06,-3.220507e-06,-3.544855e-06,-3.714586e-06,-3.893707e-06,-4.318449e-06,-5.141026e-06,-6.387028e-06,-7.939676e-06,-9.593683e-06,-1.123857e-05
1.937791e-06,-3.697733e-07,-3.840776e-05,2.936772e-04,3.192487e-04,3.447112e-04,3.687031e-04,3.894670e-04,4.028436e-04,3.857854e-04,3.622772e-04,3.373667e-04,3.137693e-04,2.947511e-04,2.802859e-04,2.691895e-04,2.607012e-04,2.539242e-04,2.483476e-04,2.433186e-04,2.381903e-04,-6.694905e-06,-9.203821e-06,-1.171392e-05,-1.422035e-05,-1.674536e-05,-1.896832e-05,-2.073055e-05,-2.258878e-05,-2.481548e-05,-2.717692e-05,-2.953035e-05,-3.181645e-05,-3.407115e-05,-3.632217e-05,-3.856655e-05,-4.083649e-05,-4.313219e-05,-4.542328e-05,1.716709e-05,1.616837e-05,1.518047e-05,1.397523e-05,1.243645e-05,1.095514e-05,9.685595e-06,8.599483e-06,7.719057e-06,6.766770e-06,5.507573e-06,3.972096e-06,2.195120e-06,2.401168e-07,-1.859812e-06,-4.061365e-06,-6.289543e-06,-8.512962e-06,4.312148e-05,3.997867e-05,3.683811e-05,3.367205e-05,3.045091e-05,2.694255e-05,2.296869e-05,1.868086e-05,1.406728e-05,8.818415e-06,2.722814e-06,-4.295235e-06,-1.217692e-05,-2.072209e-05,-2.963084e-05,-3.867201e-05,-4.772359e-05,-5.677121e-05,1.372692e-06,4.228744e-07,-5.431951e-07,-1.327702e-06,-1.826000e-06,-2.237816e-06,-2.643595e-06,-3.052231e-06,-3.504298e-06,-3.858800e-06,-4.050954e-06,-4.244607e-06,-4.676635e-06,-5.500031e-06,-6.741533e-06,-8.286247e-06,-9.931025e-06,-1.156680e-05
2.093409e-06,-3.550908e-07,-3.810177e-05,2.843868e-04,3.057109e-04,3.269149e-04,3.472047e-04,3.681863e-04,3.857854e-04,3.976291e-04,3.788080e-04,3.546211e-04,3.277672e-04,3.045737e-04,2.856330e-04,2.701636e-04,2.576383e-04,2.472533e-04,2.385253e-04,2.305773e-04,2.225158e-04,5.874862e-06,1.792744e-06,-2.290247e-06,-6.370512e-06,-1.046251e-05,-1.431703e-05,-1.782504e-05,-2.155903e-05,-2.577359e-05,-3.012981e-05,-3.441678e-05,-3.855372e-05,-4.259095e-05,-4.657655e-05,-5.053475e-05,-5.451890e-05,-5.853232e-05,-6.254082e-05,1.311909e-05,1.259253e-05,1.207202e-05,1.139349e-05,1.047808e-05,9.639977e-06,8.985707e-06,8.458871e-06,8.054509e-06,7.407460e-06,6.227502e-06,4.576797e-06,2.539584e-06,2.206989e-07,-2.315342e-06,-4.996974e-06,-7.725242e-06,-1.044755e-05,4.453026e-05,4.130277e-05,3.807746e-05,3.482771e-05,3.152349e-05,2.794447e-05,2.392083e-05,1.960559e-05,1.498499e-05,9.736524e-06,3.641143e-06,-3.379482e-06,-1.126537e-05,-1.981586e-05,-2.873015e-05,-3.777613e-05,-4.683217e-05,-5.588436e-05,1.949037e-06,9.412486e-07,-8.196039e-08,-9.324999e-07,-1.511975e-06,-2.008711e-06,-2.497036e-06,-2.983129e-06,-3.504455e-06,-3.909910e-06,-4.127959e-06,-4.325364e-06,-4.743237e-06,-5.538517e-06,-6.741569e-06,-8.241527e-06,-9.838869e-06,-1.142743e-05
2.117801e-06,-3.888064e-07,-3.746756e-05,2.827416e-04,2.982073e-04,3.135156e-04,3.282413e-04,3.446809e-04,3.622772e-04,3.788080e-04,3.895489e-04,3.710441e-04,3.459234e-04,3.196854e-04,2.957310e-04,2.739832e-04,2.548057e-04,2.378687e-04,2.230152e-04,2.091957e-04,1.952502e-04,2.098282e-05,1.447696e-05,7.970487e-06,1.465754e-06,-5.045746e-06,-1.137601e-05,-1.745697e-05,-2.380370e-05,-3.062242e-05,-3.747378e-05,-4.407668e-05,-5.033712e-05,-5.633921e-05,-6.217687e-05,-6.793344e-05,-7.370814e-05,-7.951512e-05,-8.531705e-05,1.093107e-05,1.097502e-05,1.102307e-05,1.093521e-05,1.063615e-05,1.035140e-05,1.013097e-05,9.885032e-06,9.575769e-06,8.751936e-06,7.069218e-06,4.643271e-06,1.638318e-06,-1.775547e-06,-5.489187e-06,-9.395945e-06,-1.337245e-05,-1.734169e-05,4.430628e-05,4.111341e-05,3.792263e-05,3.470822e-05,3.143991e-05,2.790935e-05,2.395535e-05,1.972229e-05,1.519147e-05,1.003106e-05,4.015864e-06,-2.933677e-06,-1.075449e-05,-1.924385e-05,-2.809845e-05,-3.708417e-05,-4.607972e-05,-5.507153e-05,2.309077e-06,1.197084e-06,7.021487e-08,-8.895891e-07,-1.586764e-06,-2.195634e-06,-2.782942e-06,-3.350862e-06,-3.932467e-06,-4.367589e-06,-4.578404e-06,-4.736311e-06,-5.088881e-06,-5.798970e-06,-6.901897e-06,-8.292619e-06,-9.776856e-06,-1.125264e-05
2.013055e-06,-4.546699e-07,-3.660315e-05,2.817338e-04,2.922405e-04,3.026087e-04,3.122368e-04,3.236856e-04,3.373667e-04,3.546211e-04,3.710441e-04,3.836863e-04,3.655201e-04,3.411847e-04,3.129827e-04,2.839199e-04,2.557000e-04,2.291388e-04,2.048028e-04,1.816611e-04,1.583907e-04,2.785342e-05,1.903230e-05,1.021078e-05,1.390146e-06,-7.434351e-06,-1.611537e-05,-2.460476e-05,-3.330653e-05,-4.233765e-05,-5.117686e-05,-5.947985e-05,-6.714293e-05,-7.429479e-05,-8.109958e-05,-8.773368e-05,-9.436725e-05,-1.010336e-04,-1.076952e-04,1.491241e-05,1.509265e-05,1.527690e-05,1.531875e-05,1.510928e-05,1.477286e-05,1.429314e-05,1.353760e-05,1.242281e-05,1.044298e-05,7.221976e-06,2.952036e-06,-2.091752e-06,-7.652975e-06,-1.357333e-05,-1.971556e-05,-2.594413e-05,-3.216463e-05,4.247300e-05,3.943846e-05,3.640589e-05,3.335031e-05,3.024151e-05,2.688120e-05,2.311468e-05,1.907059e-05,1.472037e-05,9.727953e-06,3.864459e-06,-2.950218e-06,-1.064883e-05,-1.902472e-05,-2.776941e-05,-3.664519e-05,-4.553079e-05,-5.441275e-05,2.440028e-06,1.196668e-06,-6.121426e-08,-1.155036e-06,-1.987774e-06,-2.717646e-06,-3.402366e-06,-4.038373e-06,-4.652077e-06,-5.078595e-06,-5.236720e-06,-5.304636e-06,-5.539150e-06,-6.111066e-06,-7.061000e-06,-8.289983e-06,-9.608671e-06,-1.091923e-05
1.952330e-06,-6.151609e-07,-3.537536e-05,2.772805e-04,2.842896e-04,2.911869e-04,2.970795e-04,3.043058e-04,3.137693e-04,3.277672e-04,3.459234e-04,3.655201e-04,3.791041e-04,3.616149e-04,3.342789e-04,2.993311e-04,2.619633e-04,2.243689e-04,1.884500e-04,1.536010e-04,1.186455e-04,2.859522e-05,1.805028e-05,7.505070e-06,-3.039846e-06,-1.358722e-05,-2.401271e-05,-3.427029e-05,-4.464329e-05,-5.514512e-05,-6.520052e-05,-7.439536e-05,-8.259278e-05,-8.995379e-05,-9.672621e-05,-1.032030e-04,-1.096427e-04,-1.161097e-04,-1.225729e-04,2.208687e-05,2.152382e-05,2.096544e-05,2.024945e-05,1.922757e-05,1.794246e-05,1.632860e-05,1.422654e-05,1.151891e-05,7.697443e-06,2.370456e-06,-4.200260e-06,-1.162636e-05,-1.957507e-05,-2.786125e-05,-3.634387e-05,-4.490776e-05,-5.346428e-05,4.056038e-05,3.772564e-05,3.489276e-05,3.203759e-05,2.913082e-05,2.598387e-05,2.244810e-05,1.863490e-05,1.450481e-05,9.724936e-06,4.064106e-06,-2.560882e-06,-1.008085e-05,-1.828600e-05,-2.686286e-05,-3.557058e-05,-4.428817e-05,-5.300216e-05,1.505786e-06,2.070723e-07,-1.105788e-06,-2.257662e-06,-3.149505e-06,-3.924100e-06,-4.631422e-06,-5.263780e-06,-5.842017e-06,-6.204225e-06,-6.268197e-06,-6.216473e-06,-6.313139e-06,-6.734780e-06,-7.524624e-06,-8.587846e-06,-9.738197e-06,-1.088062e-05
1.996180e-06,-7.149264e-07,-3.419118e-05,2.719886e-04,2.767516e-04,2.814275e-04,2.848668e-04,2.890885e-04,2.947511e-04,3.045737e-04,3.196854e-04,3.411847e-04,3.616149e-04,3.760544e-04,3.555460e-04,3.215129e-04,2.783595e-04,2.316308e-04,1.847732e-04,1.383883e-04,9.195234e-05,2.128969e-05,1.055137e-05,-1.871619e-07,-1.092569e-05,-2.166638e-05,-3.228915e-05,-4.272867e-05,-5.314833e-05,-6.346022e-05,-7.306659e-05,-8.150131e-05,-8.858078e-05,-9.446445e-05,-9.948403e-05,-1.040557e-04,-1.085308e-04,-1.130183e-04,-1.175043e-04,2.879203e-05,2.640909e-05,2.403158e-05,2.148291e-05,1.858806e-05,1.534965e-05,1.169361e-05,7.473023e-06,2.573967e-06,-3.449434e-06,-1.095224e-05,-1.962377e-05,-2.899630e-05,-3.870118e-05,-4.857454e-05,-5.852396e-05,-6.850991e-05,-7.849181e-05,3.941847e-05,3.677408e-05,3.413144e-05,3.146727e-05,2.875386e-05,2.580990e-05,2.248995e-05,1.888825e-05,1.495448e-05,1.036306e-05,4.882987e-06,-1.573103e-06,-8.937898e-06,-1.699857e-05,-2.543579e-05,-3.400521e-05,-4.258489e-05,-5.116082e-05,3.899711e-07,-8.441849e-07,-2.092165e-06,-3.182039e-06,-4.013526e-06,-4.719109e-06,-5.345874e-06,-5.886861e-06,-6.361909e-06,-6.619910e-06,-6.584056e-06,-6.438276e-06,-6.449348e-06,-6.794944e-06,-7.515398e-06,-8.514084e-06,-9.601534e-06,-1.068088e-05
2.084304e-06,-7.541659e-07,-3.313247e-05,2.665911e-04,2.700339e-04,2.734077e-04,2.753902e-04,2.776776e-04,2.802859e-04,2.856330e-04,2.957310e-04,3.129827e-04,3.342789e-04,3.555460e-04,3.678110e-04,3.428740e-04,3.038324e-04,2.551911e-04,2.036736e-04,1.513992e-04,9.918848e-05,1.175506e-06,-6.942352e-06,-1.506044e-05,-2.317852e-05,-3.129936e-05,-3.929054e-05,-4.705023e-05,-5.462945e-05,-6.185398e-05,-6.813809e-05,-7.300516e-05,-7.624001e-05,-7.795555e-05,-7.854812e-05,-7.854216e-05,-7.836392e-05,-7.817339e-05,-7.798462e-05,3.343646e-05,2.902714e-05,2.462391e-05,2.004069e-05,1.508928e-05,9.769936e-06,4.035382e-06,-2.216189e-06,-9.062924e-06,-1.684026e-05,-2.581031e-05,-3.561421e-05,-4.573122e-05,-5.578575e-05,-6.567381e-05,-7.541092e-05,-8.509423e-05,-9.477973e-05,3.871798e-05,3.624365e-05,3.377099e-05,3.127755e-05,2.873759e-05,2.597427e-05,2.284253e-05,1.942044e-05,1.564837e-05,1.121168e-05,5.884847e-06,-4.208164e-07,-7.645055e-06,-1.557376e-05,-2.388262e-05,-3.232570e-05,-4.077975e-05,-4.922972e-05,-8.496410e-07,-1.914800e-06,-2.993506e-06,-3.916851e-06,-4.584077e-06,-5.122247e-06,-5.579669e-06,-5.953878e-06,-6.267492e-06,-6.385627e-06,-6.243661e-06,-6.026527e-06,-6.000839e-06,-6.342342e-06,-7.084061e-06,-8.120695e-06,-9.252635e-06,-1.037587e-05
2.330082e-06,-5.897945e-07,-3.219018e-05,2.616869e-04,2.642843e-04,2.668239e-04,2.679151e-04,2.690070e-04,2.691895e-04,2.701636e-04,2.739832e-04,2.839199e-04,2.993311e-04,3.215129e-04,3.428740e-04,3.558436e-04,3.328969e-04,2.969869e-04,2.533038e-04,2.074015e-04,1.616430e-04,-3.718245e-05,-3.899671e-05,-4.081128e-05,-4.262556e-05,-4.444390e-05,-4.610619e-05,-4.745956e-05,-4.844692e-05,-4.882281e-05,-4.803994e-05,-4.563945e-05,-4.138795e-05,-3.535768e-05,-2.799061e-05,-1.989349e-05,-1.153803e-05,-3.136676e-06,5.258669e-06,3.288038e-05,2.748215e-05,2.209034e-05,1.651687e-05,1.057369e-05,4.292357e-06,-2.316614e-06,-9.282187e-06,-1.661854e-05,-2.451693e-05,-3.310888e-05,-4.199930e-05,-5.063888e-05,-5.865859e-05,-6.602386e-05,-7.291262e-05,-7.961472e-05,-8.632791e-05,3.939719e-05,3.705091e-05,3.470621e-05,3.234153e-05,2.993359e-05,2.730732e-05,2.431526e-05,2.101935e-05,1.735167e-05,1.301033e-05,7.778337e-06,1.568169e-06,-5.565158e-06,-1.340712e-05,-2.163006e-05,-2.998945e-05,-3.836074e-05,-4.672745e-05,-1.085861e-06,-1.903947e-06,-2.735322e-06,-3.414536e-06,-3.841514e-06,-4.143086e-06,-4.373123e-06,-4.537502e-06,-4.665176e-06,-4.641430e-06,-4.417993e-06,-4.178972e-06,-4.187403e-06,-4.614855e-06,-5.485641e-06,-6.679262e-06,-7.979460e-06,-9.269959e-06
2.797912e-06,-2.608441e-07,-3.137295e-05,2.581893e-04,2.599785e-04,2.617102e-04,2.620842e-04,2.624144e-04,2.607012e-04,2.576383e-04,2.548057e-04,2.557000e-04,2.619633e-04,2.783595e-04,3.038324e-04,3.328969e-04,3.576292e-04,3.501566e-04,3.330619e-04,3.108622e-04,2.891789e-04,-9.051087e-05,-8.307943e-05,-7.564841e-05,-6.821659e-05,-6.079060e-05,-5.317085e-05,-4.514362e-05,-3.654908e-05,-2.708486e-05,-1.625620e-05,-3.633795e-06,1.103714e-05,2.772716e-05,4.595428e-05,6.504462e-05,8.449882e-05,1.040395e-04,1.235691e-04,2.466636e-05,2.018569e-05,1.571131e-05,1.106426e-05,6.075973e-06,8.452631e-07,-4.527183e-06,-9.968413e-06,-1.539853e-05,-2.083922e-05,-2.626621e-05,-3.127526e-05,-3.532683e-05,-3.808671e-05,-3.959120e-05,-4.022208e-05,-4.050377e-05,-4.080743e-05,4.210985e-05,3.980480e-05,3.750125e-05,3.517857e-05,3.281647e-05,3.023939e-05,2.729554e-05,2.403106e-05,2.037083e-05,1.602585e-05,1.078863e-05,4.573181e-06,-2.569693e-06,-1.042446e-05,-1.866086e-05,-2.703729e-05,-3.542664e-05,-4.381079e-05,-4.853159e-07,-9.932124e-07,-1.514132e-06,-1.886904e-06,-2.014109e-06,-2.027884e-06,-1.992412e-06,-1.926156e-06,-1.868557e-06,-1.728199e-06,-1.475964e-06,-1.291367e-06,-1.428397e-06,-2.050389e-06,-3.172715e-06,-4.654458e-06,-6.257474e-06,-7.849489e-06
3.287044e-06,2.811325e-07,-3.065788e-05,2.567808e-04,2.574027e-04,2.579516e-04,2.574417e-04,2.571629e-04,2.539242e-04,2.472533e-04,2.378687e-04,2.291388e-04,2.243689e-04,2.316308e-04,2.551911e-04,2.969869e-04,3.501566e-04,4.058418e-04,4.342863e-04,4.584305e-04,4.825032e-04,-1.479397e-04,-1.301114e-04,-1.122837e-04,-9.445455e-05,-7.663312e-05,-5.857387e-05,-3.999773e-05,-2.065093e-05,-1.885019e-07,2.182394e-05,4.578443e-05,7.198332e-05,1.004564e-04,1.306978e-04,1.619798e-04,1.937766e-04,2.257067e-04,2.576198e-04,6.250161e-06,4.798191e-06,3.351807e-06,1.756222e-06,-1.088273e-07,-2.034905e-06,-3.792824e-06,-5.171882e-06,-5.961227e-06,-5.984981e-06,-5.039518e-06,-2.736607e-06,1.419577e-06,7.692153e-06,1.591474e-05,2.545940e-05,3.553505e-05,4.557613e-05,4.514942e-05,4.286908e-05,4.059017e-05,3.829317e-05,3.596105e-05,3.341642e-05,3.050176e-05,2.724822e-05,2.357459e-05,1.920435e-05,1.393864e-05,7.691234e-06,5.063895e-07,-7.400622e-06,-1.569749e-05,-2.414444e-05,-3.260602e-05,-4.106164e-05,1.381182e-06,1.241385e-06,1.088870e-06,1.079023e-06,1.303119e-06,1.617505e-06,1.942540e-06,2.242413e-06,2.462643e-06,2.668004e-06,2.865791e-06,2.884016e-06,2.481781e-06,1.508649e-06,-3.401933e-08,-1.979180e-06,-4.062617e-06,-6.133516e-06
3.798613e-06,1.041418e-06,-3.003650e-05,2.573974e-04,2.564371e-04,2.553740e-04,2.537332e-04,2.528573e-04,2.483476e-04,2.385253e-04,2.230152e-04,2.048028e-04,1.884500e-04,1.847732e-04,2.036736e-04,2.533038e-04,3.330619e-04,4.342863e-04,5.448318e-04,6.369588e-04,7.321256e-04,-2.012997e-04,-1.734561e-04,-1.456133e-04,-1.177681e-04,-8.993254e-05,-6.181426e-05,-3.307084e-05,-3.368667e-06,2.766309e-05,6.039055e-05,9.517721e-05,1.323571e-04,1.720509e-04,2.137535e-04,2.567080e-04,3.003747e-04,3.442277e-04,3.880567e-04,-2.094036e-05,-1.783533e-05,-1.472585e-05,-1.172981e-05,-8.893231e-06,-5.864896e-06,-2.258594e-06,2.300765e-06,8.182584e-06,1.577888e-05,2.548728e-05,3.766551e-05,5.274408e-05,7.089384e-05,9.177562e-05,1.144741e-04,1.379020e-04,1.612812e-04,4.860406e-05,4.631197e-05,4.402127e-05,4.171362e-05,3.937533e-05,3.682655e-05,3.390351e-05,3.062367e-05,2.690116e-05,2.247160e-05,1.714433e-05,1.083186e-05,3.569765e-06,-4.429200e-06,-1.283250e-05,-2.140249e-05,-2.998952e-05,-3.856967e-05,4.717224e-06,4.966723e-06,5.203839e-06,5.576805e-06,6.167368e-06,6.815236e-06,7.421291e-06,7.928630e-06,8.264347e-06,8.464539e-06,8.513367e-06,8.248015e-06,7.443108e-06,5.964046e-06,3.834831e-06,1.254264e-06,-1.483604e-06,-4.207184e-06
4.337680e-06,1.818543e-06,-2.946575e-05,2.590897e-04,2.563269e-04,2.534241e-04,2.505108e-04,2.490049e-04,2.433186e-04,2.305773e-04,2.091957e-04,1.816611e-04,1.536010e-04,1.383883e-04,1.513992e-04,2.074015e-04,3.108622e-04,4.584305e-04,6.369588e-04,8.376348e-04,1.030752e-03,-2.497535e-04,-2.125456e-04,-1.753386e-04,-1.381284e-04,-1.009294e-04,-6.340468e-05,-2.515228e-05,1.422921e-05,5.512271e-05,9.781555e-05,1.426276e-04,1.899322e-04,2.399378e-04,2.921527e-04,3.458042e-04,4.003530e-04,4.551427e-04,5.099016e-04,-5.162100e-05,-4.337301e-05,-3.512192e-05,-2.694295e-05,-1.879513e-05,-1.017026e-05,-5.141038e-07,1.072270e-05,2.407842e-05,4.016816e-05,5.958921e-05,8.266491e-05,1.097530e-04,1.409270e-04,1.756656e-04,2.127498e-04,2.507789e-04,2.887442e-04,5.236945e-05,5.004839e-05,4.772867e-05,4.539321e-05,4.303175e-05,4.046214e-05,3.751483e-05,3.419537e-05,3.041495e-05,2.592232e-05,2.053593e-05,1.416747e-05,6.843437e-06,-1.227244e-06,-9.713008e-06,-1.838000e-05,-2.706630e-05,-3.574477e-05,7.958553e-06,8.646391e-06,9.322183e-06,1.012666e-05,1.113077e-05,1.215600e-05,1.308272e-05,1.383200e-05,1.431143e-05,1.452788e-05,1.444177e-05,1.389972e-05,1.269238e-05,1.070133e-05,7.974108e-06,4.743020e-06,1.333839e-06,-2.059177e-06
4.858173e-06,2.581894e-06,-2.888491e-05,2.606586e-04,2.561054e-04,2.513756e-04,2.471972e-04,2.450610e-04,2.381903e-04,2.225158e-04,1.952502e-04,1.583907e-04,1.186455e-04,9.195234e-05,9.918848e-05,1.616430e-04,2.891789e-04,4.825032e-04,7.321256e-04,1.030752e-03,1.362414e-03,-2.982901e-04,-2.516961e-04,-2.051032e-04,-1.585062e-04,-1.119222e-04,-6.496926e-05,-1.718610e-05,3.189718e-05,8.267629e-05,1.353602e-04,1.902256e-04,2.476847e-04,3.080337e-04,3.707931e-04,4.351736e-04,5.006356e-04,5.663925e-04,6.321118e-04,-8.199287e-05,-6.864660e-05,-5.529855e-05,-4.198166e-05,-2.856871e-05,-1.439553e-05,1.259330e-06,1.911877e-05,3.988918e-05,6.440825e-05,9.347258e-05,1.273716e-04,1.663909e-04,2.105072e-04,2.590181e-04,3.104024e-04,3.629468e-04,4.154126e-04,5.595202e-05,5.361147e-05,5.127222e-05,4.891843e-05,4.654329e-05,4.396245e-05,4.100064e-05,3.765144e-05,3.382316e-05,2.927778e-05,2.384283e-05,1.742924e-05,1.005445e-05,1.923597e-06,-6.632725e-06,-1.538449e-05,-2.415762e-05,-3.292200e-05,1.109138e-05,1.221964e-05,1.333620e-05,1.457430e-05,1.599423e-05,1.739946e-05,1.865009e-05,1.964535e-05,2.027351e-05,2.051227e-05,2.029833e-05,1.948772e-05,1.788704e-05,1.539393e-05,1.207937e-05,8.208890e-06,4.139707e-06,8.853729e-08
-1.449515e-04,5.214522e-06,-1.789801e-06,9.250917e-05,6.787777e-05,4.281435e-05,2.238030e-05,1.755591e-06,-6.694905e-06,5.874862e-06,2.098282e-05,2.785342e-05,2.859522e-05,2.128969e-05,1.175506e-06,-3.718245e-05,-9.051087e-05,-1.479397e-04,-2.012997e-04,-2.497535e-04,-2.982901e-04,2.232435e-03,2.052127e-03,1.875006e-03,1.704247e-03,1.543073e-03,1.393624e-03,1.257430e-03,1.134268e-03,1.023182e-03,9.223571e-04,8.299061e-04,7.438128e-04,6.620154e-04,5.830614e-04,5.057228e-04,4.288948e-04,3.520576e-04,2.752119e-04,-2.275414e-04,-2.111521e-04,-1.947627e-04,-1.781238e-04,-1.603769e-04,-1.414168e-04,-1.218618e-04,-1.026663e-04,-8.471395e-05,-6.849907e-05,-5.435356e-05,-4.230891e-05,-3.250137e-05,-2.476636e-05,-1.849342e-05,-1.310949e-05,-8.213761e-06,-3.299366e-06,-1.085067e-03,-1.054776e-03,-1.024470e-03,-9.942180e-04,-9.644655e-04,-9.354341e-04,-9.075056e-04,-8.806177e-04,-8.547059e-04,-8.294923e-04,-8.051053e-04,-7.815856e-04,-7.587724e-04,-7.364074e-04,-7.143439e-04,-6.925437e-04,-6.708835e-04,-6.492124e-04,8.644960e-05,7.812127e-05,6.979407e-05,6.141670e-05,5.279473e-05,4.401092e-05,3.545295e-05,2.758858e-05,2.087842e-05,1.555548e-05,1.166016e-05,8.998030e-06,7.255790e-06,6.253236e-06,5.904818e-06,5.994717e-06,6.217168e-06,6.424625e-06
-1.447121e-04,5.097229e-06,-1.346715e-06,8.119791e-05,5.878635e-05,3.599019e-05,1.736468e-05,-1.401922e-06,-9.203821e-06,1.792744e-06,1.447696e-05,1.903230e-05,1.805028e-05,1.055137e-05,-6.942352e-06,-3.899671e-05,-8.307943e-05,-1.301114e-04,-1.734561e-04,-2.125456e-04,-2.516961e-04,2.052127e-03,1.906457e-03,1.759935e-03,1.616821e-03,1.480042e-03,1.351917e-03,1.234121e-03,1.126744e-03,1.029191e-03,9.400317e-04,8.577761e-04,7.808072e-04,7.074207e-04,6.364007e-04,5.667240e-04,4.974768e-04,4.282245e-04,3.589641e-04,-2.074859e-04,-1.923240e-04,-1.771621e-04,-1.617731e-04,-1.453854e-04,-1.279073e-04,-1.098957e-04,-9.222111e-05,-7.568768e-05,-6.072054e-05,-4.759397e-05,-3.632219e-05,-2.700908e-05,-1.950194e-05,-1.326438e-05,-7.799796e-06,-2.761846e-06,2.291930e-06,-1.095261e-03,-1.063580e-03,-1.031884e-03,-1.000237e-03,-9.690620e-04,-9.385696e-04,-9.091299e-04,-8.806857e-04,-8.531792e-04,-8.263392e-04,-8.003025e-04,-7.751216e-04,-7.506451e-04,-7.266158e-04,-7.028886e-04,-6.794315e-04,-6.561199e-04,-6.327966e-04,8.413114e-05,7.600158e-05,6.787323e-05,5.969638e-05,5.128920e-05,4.273703e-05,3.441846e-05,2.679059e-05,2.030463e-05,1.518403e-05,1.146207e-05,8.945503e-06,7.321884e-06,6.414383e-06,6.147668e-06,6.313345e-06,6.606816e-06,6.885615e-06
-1.444727e-04,4.980035e-06,-9.035853e-07,6.988614e-05,4.969413e-05,2.916497e-05,1.234774e-05,-4.560809e-06,-1.171392e-05,-2.290247e-06,7.970487e-06,1.021078e-05,7.505070e-06,-1.871619e-07,-1.506044e-05,-4.081128e-05,-7.564841e-05,-1.122837e-04,-1.456133e-04,-1.753386e-04,-2.051032e-04,1.875006e-03,1.759935e-03,1.645094e-03,1.529335e-03,1.417028e-03,1.310207e-03,1.210814e-03,1.119220e-03,1.035199e-03,9.577059e-04,8.856457e-04,8.178010e-04,7.528252e-04,6.897391e-04,6.277241e-04,5.660574e-04,5.043899e-04,4.427148e-04,-1.874297e-04,-1.734953e-04,-1.595610e-04,-1.454221e-04,-1.303938e-04,-1.143976e-04,-9.792967e-05,-8.177608e-05,-6.666165e-05,-5.294235e-05,-4.083482e-05,-3.033601e-05,-2.151743e-05,-1.423824e-05,-8.036163e-06,-2.491035e-06,2.689042e-06,7.882101e-06,-1.105454e-03,-1.072383e-03,-1.039298e-03,-1.006255e-03,-9.736579e-04,-9.417046e-04,-9.107537e-04,-8.807532e-04,-8.516521e-04,-8.231856e-04,-7.954992e-04,-7.686572e-04,-7.425173e-04,-7.168238e-04,-6.914329e-04,-6.663189e-04,-6.413558e-04,-6.163805e-04,8.181337e-05,7.388257e-05,6.595308e-05,5.797673e-05,4.978433e-05,4.146379e-05,3.338462e-05,2.599325e-05,1.973146e-05,1.481319e-05,1.126458e-05,8.893554e-06,7.388536e-06,6.576069e-06,6.391039e-06,6.632475e-06,6.996947e-06,7.347069e-06
-1.442336e-04,4.862517e-06,-4.605249e-07,5.857104e-05,4.060075e-05,2.234074e-05,7.333739e-06,-7.715768e-06,-1.422035e-05,-6.370512e-06,1.465754e-06,1.390146e-06,-3.039846e-06,-1.092569e-05,-2.317852e-05,-4.262556e-05,-6.821659e-05,-9.445455e-05,-1.177681e-04,-1.381284e-04,-1.585062e-04,1.704247e-03,1.616821e-03,1.529335e-03,1.442091e-03,1.353946e-03,1.268513e-03,1.187501e-03,1.111698e-03,1.041209e-03,9.753818e-04,9.135174e-04,8.547975e-04,7.982330e-04,7.430815e-04,6.887287e-04,6.346431e-04,5.805609e-04,5.264716e-04,-1.673826e-04,-1.546747e-04,-1.419668e-04,-1.290768e-04,-1.154068e-04,-1.008915e-04,-8.596617e-05,-7.133264e-05,-5.763631e-05,-4.516400e-05,-3.407470e-05,-2.434809e-05,-1.602329e-05,-8.971332e-06,-2.804021e-06,2.822366e-06,8.145279e-06,1.347833e-05,-1.115650e-03,-1.081189e-03,-1.046714e-03,-1.012275e-03,-9.782564e-04,-9.448421e-04,-9.123799e-04,-8.808230e-04,-8.501271e-04,-8.200341e-04,-7.906979e-04,-7.621948e-04,-7.343913e-04,-7.070335e-04,-6.799790e-04,-6.532079e-04,-6.265933e-04,-5.999658e-04,7.949333e-05,7.176129e-05,6.403065e-05,5.625482e-05,4.827721e-05,4.018831e-05,3.234856e-05,2.519373e-05,1.915617e-05,1.444028e-05,1.106508e-05,8.839678e-06,7.453345e-06,6.735998e-06,6.632739e-06,6.950023e-06,7.385583e-06,7.807118e-06
-1.439933e-04,4.746165e-06,-1.691569e-08,4.721400e-05,3.146907e-05,1.548189e-05,2.288811e-06,-1.089630e-05,-1.674536e-05,-1.046251e-05,-5.045746e-06,-7.434351e-06,-1.358722e-05,-2.166638e-05,-3.129936e-05,-4.444390e-05,-6.079060e-05,-7.663312e-05,-8.993254e-05,-1.009294e-04,-1.119222e-04,1.543073e-03,1.480042e-03,1.417028e-03,1.353946e-03,1.291124e-03,1.226763e-03,1.164212e-03,1.104174e-03,1.047218e-03,9.930529e-04,9.413818e-04,8.917838e-04,8.436279e-04,7.964082e-04,7.497150e-04,7.032079e-04,6.567085e-04,6.102025e-04,-1.473445e-04,-1.358625e-04,-1.243807e-04,-1.127392e-04,-1.004272e-04,-8.739240e-05,-7.400942e-05,-6.089570e-05,-4.861729e-05,-3.739189e-05,-2.732083e-05,-1.836651e-05,-1.053565e-05,-3.711140e-06,2.421150e-06,8.128517e-06,1.359397e-05,1.906673e-05,-1.125838e-03,-1.089986e-03,-1.054122e-03,-1.018287e-03,-9.828466e-04,-9.479713e-04,-9.139981e-04,-8.808850e-04,-8.485946e-04,-8.168753e-04,-7.858895e-04,-7.557255e-04,-7.262587e-04,-6.972369e-04,-6.685189e-04,-6.400911e-04,-6.118252e-04,-5.835458e-04,7.718201e-05,6.964859e-05,6.211664e-05,5.454117e-05,4.677818e-05,3.892076e-05,3.132026e-05,2.440176e-05,1.858822e-05,1.407450e-05,1.087250e-05,8.792480e-06,7.524604e-06,6.902156e-06,6.880451e-06,7.273368e-06,7.779805e-06,8.272539e-06
-1.437374e-04,4.641780e-06,4.083716e-07,3.615731e-05,2.265699e-05,8.961725e-06,-2.398309e-06,-1.373051e-05,-1.896832e-05,-1.431703e-05,-1.137601e-05,-1.611537e-05,-2.401271e-05,-3.228915e-05,-3.929054e-05,-4.610619e-05,-5.317085e-05,-5.857387e-05,-6.181426e-05,-6.340468e-05,-6.496926e-05,1.393624e-03,1.351917e-03,1.310207e-03,1.268513e-03,1.226763e-03,1.184735e-03,1.140424e-03,1.096320e-03,1.052956e-03,1.010533e-03,9.691247e-04,9.287167e-04,8.890346e-04,8.498104e-04,8.108395e-04,7.719732e-04,7.331188e-04,6.942582e-04,-1.276816e-04,-1.174046e-04,-1.071278e-04,-9.671402e-05,-8.573808e-05,-7.416155e-05,-6.229842e-05,-5.068160e-05,-3.979759e-05,-2.979506e-05,-2.071788e-05,-1.251109e-05,-5.148905e-06,1.473970e-06,7.597523e-06,1.341246e-05,1.904724e-05,2.468647e-05,-1.135863e-03,-1.098630e-03,-1.061385e-03,-1.024164e-03,-9.873102e-04,-9.509828e-04,-9.155066e-04,-8.808450e-04,-8.469671e-04,-8.136284e-04,-7.809999e-04,-7.491816e-04,-7.180585e-04,-6.873795e-04,-6.570051e-04,-6.269275e-04,-5.970172e-04,-5.670929e-04,7.497585e-05,6.763836e-05,6.030242e-05,5.292469e-05,4.537363e-05,3.774490e-05,3.038073e-05,2.369544e-05,1.810256e-05,1.378748e-05,1.075505e-05,8.816676e-06,7.663295e-06,7.131518e-06,7.186867e-06,7.650712e-06,8.223239e-06,8.782392e-06
-1.434584e-04,4.545321e-06,8.046659e-07,2.573491e-05,1.446220e-05,3.040436e-06,-6.492643e-06,-1.602092e-05,-2.073055e-05,-1.782504e-05,-1.745697e-05,-2.460476e-05,-3.427029e-05,-4.272867e-05,-4.705023e-05,-4.745956e-05,-4.514362e-05,-3.999773e-05,-3.307084e-05,-2.515228e-05,-1.718610e-05,1.257430e-03,1.234121e-03,1.210814e-03,1.187501e-03,1.164212e-03,1.140424e-03,1.115764e-03,1.087514e-03,1.058045e-03,1.027551e-03,9.966095e-04,9.655806e-04,9.345579e-04,9.035101e-04,8.724400e-04,8.413921e-04,8.103602e-04,7.793227e-04,-1.089455e-04,-9.982822e-05,-9.071107e-05,-8.147927e-05,-7.178950e-05,-6.161597e-05,-5.121265e-05,-4.102821e-05,-3.146998e-05,-2.261839e-05,-1.446090e-05,-6.925302e-06,4.661356e-08,6.548130e-06,1.274480e-05,1.875017e-05,2.463771e-05,3.052682e-05,-1.145612e-03,-1.107016e-03,-1.068408e-03,-1.029818e-03,-9.915689e-04,-9.538068e-04,-9.168441e-04,-8.806488e-04,-8.451968e-04,-8.102509e-04,-7.759911e-04,-7.425299e-04,-7.097613e-04,-6.774360e-04,-6.454158e-04,-6.136991e-04,-5.821551e-04,-5.505964e-04,7.286714e-05,6.572347e-05,5.858142e-05,5.139936e-05,4.405770e-05,3.665444e-05,2.952272e-05,2.306615e-05,1.768883e-05,1.356690e-05,1.069840e-05,8.895786e-06,7.850636e-06,7.402807e-06,7.528013e-06,8.055247e-06,8.686185e-06,9.304088e-06
-1.431395e-04,4.454877e-06,1.195228e-06,1.603530e-05,6.821741e-06,-2.497711e-06,-1.034733e-05,-1.824164e-05,-2.258878e-05,-2.155903e-05,-2.380370e-05,-3.330653e-05,-4.464329e-05,-5.314833e-05,-5.462945e-05,-4.844692e-05,-3.654908e-05,-2.065093e-05,-3.368667e-06,1.422921e-05,3.189718e-05,1.134268e-03,1.126744e-03,1.119220e-03,1.111698e-03,1.104174e-03,1.096320e-03,1.087514e-03,1.076816e-03,1.061439e-03,1.043445e-03,1.023419e-03,1.002231e-03,9.803095e-04,9.578743e-04,9.351359e-04,9.123356e-04,8.895558e-04,8.667707e-04,-9.160201e-05,-8.360047e-05,-7.559900e-05,-6.750394e-05,-5.904760e-05,-5.021416e-05,-4.119750e-05,-3.236184e-05,-2.403522e-05,-1.623019e-05,-8.879276e-06,-1.893781e-06,4.816165e-06,1.133081e-05,1.774004e-05,2.407849e-05,3.036305e-05,3.664625e-05,-1.154943e-03,-1.115009e-03,-1.075064e-03,-1.035130e-03,-9.955112e-04,-9.563390e-04,-9.179126e-04,-8.802032e-04,-8.431939e-04,-8.066548e-04,-7.707753e-04,-7.356803e-04,-7.012739e-04,-6.673088e-04,-6.336486e-04,-6.002981e-04,-5.671257e-04,-5.339380e-04,7.082286e-05,6.387623e-05,5.693127e-05,4.994796e-05,4.281780e-05,3.564085e-05,2.874118e-05,2.251161e-05,1.734677e-05,1.341371e-05,1.070390e-05,9.030948e-06,8.087193e-06,7.715833e-06,7.902853e-06,8.485056e-06,9.165798e-06,9.833861e-06
-1.427919e-04,4.359736e-06,1.591264e-06,7.067101e-06,-3.289751e-07,-7.791368e-06,-1.416478e-05,-2.064099e-05,-2.481548e-05,-2.577359e-05,-3.062242e-05,-4.233765e-05,-5.514512e-05,-6.346022e-05,-6.185398e-05,-4.882281e-05,-2.708486e-05,-1.885019e-07,2.766309e-05,5.512271e-05,8.267629e-05,1.023182e-03,1.029191e-03,1.035199e-03,1.041209e-03,1.047218e-03,1.052956e-03,1.058045e-03,1.061439e-03,1.062182e-03,1.057213e-03,1.048996e-03,1.038414e-03,1.026372e-03,1.013308e-03,9.996547e-04,9.858523e-04,9.720753e-04,9.582934e-04,-7.580489e-05,-6.890707e-05,-6.200920e-05,-5.503686e-05,-4.779031e-05,-4.025958e-05,-3.257655e-05,-2.501898e-05,-1.783360e-05,-1.096540e-05,-4.294718e-06,2.281978e-06,8.884444e-06,1.557782e-05,2.237397e-05,2.922560e-05,3.609012e-05,4.295021e-05,-1.163950e-03,-1.122702e-03,-1.081443e-03,-1.040190e-03,-9.992257e-04,-9.586667e-04,-9.187976e-04,-8.795923e-04,-8.410394e-04,-8.029170e-04,-7.654237e-04,-7.286975e-04,-6.926531e-04,-6.570461e-04,-6.217425e-04,-5.867543e-04,-5.519495e-04,-5.171288e-04,6.873688e-05,6.199673e-05,5.525830e-05,4.848295e-05,4.157226e-05,3.462808e-05,2.796528e-05,2.196569e-05,1.701430e-05,1.326911e-05,1.071544e-05,9.168279e-06,8.320959e-06,8.020208e-06,8.262462e-06,8.892592e-06,9.615842e-06,1.032679e-05
-1.424135e-04,4.243030e-06,1.979135e-06,-1.243084e-06,-7.013228e-06,-1.281391e-05,-1.786710e-05,-2.307228e-05,-2.717692e-05,-3.012981e-05,-3.747378e-05,-5.117686e-05,-6.520052e-05,-7.306659e-05,-6.813809e-05,-4.803994e-05,-1.625620e-05,2.182394e-05,6.039055e-05,9.781555e-05,1.353602e-04,9.223571e-04,9.400317e-04,9.577059e-04,9.753818e-04,9.930529e-04,1.010533e-03,1.027551e-03,1.043445e-03,1.057213e-03,1.067657e-03,1.072133e-03,1.073410e-03,1.072374e-03,1.069821e-03,1.066376e-03,1.062693e-03,1.059040e-03,1.055383e-03,-6.126981e-05,-5.550694e-05,-4.974393e-05,-4.392345e-05,-3.790643e-05,-3.168409e-05,-2.532382e-05,-1.901442e-05,-1.291880e-05,-6.913782e-06,-8.307592e-07,5.447178e-06,1.206819e-05,1.908042e-05,2.641505e-05,3.393903e-05,4.154648e-05,4.914623e-05,-1.172614e-03,-1.130078e-03,-1.087532e-03,-1.044985e-03,-1.002702e-03,-9.607809e-04,-9.194926e-04,-8.788115e-04,-8.387315e-04,-7.990375e-04,-7.599378e-04,-7.215838e-04,-6.839017e-04,-6.466506e-04,-6.097001e-04,-5.730698e-04,-5.366282e-04,-5.001701e-04,6.646244e-05,5.994255e-05,5.342445e-05,4.687068e-05,4.019211e-05,3.349200e-05,2.707593e-05,2.131453e-05,1.658281e-05,1.302981e-05,1.063514e-05,9.215285e-06,8.464578e-06,8.233352e-06,8.528658e-06,9.203802e-06,9.966279e-06,1.071685e-05
