1.169642e-08,-2.448534e-10,7.198377e-12,-5.553298e-10,-2.826978e-10,-1.217921e-11,1.360711e-10,2.900322e-10,4.269981e-10,6.613206e-10,6.301939e-10,2.665590e-10,-7.366864e-11,-3.153788e-10,-3.658308e-10,-1.208316e-11,7.932466e-10,1.598544e-09,2.546896e-09,3.621526e-09,4.651345e-09,-7.324665e-08,-7.341170e-08,-7.357652e-08,-7.374239e-08,-7.390457e-08,-7.401476e-08,-7.403838e-08,-7.391845e-08,-7.367721e-08,-7.330629e-08,-7.283394e-08,-7.227738e-08,-7.164195e-08,-7.093528e-08,-7.017978e-08,-6.942249e-08,-6.867868e-08,-6.793168e-08,1.652703e-09,1.823202e-09,1.993323e-09,2.151909e-09,2.273206e-09,2.359372e-09,2.394041e-09,2.395499e-09,2.370164e-09,2.312574e-09,2.250690e-09,2.184875e-09,2.131302e-09,2.084666e-09,2.019173e-09,1.932307e-09,1.847534e-09,1.763694e-09,9.909440e-08,9.535586e-08,9.161401e-08,8.786384e-08,8.419011e-08,8.060411e-08,7.718131e-08,7.388091e-08,7.069034e-08,6.753215e-08,6.449452e-08,6.163612e-08,5.894574e-08,5.635575e-08,5.383858e-08,5.142168e-08,4.906997e-08,4.671275e-08,-7.338503e-09,-6.228729e-09,-5.119830e-09,-3.996030e-09,-2.812458e-09,-1.594508e-09,-4.383647e-10,5.345339e-10,1.195355e-09,1.485427e-09,1.397372e-09,9.911655e-10,3.743645e-10,-4.060379e-10,-1.363842e-09,-2.453087e-09,-3.575581e-09,-4.693924e-09
-2.448534e-10,1.101155e-08,1.886826e-11,5.225030e-10,2.753791e-10,1.198413e-10,-9.462026e-11,-3.278993e-10,-3.295835e-10,-5.429495e-11,5.590852e-11,-3.220922e-11,-4.465825e-10,-8.319144e-10,-1.320724e-09,-1.571016e-09,-1.450028e-09,-9.440327e-10,-1.024751e-10,6.729811e-10,1.401366e-09,4.653887e-09,4.406319e-09,4.159063e-09,3.910744e-09,3.666264e-09,3.465594e-09,3.309382e-09,3.189230e-09,3.064809e-09,2.871792e-09,2.592267e-09,2.218763e-09,1.769213e-09,1.257761e-09,6.849724e-10,7.011374e-11,-5.563082e-10,-1.180665e-09,-7.115808e-08,-7.070288e-08,-7.024508e-08,-6.975938e-08,-6.928363e-08,-6.880969e-08,-6.837053e-08,-6.798021e-08,-6.765159e-08,-6.738577e-08,-6.722222e-08,-6.711337e-08,-6.703537e-08,-6.696998e-08,-6.690723e-08,-6.683064e-08,-6.673725e-08,-6.664087e-08,-6.769199e-09,-5.753244e-09,-4.738001e-09,-3.709561e-09,-2.630467e-09,-1.517803e-09,-4.592774e-10,4.296037e-10,1.033014e-09,1.296619e-09,1.217978e-09,8.555907e-10,3.099788e-10,-3.767636e-10,-1.222074e-09,-2.188227e-09,-3.184966e-09,-4.177844e-09,7.645657e-08,7.648959e-08,7.652195e-08,7.645922e-08,7.621397e-08,7.560141e-08,7.452955e-08,7.292184e-08,7.087127e-08,6.846045e-08,6.590046e-08,6.323859e-08,6.052890e-08,5.784272e-08,5.519236e-08,5.252441e-08,4.981975e-08,4.711477e-08
7.198377e-12,1.886826e-11,2.344657e-09,-1.966518e-08,-1.981302e-08,-1.992273e-08,-1.978389e-08,-1.984527e-08,-1.977122e-08,-1.989420e-08,-1.962535e-08,-1.919429e-08,-1.813149e-08,-1.724071e-08,-1.658149e-08,-1.616681e-08,-1.598775e-08,-1.600471e-08,-1.619031e-08,-1.644327e-08,-1.666815e-08,-1.892644e-09,-1.628560e-09,-1.364374e-09,-1.100352e-09,-8.352692e-10,-6.215612e-10,-4.879795e-10,-3.680867e-10,-2.214906e-10,-7.407497e-11,5.747556e-11,1.678302e-10,2.608812e-10,3.458173e-10,4.264244e-10,5.143748e-10,6.097852e-10,7.037503e-10,5.325845e-10,2.935552e-10,5.260304e-11,-1.426999e-10,-2.672375e-10,-3.796492e-10,-5.056673e-10,-6.431880e-10,-7.965969e-10,-9.236571e-10,-9.865632e-10,-9.986974e-10,-9.704327e-10,-9.168084e-10,-8.477292e-10,-7.673099e-10,-6.880354e-10,-6.100042e-10,-3.946602e-11,-2.502850e-10,-4.615088e-10,-6.674862e-10,-8.664671e-10,-1.005795e-09,-1.045202e-09,-1.028553e-09,-9.563080e-10,-7.453721e-10,-3.337269e-10,3.051704e-10,1.161869e-09,2.184064e-09,3.292407e-09,4.427583e-09,5.562672e-09,6.696999e-09,-5.702776e-10,-3.447618e-10,-1.145678e-10,6.288026e-11,1.560926e-10,2.163264e-10,2.639735e-10,3.017209e-10,3.394820e-10,3.375911e-10,2.770241e-10,2.058494e-10,1.969449e-10,2.983513e-10,5.213002e-10,8.320705e-10,1.172238e-09,1.509895e-09
-5.553298e-10,5.225030e-10,-1.966518e-08,7.881997e-07,4.763223e-07,2.473227e-07,1.389584e-07,1.159084e-07,1.262337e-07,1.493744e-07,1.634961e-07,1.663610e-07,1.579866e-07,1.463799e-07,1.342146e-07,1.242546e-07,1.195657e-07,1.215690e-07,1.294832e-07,1.404089e-07,1.509578e-07,1.125087e-07,9.999827e-08,8.749058e-08,7.495435e-08,6.234112e-08,4.993813e-08,3.837314e-08,2.803113e-08,1.892616e-08,1.108748e-08,4.416355e-09,-1.301548e-09,-6.340419e-09,-1.094894e-08,-1.536243e-08,-1.982215e-08,-2.438319e-08,-2.892866e-08,-2.249686e-07,-1.842544e-07,-1.432731e-07,-1.056759e-07,-7.339543e-08,-4.618981e-08,-2.388639e-08,-6.076527e-09,7.589367e-09,1.734800e-08,2.358604e-08,2.703154e-08,2.836052e-08,2.828526e-08,2.734718e-08,2.586190e-08,2.417726e-08,2.251454e-08,-9.296014e-09,-6.351894e-09,-3.404343e-09,-5.716653e-10,2.109263e-09,4.258562e-09,5.501926e-09,6.081095e-09,5.955885e-09,4.461765e-09,1.116085e-09,-4.256577e-09,-1.153024e-08,-2.022656e-08,-2.965177e-08,-3.929448e-08,-4.892396e-08,-5.854696e-08,1.687658e-08,1.257407e-08,8.197078e-09,4.583804e-09,2.159824e-09,5.067973e-10,-5.741553e-10,-1.193054e-09,-1.483273e-09,-1.185807e-09,-2.048878e-10,1.008693e-09,1.802849e-09,1.744937e-09,7.197265e-10,-1.003909e-09,-2.950650e-09,-4.877265e-09
-2.826978e-10,2.753791e-10,-1.981302e-08,4.763223e-07,3.697685e-07,2.437188e-07,1.740887e-07,1.490455e-07,1.469010e-07,1.571846e-07,1.636926e-07,1.646145e-07,1.569837e-07,1.476472e-07,1.383109e-07,1.306989e-07,1.266679e-07,1.269568e-07,1.311995e-07,1.374231e-07,1.433283e-07,8.170759e-08,7.188383e-08,6.206047e-08,5.222245e-08,4.230334e-08,3.289121e-08,2.459335e-08,1.734302e-08,1.093647e-08,5.407704e-09,7.114708e-10,-3.284844e-09,-6.773271e-09,-9.945410e-09,-1.296662e-08,-1.603504e-08,-1.918869e-08,-2.232819e-08,-1.298121e-07,-1.043644e-07,-7.871705e-08,-5.560760e-08,-3.647563e-08,-2.067626e-08,-7.876420e-09,2.211436e-09,9.881567e-09,1.518399e-08,1.824828e-08,1.954092e-08,1.948332e-08,1.853517e-08,1.703362e-08,1.517590e-08,1.320715e-08,1.125553e-08,-5.423669e-09,-2.813345e-09,-1.993768e-10,2.321095e-09,4.724871e-09,6.572230e-09,7.486092e-09,7.774508e-09,7.427037e-09,5.771317e-09,2.311700e-09,-3.145149e-09,-1.049002e-08,-1.925659e-08,-2.875684e-08,-3.847917e-08,-4.819296e-08,-5.790031e-08,1.240319e-08,8.944822e-09,5.420958e-09,2.579025e-09,8.084861e-10,-3.596739e-10,-1.133457e-09,-1.593804e-09,-1.863265e-09,-1.657628e-09,-8.574485e-10,1.049321e-10,5.927255e-10,1.853508e-10,-1.221845e-09,-3.350665e-09,-5.714773e-09,-8.058165e-09
-1.217921e-11,1.198413e-10,-1.992273e-08,2.473227e-07,2.437188e-07,2.470526e-07,2.081207e-07,1.824965e-07,1.670821e-07,1.645372e-07,1.633910e-07,1.624956e-07,1.557256e-07,1.487380e-07,1.422820e-07,1.370504e-07,1.336657e-07,1.321488e-07,1.325588e-07,1.338796e-07,1.349427e-07,4.953883e-08,4.257344e-08,3.560606e-08,2.863789e-08,2.158472e-08,1.533237e-08,1.045362e-08,6.422805e-09,2.814630e-09,-3.318589e-10,-3.003545e-09,-5.244457e-09,-7.158243e-09,-8.875742e-09,-1.048926e-08,-1.215139e-08,-1.388208e-08,-1.560007e-08,-3.192299e-08,-2.213328e-08,-1.221258e-08,-3.997300e-09,1.583874e-09,5.598763e-09,8.549503e-09,1.060717e-08,1.201635e-08,1.264161e-08,1.235229e-08,1.134623e-08,9.783407e-09,7.863254e-09,5.710715e-09,3.400323e-09,1.070594e-09,-1.246963e-09,-1.767031e-09,5.404399e-10,2.851731e-09,5.088739e-09,7.240692e-09,8.807939e-09,9.411966e-09,9.427048e-09,8.872679e-09,7.070011e-09,3.511258e-09,-2.014248e-09,-9.413613e-09,-1.823305e-08,-2.779172e-08,-3.757824e-08,-4.736155e-08,-5.713840e-08,8.201711e-09,5.652949e-09,3.047881e-09,1.040710e-09,-2.063114e-11,-6.601694e-10,-1.096579e-09,-1.381971e-09,-1.626791e-09,-1.520755e-09,-9.181119e-10,-2.300729e-10,-7.519848e-11,-8.594789e-10,-2.675550e-09,-5.236204e-09,-8.044679e-09,-1.083186e-08
1.360711e-10,-9.462026e-11,-1.978389e-08,1.389584e-07,1.740887e-07,2.081207e-07,2.374636e-07,2.098655e-07,1.864085e-07,1.716511e-07,1.630602e-07,1.591656e-07,1.521866e-07,1.467312e-07,1.425100e-07,1.392697e-07,1.367741e-07,1.347185e-07,1.333954e-07,1.323442e-07,1.310743e-07,3.137518e-08,2.568818e-08,1.999690e-08,1.431723e-08,8.548860e-09,3.891369e-09,1.010636e-09,-9.946488e-10,-2.730741e-09,-4.168888e-09,-5.293189e-09,-6.127934e-09,-6.743448e-09,-7.239314e-09,-7.662970e-09,-8.136990e-09,-8.668861e-09,-9.189070e-09,2.239052e-08,2.263329e-08,2.294627e-08,2.221172e-08,1.979799e-08,1.703699e-08,1.453626e-08,1.234631e-08,1.064364e-08,9.145616e-09,7.539418e-09,5.853813e-09,4.080173e-09,2.256654e-09,3.909071e-10,-1.514599e-09,-3.385542e-09,-5.247383e-09,-2.123732e-11,2.147908e-09,4.320943e-09,6.433126e-09,8.485365e-09,9.927158e-09,1.036882e-08,1.023481e-08,9.569527e-09,7.699370e-09,4.118320e-09,-1.389844e-09,-8.741980e-09,-1.749629e-08,-2.698304e-08,-3.669713e-08,-4.641089e-08,-5.611830e-08,4.272788e-09,2.400799e-09,4.812957e-10,-9.153501e-10,-1.463254e-09,-1.716386e-09,-1.897061e-09,-2.034180e-09,-2.226957e-09,-2.148119e-09,-1.636078e-09,-1.085436e-09,-1.096732e-09,-2.063151e-09,-4.070181e-09,-6.827667e-09,-9.837474e-09,-1.282586e-08
2.900322e-10,-3.278993e-10,-1.984527e-08,1.159084e-07,1.490455e-07,1.824965e-07,2.098655e-07,2.376264e-07,2.106704e-07,1.879615e-07,1.693593e-07,1.590119e-07,1.486673e-07,1.428340e-07,1.400912e-07,1.393737e-07,1.396684e-07,1.403736e-07,1.413292e-07,1.421545e-07,1.427801e-07,-4.316213e-09,-5.977169e-09,-7.643050e-09,-9.292153e-09,-1.101775e-08,-1.156966e-08,-1.031443e-08,-8.569916e-09,-7.080210e-09,-5.706588e-09,-4.379196e-09,-3.075119e-09,-1.795814e-09,-5.748172e-10,6.192588e-10,1.737115e-09,2.802205e-09,3.878701e-09,2.964108e-08,2.624689e-08,2.287891e-08,1.897027e-08,1.415925e-08,9.823253e-09,6.559113e-09,4.316192e-09,3.192721e-09,2.756651e-09,2.561172e-09,2.568175e-09,2.695976e-09,2.918200e-09,3.214998e-09,3.544577e-09,3.944193e-09,4.351184e-09,2.257499e-09,4.180341e-09,6.107077e-09,7.983700e-09,9.814645e-09,1.103418e-08,1.125429e-08,1.095206e-08,1.018713e-08,8.267392e-09,4.678606e-09,-8.037246e-10,-8.107053e-09,-1.679852e-08,-2.621456e-08,-3.585760e-08,-4.550252e-08,-5.514111e-08,1.355891e-09,-1.059874e-10,-1.609279e-09,-2.642816e-09,-2.903336e-09,-2.947802e-09,-2.991889e-09,-3.052021e-09,-3.219906e-09,-3.147842e-09,-2.661685e-09,-2.153011e-09,-2.218799e-09,-3.251677e-09,-5.338933e-09,-8.187242e-09,-1.129319e-08,-1.437741e-08
4.269981e-10,-3.295835e-10,-1.977122e-08,1.262337e-07,1.469010e-07,1.670821e-07,1.864085e-07,2.106704e-07,2.364511e-07,2.084232e-07,1.831541e-07,1.631260e-07,1.466471e-07,1.376787e-07,1.344305e-07,1.351447e-07,1.381426e-07,1.423286e-07,1.468163e-07,1.511029e-07,1.551903e-07,-2.792020e-08,-2.599842e-08,-2.408038e-08,-2.214905e-08,-2.026652e-08,-1.738607e-08,-1.291493e-08,-8.528704e-09,-5.115767e-09,-2.317767e-09,5.270813e-11,2.097155e-09,3.889175e-09,5.462212e-09,6.921085e-09,8.285473e-09,9.597189e-09,1.092048e-08,2.001835e-08,1.666012e-08,1.330923e-08,9.651931e-09,5.490006e-09,2.015336e-09,-2.216568e-10,-1.237067e-09,-9.063352e-10,2.072705e-10,1.584398e-09,3.186450e-09,4.924430e-09,6.769516e-09,8.714702e-09,1.070451e-08,1.277168e-08,1.484591e-08,4.218042e-09,5.873001e-09,7.531642e-09,9.145863e-09,1.071665e-08,1.170797e-08,1.173736e-08,1.131911e-08,1.052664e-08,8.634805e-09,5.115604e-09,-2.618576e-10,-7.432841e-09,-1.597354e-08,-2.522979e-08,-3.471357e-08,-4.420038e-08,-5.368081e-08,9.148457e-10,-4.132233e-10,-1.779888e-09,-2.704221e-09,-2.901927e-09,-2.898341e-09,-2.900238e-09,-2.936670e-09,-3.105961e-09,-3.045822e-09,-2.573907e-09,-2.079273e-09,-2.155279e-09,-3.193931e-09,-5.285403e-09,-8.137987e-09,-1.124892e-08,-1.433810e-08
6.613206e-10,-5.429495e-11,-1.989420e-08,1.493744e-07,1.571846e-07,1.645372e-07,1.716511e-07,1.879615e-07,2.084232e-07,2.349354e-07,2.063583e-07,1.792536e-07,1.531099e-07,1.372201e-07,1.297957e-07,1.288853e-07,1.324346e-07,1.388672e-07,1.466693e-07,1.549480e-07,1.629872e-07,-1.019230e-08,-8.452136e-09,-6.713940e-09,-4.969119e-09,-3.244111e-09,-8.624222e-10,2.551237e-09,5.237158e-09,6.332366e-09,6.570491e-09,6.341798e-09,5.819245e-09,5.073693e-09,4.135695e-09,3.106565e-09,1.999188e-09,8.282109e-10,-3.301324e-10,7.324950e-10,3.174521e-11,-6.643300e-10,-1.595659e-09,-2.823528e-09,-3.429477e-09,-2.992404e-09,-1.520488e-09,1.110371e-09,4.092869e-09,6.822435e-09,9.338249e-09,1.164032e-08,1.378932e-08,1.585550e-08,1.784238e-08,1.985013e-08,2.186784e-08,7.091764e-09,8.468756e-09,9.849275e-09,1.118699e-08,1.247677e-08,1.323602e-08,1.310995e-08,1.261912e-08,1.182849e-08,9.948136e-09,6.421032e-09,1.014114e-09,-6.202275e-09,-1.479947e-08,-2.411876e-08,-3.366749e-08,-4.321497e-08,-5.275605e-08,3.711318e-09,2.252301e-09,7.550556e-10,-3.089526e-10,-6.793062e-10,-8.458431e-10,-1.003937e-09,-1.193470e-09,-1.516466e-09,-1.580769e-09,-1.187882e-09,-7.316735e-10,-8.156027e-10,-1.840622e-09,-3.905567e-09,-6.724055e-09,-9.795657e-09,-1.284562e-08
6.301939e-10,5.590852e-11,-1.962535e-08,1.634961e-07,1.636926e-07,1.633910e-07,1.630602e-07,1.693593e-07,1.831541e-07,2.063583e-07,2.310873e-07,2.008880e-07,1.708029e-07,1.467612e-07,1.322549e-07,1.250328e-07,1.240664e-07,1.278255e-07,1.348423e-07,1.434308e-07,1.517193e-07,1.528969e-08,1.441997e-08,1.354939e-08,1.268100e-08,1.180835e-08,1.134469e-08,1.145039e-08,1.062065e-08,8.060296e-09,4.847893e-09,1.592957e-09,-1.528266e-09,-4.564671e-09,-7.574787e-09,-1.056465e-08,-1.361553e-08,-1.674652e-08,-1.986349e-08,-1.275039e-08,-1.059796e-08,-8.437741e-09,-6.517762e-09,-4.838118e-09,-2.692441e-09,2.143443e-10,3.837930e-09,8.282341e-09,1.236128e-08,1.524864e-08,1.711528e-08,1.815095e-08,1.859028e-08,1.862510e-08,1.837824e-08,1.805846e-08,1.775351e-08,7.201902e-09,8.465066e-09,9.731642e-09,1.095633e-08,1.212948e-08,1.281509e-08,1.269433e-08,1.225221e-08,1.155191e-08,9.762023e-09,6.303902e-09,9.493340e-10,-6.217225e-09,-1.476046e-08,-2.401947e-08,-3.349787e-08,-4.296751e-08,-5.243101e-08,5.719388e-09,4.027924e-09,2.298558e-09,9.944015e-10,3.553517e-10,-7.610787e-11,-4.815221e-10,-8.970960e-10,-1.421284e-09,-1.621292e-09,-1.268537e-09,-7.648384e-10,-7.284549e-10,-1.571735e-09,-3.404095e-09,-5.954299e-09,-8.740660e-09,-1.150633e-08
2.665590e-10,-3.220922e-11,-1.919429e-08,1.663610e-07,1.646145e-07,1.624956e-07,1.591656e-07,1.590119e-07,1.631260e-07,1.792536e-07,2.008880e-07,2.306489e-07,2.044849e-07,1.785053e-07,1.530764e-07,1.321731e-07,1.176284e-07,1.093699e-07,1.071766e-07,1.080305e-07,1.084991e-07,3.611274e-08,3.041696e-08,2.472082e-08,1.902446e-08,1.332811e-08,7.910658e-09,2.791188e-09,-3.062603e-09,-1.015759e-08,-1.715316e-08,-2.324259e-08,-2.827571e-08,-3.252372e-08,-3.624533e-08,-3.971780e-08,-4.324751e-08,-4.688045e-08,-5.049740e-08,-1.623988e-08,-1.036909e-08,-4.485407e-09,1.085348e-09,6.224972e-09,1.133950e-08,1.647799e-08,2.139842e-08,2.601165e-08,2.882417e-08,2.880333e-08,2.638827e-08,2.217013e-08,1.671798e-08,1.039444e-08,3.514877e-09,-3.564473e-09,-1.062179e-08,3.732256e-09,5.138798e-09,6.548590e-09,7.916758e-09,9.229376e-09,1.007879e-08,1.017324e-08,9.942179e-09,9.425484e-09,7.780077e-09,4.416386e-09,-8.898648e-10,-8.031823e-09,-1.655646e-08,-2.578815e-08,-3.521629e-08,-4.462476e-08,-5.402768e-08,7.266593e-09,5.081152e-09,2.858200e-09,1.055811e-09,-9.081785e-11,-1.003008e-09,-1.838729e-09,-2.606014e-09,-3.374752e-09,-3.677856e-09,-3.257186e-09,-2.538365e-09,-2.177280e-09,-2.610579e-09,-3.959181e-09,-5.972110e-09,-8.196201e-09,-1.040116e-08
-7.366864e-11,-4.465825e-10,-1.813149e-08,1.579866e-07,1.569837e-07,1.557256e-07,1.521866e-07,1.486673e-07,1.466471e-07,1.531099e-07,1.708029e-07,2.044849e-07,2.408174e-07,2.180887e-07,1.873152e-07,1.499167e-07,1.161925e-07,8.775648e-08,6.757760e-08,5.167322e-08,3.533311e-08,5.761192e-08,4.618241e-08,3.475278e-08,2.332165e-08,1.189096e-08,6.514990e-10,-1.047884e-08,-2.217412e-08,-3.460615e-08,-4.626926e-08,-5.598273e-08,-6.338898e-08,-6.894008e-08,-7.317881e-08,-7.679497e-08,-8.043686e-08,-8.419692e-08,-8.794041e-08,-1.169766e-08,-4.054917e-09,3.604434e-09,1.088985e-08,1.755981e-08,2.376134e-08,2.931473e-08,3.378272e-08,3.685813e-08,3.693398e-08,3.265418e-08,2.465554e-08,1.400093e-08,1.582201e-09,-1.212680e-08,-2.662196e-08,-4.142992e-08,-5.621004e-08,5.461719e-10,1.968137e-09,3.393124e-09,4.777459e-09,6.103855e-09,6.999222e-09,7.207444e-09,7.113475e-09,6.734925e-09,5.266027e-09,2.105273e-09,-2.995941e-09,-9.921819e-09,-1.821351e-08,-2.718842e-08,-3.632389e-08,-4.542709e-08,-5.452576e-08,6.268029e-09,3.642023e-09,9.802790e-10,-1.277132e-09,-2.903016e-09,-4.271734e-09,-5.511847e-09,-6.601231e-09,-7.575359e-09,-7.962968e-09,-7.464217e-09,-6.508898e-09,-5.784558e-09,-5.746194e-09,-6.520246e-09,-7.882757e-09,-9.423300e-09,-1.094696e-08
-3.153788e-10,-8.319144e-10,-1.724071e-08,1.463799e-07,1.476472e-07,1.487380e-07,1.467312e-07,1.428340e-07,1.376787e-07,1.372201e-07,1.467612e-07,1.785053e-07,2.180887e-07,2.602408e-07,2.336732e-07,1.895893e-07,1.360250e-07,8.156773e-08,3.391437e-08,-9.797900e-09,-5.389549e-08,7.779365e-08,6.096550e-08,4.413726e-08,2.730706e-08,1.047603e-08,-6.190849e-09,-2.276504e-08,-3.963127e-08,-5.661791e-08,-7.215780e-08,-8.476451e-08,-9.377651e-08,-9.962379e-08,-1.031813e-07,-1.056311e-07,-1.080299e-07,-1.105312e-07,-1.130189e-07,5.086481e-10,5.364678e-09,1.023986e-08,1.468995e-08,1.838188e-08,2.132424e-08,2.325443e-08,2.369879e-08,2.227650e-08,1.757661e-08,8.186196e-09,-5.171339e-09,-2.114917e-08,-3.875732e-08,-5.762112e-08,-7.719875e-08,-9.707256e-08,-1.169203e-07,-1.938465e-09,-4.912600e-10,9.587691e-10,2.368744e-09,3.720720e-09,4.666200e-09,4.967266e-09,4.970501e-09,4.664298e-09,3.289804e-09,2.389194e-10,-4.771579e-09,-1.163982e-08,-1.989937e-08,-2.884695e-08,-3.793223e-08,-4.698072e-08,-5.602545e-08,4.357507e-09,1.529687e-09,-1.332413e-09,-3.802366e-09,-5.655780e-09,-7.231878e-09,-8.643671e-09,-9.859242e-09,-1.089819e-08,-1.131645e-08,-1.080598e-08,-9.789356e-09,-8.967812e-09,-8.801124e-09,-9.403121e-09,-1.055919e-08,-1.188000e-08,-1.318514e-08
-3.658308e-10,-1.320724e-09,-1.658149e-08,1.342146e-07,1.383109e-07,1.422820e-07,1.425100e-07,1.400912e-07,1.344305e-07,1.297957e-07,1.322549e-07,1.530764e-07,1.873152e-07,2.336732e-07,2.724270e-07,2.342930e-07,1.750988e-07,1.004182e-07,2.715195e-08,-4.519505e-08,-1.176718e-07,7.926121e-08,6.107394e-08,4.288644e-08,2.469726e-08,6.504293e-09,-1.148830e-08,-2.924803e-08,-4.693857e-08,-6.413200e-08,-7.935449e-08,-9.114969e-08,-9.877452e-08,-1.023050e-07,-1.028139e-07,-1.018639e-07,-1.007830e-07,-9.974692e-08,-9.870443e-08,1.739588e-08,1.732768e-08,1.727978e-08,1.676397e-08,1.536026e-08,1.301395e-08,9.469719e-09,4.305081e-09,-2.844825e-09,-1.303307e-08,-2.738480e-08,-4.495035e-08,-6.418212e-08,-8.408305e-08,-1.044956e-07,-1.250844e-07,-1.457463e-07,-1.663952e-07,-2.758641e-09,-1.282714e-09,1.958733e-10,1.634029e-09,3.013801e-09,3.995477e-09,4.340144e-09,4.359335e-09,4.012629e-09,2.589163e-09,-4.912930e-10,-5.518959e-09,-1.244021e-08,-2.078873e-08,-2.983960e-08,-3.902492e-08,-4.818415e-08,-5.733992e-08,5.987245e-10,-2.173746e-09,-4.979471e-09,-7.398356e-09,-9.198511e-09,-1.069153e-08,-1.198368e-08,-1.304584e-08,-1.389958e-08,-1.415162e-08,-1.353816e-08,-1.250135e-08,-1.174505e-08,-1.172648e-08,-1.253428e-08,-1.393474e-08,-1.552093e-08,-1.709083e-08
-1.208316e-11,-1.571016e-09,-1.616681e-08,1.242546e-07,1.306989e-07,1.370504e-07,1.392697e-07,1.393737e-07,1.351447e-07,1.288853e-07,1.250328e-07,1.321731e-07,1.499167e-07,1.895893e-07,2.342930e-07,2.685543e-07,2.229965e-07,1.525626e-07,7.058999e-08,-1.559925e-08,-1.016723e-07,4.804135e-08,3.484736e-08,2.165282e-08,8.457781e-09,-4.746085e-09,-1.763304e-08,-2.997362e-08,-4.172098e-08,-5.227477e-08,-6.037205e-08,-6.479570e-08,-6.491768e-08,-6.069300e-08,-5.325623e-08,-4.431825e-08,-3.519993e-08,-2.602376e-08,-1.685259e-08,3.087354e-08,2.667719e-08,2.250039e-08,1.783490e-08,1.218136e-08,5.507115e-09,-2.344309e-09,-1.166360e-08,-2.271320e-08,-3.610071e-08,-5.247211e-08,-7.066098e-08,-8.899148e-08,-1.063993e-07,-1.227791e-07,-1.382718e-07,-1.533791e-07,-1.684986e-07,-2.898393e-10,1.183265e-09,2.658802e-09,4.093667e-09,5.474140e-09,6.450359e-09,6.762260e-09,6.681091e-09,6.136096e-09,4.455375e-09,1.102273e-09,-4.190261e-09,-1.138243e-08,-2.000814e-08,-2.933430e-08,-3.881059e-08,-4.828839e-08,-5.776253e-08,-2.585359e-09,-5.083048e-09,-7.613388e-09,-9.758834e-09,-1.127227e-08,-1.245480e-08,-1.342060e-08,-1.415716e-08,-1.470283e-08,-1.472777e-08,-1.403648e-08,-1.308749e-08,-1.258164e-08,-1.297809e-08,-1.436508e-08,-1.646805e-08,-1.881862e-08,-2.115018e-08
7.932466e-10,-1.450028e-09,-1.598775e-08,1.195657e-07,1.266679e-07,1.336657e-07,1.367741e-07,1.396684e-07,1.381426e-07,1.324346e-07,1.240664e-07,1.176284e-07,1.161925e-07,1.360250e-07,1.750988e-07,2.229965e-07,2.614150e-07,2.239813e-07,1.678256e-07,9.795664e-08,2.924165e-08,-8.104303e-09,-1.156019e-08,-1.501712e-08,-1.847250e-08,-2.194266e-08,-2.492042e-08,-2.691888e-08,-2.768191e-08,-2.650642e-08,-2.235669e-08,-1.430359e-08,-1.841130e-09,1.508428e-08,3.525374e-08,5.691315e-08,7.889806e-08,1.010774e-07,1.232362e-07,3.400280e-08,2.814723e-08,2.230817e-08,1.600722e-08,8.737083e-09,6.294626e-10,-8.234524e-09,-1.788543e-08,-2.834544e-08,-3.972145e-08,-5.207815e-08,-6.421756e-08,-7.457999e-08,-8.215890e-08,-8.666291e-08,-8.888814e-08,-9.013451e-08,-9.142663e-08,5.846748e-09,7.241076e-09,8.637519e-09,9.994656e-09,1.130992e-08,1.221138e-08,1.240628e-08,1.212378e-08,1.126527e-08,9.180196e-09,5.373800e-09,-3.877454e-10,-8.060042e-09,-1.717438e-08,-2.699271e-08,-3.700354e-08,-4.705268e-08,-5.709737e-08,-4.395252e-09,-6.356099e-09,-8.349344e-09,-9.959527e-09,-1.092452e-08,-1.155845e-08,-1.200286e-08,-1.227958e-08,-1.246145e-08,-1.228876e-08,-1.164421e-08,-1.097476e-08,-1.095307e-08,-1.203528e-08,-1.434395e-08,-1.755134e-08,-2.109332e-08,-2.461204e-08
1.598544e-09,-9.440327e-10,-1.600471e-08,1.215690e-07,1.269568e-07,1.321488e-07,1.347185e-07,1.403736e-07,1.423286e-07,1.388672e-07,1.278255e-07,1.093699e-07,8.775648e-08,8.156773e-08,1.004182e-07,1.525626e-07,2.239813e-07,3.006235e-07,3.081009e-07,3.015666e-07,2.948637e-07,-6.845533e-08,-6.080456e-08,-5.315538e-08,-4.550193e-08,-3.786856e-08,-2.954185e-08,-1.974362e-08,-8.020328e-09,6.383719e-09,2.430057e-08,4.640104e-08,7.316747e-08,1.047896e-07,1.400652e-07,1.772689e-07,2.153537e-07,2.538017e-07,2.922083e-07,2.417627e-08,1.866019e-08,1.315535e-08,7.284240e-09,6.804265e-10,-6.146191e-09,-1.266451e-08,-1.843156e-08,-2.300935e-08,-2.586982e-08,-2.635615e-08,-2.337838e-08,-1.567989e-08,-2.520835e-09,1.615931e-08,3.868155e-08,6.282187e-08,8.687495e-08,1.190743e-08,1.326534e-08,1.462512e-08,1.594970e-08,1.725237e-08,1.813585e-08,1.826734e-08,1.783614e-08,1.671899e-08,1.427147e-08,1.002729e-08,3.775623e-09,-4.447795e-09,-1.417804e-08,-2.468214e-08,-3.548331e-08,-4.636359e-08,-5.723761e-08,-4.783752e-09,-5.893286e-09,-7.035181e-09,-7.798729e-09,-7.917095e-09,-7.743402e-09,-7.467445e-09,-7.167282e-09,-6.971609e-09,-6.703982e-09,-6.341098e-09,-6.303625e-09,-7.221889e-09,-9.527612e-09,-1.333703e-08,-1.825105e-08,-2.359128e-08,-2.890325e-08
2.546896e-09,-1.024751e-10,-1.619031e-08,1.294832e-07,1.311995e-07,1.325588e-07,1.333954e-07,1.413292e-07,1.468163e-07,1.466693e-07,1.348423e-07,1.071766e-07,6.757760e-08,3.391437e-08,2.715195e-08,7.058999e-08,1.678256e-07,3.081009e-07,4.607279e-07,5.612897e-07,6.697545e-07,-1.176009e-07,-1.005388e-07,-8.347875e-08,-6.641167e-08,-4.936777e-08,-3.145096e-08,-1.161912e-08,1.071055e-08,3.626344e-08,6.566573e-08,9.933934e-08,1.377922e-07,1.814660e-07,2.293794e-07,2.800379e-07,3.326022e-07,3.857370e-07,4.388027e-07,3.777201e-09,-2.306109e-10,-4.233542e-09,-8.455711e-09,-1.298699e-08,-1.678496e-08,-1.872922e-08,-1.776168e-08,-1.283761e-08,-2.723980e-09,1.401856e-08,3.833365e-08,7.110411e-08,1.127359e-07,1.627852e-07,2.184243e-07,2.763642e-07,3.341661e-07,1.943525e-08,2.067691e-08,2.192027e-08,2.313385e-08,2.434952e-08,2.514738e-08,2.515604e-08,2.453282e-08,2.313729e-08,2.032158e-08,1.564109e-08,8.901326e-09,1.182646e-10,-1.026205e-08,-2.153732e-08,-3.328358e-08,-4.515378e-08,-5.701470e-08,-3.687561e-09,-3.719847e-09,-3.784702e-09,-3.478227e-09,-2.540295e-09,-1.381611e-09,-2.538760e-10,6.931236e-10,1.260807e-09,1.538161e-09,1.450545e-09,6.029991e-10,-1.589204e-09,-5.523478e-09,-1.128590e-08,-1.838690e-08,-2.601070e-08,-3.360017e-08
3.621526e-09,6.729811e-10,-1.644327e-08,1.404089e-07,1.374231e-07,1.338796e-07,1.323442e-07,1.421545e-07,1.511029e-07,1.549480e-07,1.434308e-07,1.080305e-07,5.167322e-08,-9.797900e-09,-4.519505e-08,-1.559925e-08,9.795664e-08,3.015666e-07,5.612897e-07,8.675964e-07,1.155377e-06,-1.576625e-07,-1.324803e-07,-1.073006e-07,-8.211120e-08,-5.694644e-08,-3.075762e-08,-2.278489e-09,2.911847e-08,6.402257e-08,1.027740e-07,1.454638e-07,1.925583e-07,2.447268e-07,3.013109e-07,3.611568e-07,4.237657e-07,4.871589e-07,5.504569e-07,-2.052430e-08,-2.253864e-08,-2.455488e-08,-2.661850e-08,-2.846819e-08,-2.846075e-08,-2.483532e-08,-1.586968e-08,1.393922e-10,2.515264e-08,6.141764e-08,1.097346e-07,1.705954e-07,2.440817e-07,3.292224e-07,4.219488e-07,5.177909e-07,6.134406e-07,2.872430e-08,2.969711e-08,3.067157e-08,3.162087e-08,3.259289e-08,3.314565e-08,3.287113e-08,3.190169e-08,3.008903e-08,2.678425e-08,2.157027e-08,1.427454e-08,4.896200e-09,-6.142486e-09,-1.817711e-08,-3.084811e-08,-4.369660e-08,-5.653323e-08,-3.423381e-09,-2.267256e-09,-1.143991e-09,3.439568e-10,2.444730e-09,4.686209e-09,6.752234e-09,8.416832e-09,9.403809e-09,9.710886e-09,9.158480e-09,7.371514e-09,3.809076e-09,-1.893004e-09,-9.792056e-09,-1.929893e-08,-2.944594e-08,-3.955202e-08
4.651345e-09,1.401366e-09,-1.666815e-08,1.509578e-07,1.433283e-07,1.349427e-07,1.310743e-07,1.427801e-07,1.551903e-07,1.629872e-07,1.517193e-07,1.084991e-07,3.533311e-08,-5.389549e-08,-1.176718e-07,-1.016723e-07,2.924165e-08,2.948637e-07,6.697545e-07,1.155377e-06,1.724864e-06,-1.978839e-07,-1.645231e-07,-1.311651e-07,-9.779491e-08,-6.445081e-08,-2.993133e-08,7.255032e-09,4.778428e-08,9.211426e-08,1.403008e-07,1.921051e-07,2.479520e-07,3.087364e-07,3.741153e-07,4.432692e-07,5.160318e-07,5.897838e-07,6.634159e-07,-4.425171e-08,-4.431695e-08,-4.439086e-08,-4.434145e-08,-4.355975e-08,-3.980671e-08,-3.068456e-08,-1.381033e-08,1.317408e-08,5.295640e-08,1.085919e-07,1.807391e-07,2.695014e-07,3.746384e-07,4.946578e-07,6.242557e-07,7.577907e-07,8.910806e-07,3.768899e-08,3.839724e-08,3.910714e-08,3.979636e-08,4.052789e-08,4.083753e-08,4.028025e-08,3.896235e-08,3.672683e-08,3.292437e-08,2.716506e-08,1.929776e-08,9.304241e-09,-2.416730e-09,-1.523800e-08,-2.886291e-08,-4.272023e-08,-5.656347e-08,-3.413808e-09,-1.082661e-09,1.215405e-09,3.871232e-09,7.120895e-09,1.043223e-08,1.342534e-08,1.579865e-08,1.719840e-08,1.753016e-08,1.650819e-08,1.377722e-08,8.840050e-09,1.365781e-09,-8.674065e-09,-2.059058e-08,-3.326536e-08,-4.589298e-08
-7.324665e-08,4.653887e-09,-1.892644e-09,1.125087e-07,8.170759e-08,4.953883e-08,3.137518e-08,-4.316213e-09,-2.792020e-08,-1.019230e-08,1.528969e-08,3.611274e-08,5.761192e-08,7.779365e-08,7.926121e-08,4.804135e-08,-8.104303e-09,-6.845533e-08,-1.176009e-07,-1.576625e-07,-1.978839e-07,1.759181e-06,1.521484e-06,1.291809e-06,1.078138e-06,8.886320e-07,7.272583e-07,5.963428e-07,4.940628e-07,4.173844e-07,3.618348e-07,3.229921e-07,2.960831e-07,2.767677e-07,2.623305e-07,2.504786e-07,2.392398e-07,2.279680e-07,2.166810e-07,-1.803591e-07,-1.743134e-07,-1.682380e-07,-1.615260e-07,-1.509827e-07,-1.361390e-07,-1.185861e-07,-1.006536e-07,-8.450723e-08,-7.165005e-08,-6.350747e-08,-5.995153e-08,-6.102751e-08,-6.618876e-08,-7.422364e-08,-8.391106e-08,-9.449370e-08,-1.050397e-07,-5.603981e-07,-5.407280e-07,-5.210213e-07,-5.014079e-07,-4.829218e-07,-4.657291e-07,-4.504125e-07,-4.365439e-07,-4.238643e-07,-4.117015e-07,-4.004648e-07,-3.903796e-07,-3.812399e-07,-3.725848e-07,-3.642216e-07,-3.562190e-07,-3.484654e-07,-3.406853e-07,8.214261e-08,7.383399e-08,6.552905e-08,5.705293e-08,4.764808e-08,3.746165e-08,2.739595e-08,1.846301e-08,1.170539e-08,7.683815e-09,6.618682e-09,8.006818e-09,1.109134e-08,1.552454e-08,2.128891e-08,2.803267e-08,3.508927e-08,4.211551e-08
-7.341170e-08,4.406319e-09,-1.628560e-09,9.999827e-08,7.188383e-08,4.257344e-08,2.568818e-08,-5.977169e-09,-2.599842e-08,-8.452136e-09,1.441997e-08,3.041696e-08,4.618241e-08,6.096550e-08,6.107394e-08,3.484736e-08,-1.156019e-08,-6.080456e-08,-1.005388e-07,-1.324803e-07,-1.645231e-07,1.521484e-06,1.344697e-06,1.165769e-06,9.954097e-07,8.410276e-07,7.072801e-07,5.971184e-07,5.097147e-07,4.430221e-07,3.935157e-07,3.576930e-07,3.317040e-07,3.119839e-07,2.962841e-07,2.827201e-07,2.696944e-07,2.566514e-07,2.435925e-07,-1.614868e-07,-1.554815e-07,-1.494511e-07,-1.428443e-07,-1.328577e-07,-1.190817e-07,-1.029307e-07,-8.652175e-08,-7.181535e-08,-6.009106e-08,-5.250861e-08,-4.892831e-08,-4.936586e-08,-5.332728e-08,-5.974957e-08,-6.758971e-08,-7.620904e-08,-8.479764e-08,-5.689723e-07,-5.484532e-07,-5.278991e-07,-5.074222e-07,-4.880036e-07,-4.698195e-07,-4.534674e-07,-4.385557e-07,-4.248496e-07,-4.116856e-07,-3.994813e-07,-3.884694e-07,-3.784497e-07,-3.689542e-07,-3.597872e-07,-3.510312e-07,-3.425498e-07,-3.340404e-07,7.857423e-08,7.039721e-08,6.222424e-08,5.388713e-08,4.468854e-08,3.477529e-08,2.501952e-08,1.641087e-08,9.970855e-09,6.229736e-09,5.374096e-09,6.921496e-09,1.012268e-08,1.463426e-08,2.045314e-08,2.723353e-08,3.431323e-08,4.136313e-08
-7.357652e-08,4.159063e-09,-1.364374e-09,8.749058e-08,6.206047e-08,3.560606e-08,1.999690e-08,-7.643050e-09,-2.408038e-08,-6.713940e-09,1.354939e-08,2.472082e-08,3.475278e-08,4.413726e-08,4.288644e-08,2.165282e-08,-1.501712e-08,-5.315538e-08,-8.347875e-08,-1.073006e-07,-1.311651e-07,1.291809e-06,1.165769e-06,1.040310e-06,9.125312e-07,7.934675e-07,6.872925e-07,5.978977e-07,5.253656e-07,4.686591e-07,4.251949e-07,3.923918e-07,3.673224e-07,3.471974e-07,3.302347e-07,3.149583e-07,3.001455e-07,2.853309e-07,2.704998e-07,-1.426146e-07,-1.366500e-07,-1.306647e-07,-1.241633e-07,-1.147334e-07,-1.020254e-07,-8.727639e-08,-7.239107e-08,-5.912475e-08,-4.853347e-08,-4.151131e-08,-3.790684e-08,-3.770618e-08,-4.046799e-08,-4.527794e-08,-5.127108e-08,-5.792739e-08,-6.455883e-08,-5.775448e-07,-5.561766e-07,-5.347752e-07,-5.134347e-07,-4.930836e-07,-4.739083e-07,-4.565207e-07,-4.405659e-07,-4.258333e-07,-4.116680e-07,-3.984964e-07,-3.865577e-07,-3.756581e-07,-3.653223e-07,-3.553515e-07,-3.458422e-07,-3.366331e-07,-3.273945e-07,7.500799e-08,6.696259e-08,5.892163e-08,5.072357e-08,4.173124e-08,3.209117e-08,2.264532e-08,1.436089e-08,8.238423e-09,4.777682e-09,4.131443e-09,5.838007e-09,9.155749e-09,1.374561e-08,1.961891e-08,2.643585e-08,3.353857e-08,4.061204e-08
-7.374239e-08,3.910744e-09,-1.100352e-09,7.495435e-08,5.222245e-08,2.863789e-08,1.431723e-08,-9.292153e-09,-2.214905e-08,-4.969119e-09,1.268100e-08,1.902446e-08,2.332165e-08,2.730706e-08,2.469726e-08,8.457781e-09,-1.847250e-08,-4.550193e-08,-6.641167e-08,-8.211120e-08,-9.779491e-08,1.078138e-06,9.954097e-07,9.125312e-07,8.302564e-07,7.457333e-07,6.673447e-07,5.986643e-07,5.410221e-07,4.943003e-07,4.568817e-07,4.270997e-07,4.029515e-07,3.824226e-07,3.641981e-07,3.472102e-07,3.306113e-07,3.140261e-07,2.974238e-07,-1.237615e-07,-1.178342e-07,-1.118906e-07,-1.054914e-07,-9.661525e-08,-8.497239e-08,-7.162313e-08,-5.825947e-08,-4.643152e-08,-3.697174e-08,-3.050844e-08,-2.687843e-08,-2.603822e-08,-2.759909e-08,-3.079531e-08,-3.494005e-08,-3.963190e-08,-4.430477e-08,-5.861257e-07,-5.639083e-07,-5.416594e-07,-5.194552e-07,-4.981715e-07,-4.780047e-07,-4.595814e-07,-4.425834e-07,-4.268240e-07,-4.116572e-07,-3.975178e-07,-3.846520e-07,-3.728722e-07,-3.616956e-07,-3.509207e-07,-3.406576e-07,-3.307204e-07,-3.207522e-07,7.143405e-08,6.352014e-08,5.561107e-08,4.755196e-08,3.876587e-08,2.939900e-08,2.026319e-08,1.230319e-08,6.498548e-09,3.318537e-09,2.882096e-09,4.748253e-09,8.182988e-09,1.285157e-08,1.877972e-08,2.563362e-08,3.275979e-08,3.985726e-08
-7.390457e-08,3.666264e-09,-8.352692e-10,6.234112e-08,4.230334e-08,2.158472e-08,8.548860e-09,-1.101775e-08,-2.026652e-08,-3.244111e-09,1.180835e-08,1.332811e-08,1.189096e-08,1.047603e-08,6.504293e-09,-4.746085e-09,-2.194266e-08,-3.786856e-08,-4.936777e-08,-5.694644e-08,-6.445081e-08,8.886320e-07,8.410276e-07,7.934675e-07,7.457333e-07,6.986651e-07,6.472594e-07,5.994879e-07,5.566653e-07,5.199320e-07,4.885458e-07,4.617786e-07,4.385454e-07,4.176080e-07,3.981175e-07,3.794143e-07,3.610255e-07,3.426659e-07,3.242886e-07,-1.049644e-07,-9.906951e-08,-9.316298e-08,-8.686086e-08,-7.853391e-08,-6.795189e-08,-5.599810e-08,-4.415235e-08,-3.375980e-08,-2.542951e-08,-1.952413e-08,-1.586857e-08,-1.438959e-08,-1.475095e-08,-1.633538e-08,-1.863393e-08,-2.136370e-08,-2.408037e-08,-5.946791e-07,-5.716127e-07,-5.485167e-07,-5.254491e-07,-5.032329e-07,-4.820749e-07,-4.626163e-07,-4.445755e-07,-4.277902e-07,-4.116228e-07,-3.965168e-07,-3.827250e-07,-3.700662e-07,-3.580501e-07,-3.464722e-07,-3.354565e-07,-3.247924e-07,-3.140957e-07,6.789022e-08,6.010758e-08,5.233016e-08,4.440969e-08,3.582941e-08,2.673521e-08,1.790872e-08,1.027228e-08,4.784450e-09,1.884024e-09,1.656172e-09,3.680686e-09,7.231222e-09,1.197741e-08,1.795938e-08,2.484924e-08,3.199787e-08,3.911836e-08
-7.401476e-08,3.465594e-09,-6.215612e-10,4.993813e-08,3.289121e-08,1.533237e-08,3.891369e-09,-1.156966e-08,-1.738607e-08,-8.624222e-10,1.134469e-08,7.910658e-09,6.514990e-10,-6.190849e-09,-1.148830e-08,-1.763304e-08,-2.492042e-08,-2.954185e-08,-3.145096e-08,-3.075762e-08,-2.993133e-08,7.272583e-07,7.072801e-07,6.872925e-07,6.673447e-07,6.472594e-07,6.262199e-07,5.989721e-07,5.715201e-07,5.449986e-07,5.198882e-07,4.963171e-07,4.741519e-07,4.529342e-07,4.322902e-07,4.119747e-07,3.918958e-07,3.718617e-07,3.518094e-07,-8.685164e-08,-8.098769e-08,-7.511617e-08,-6.891056e-08,-6.111985e-08,-5.157873e-08,-4.099616e-08,-3.063637e-08,-2.163755e-08,-1.438490e-08,-8.976064e-09,-5.223724e-09,-3.024840e-09,-2.096248e-09,-1.970309e-09,-2.319022e-09,-2.980230e-09,-3.634277e-09,-6.026565e-07,-5.787766e-07,-5.548687e-07,-5.309734e-07,-5.078614e-07,-4.857465e-07,-4.652830e-07,-4.462245e-07,-4.284335e-07,-4.112850e-07,-3.952327e-07,-3.805375e-07,-3.670246e-07,-3.541965e-07,-3.418447e-07,-3.301062e-07,-3.187451e-07,-3.073498e-07,6.473610e-08,5.707925e-08,4.942789e-08,4.164110e-08,3.326041e-08,2.443148e-08,1.590535e-08,8.580943e-09,3.395488e-09,7.582998e-10,7.219931e-10,2.886387e-09,6.531723e-09,1.133121e-08,1.733890e-08,2.423357e-08,3.137217e-08,3.848326e-08
-7.403838e-08,3.309382e-09,-4.879795e-10,3.837314e-08,2.459335e-08,1.045362e-08,1.010636e-09,-1.031443e-08,-1.291493e-08,2.551237e-09,1.145039e-08,2.791188e-09,-1.047884e-08,-2.276504e-08,-2.924803e-08,-2.997362e-08,-2.691888e-08,-1.974362e-08,-1.161912e-08,-2.278489e-09,7.255032e-09,5.963428e-07,5.971184e-07,5.978977e-07,5.986643e-07,5.994879e-07,5.989721e-07,5.961726e-07,5.841531e-07,5.687654e-07,5.504705e-07,5.306110e-07,5.099339e-07,4.888067e-07,4.673402e-07,4.457209e-07,4.242532e-07,4.028461e-07,3.814203e-07,-7.039092e-08,-6.462615e-08,-5.885716e-08,-5.281159e-08,-4.557469e-08,-3.703477e-08,-2.773409e-08,-1.872637e-08,-1.094886e-08,-4.569623e-09,5.707125e-10,4.671037e-09,7.863599e-09,1.037656e-08,1.252634e-08,1.445313e-08,1.619265e-08,1.793319e-08,-6.095311e-07,-5.849170e-07,-5.602766e-07,-5.356337e-07,-5.117082e-07,-4.887160e-07,-4.673170e-07,-4.472963e-07,-4.285433e-07,-4.104510e-07,-3.934872e-07,-3.779233e-07,-3.635930e-07,-3.499914e-07,-3.369057e-07,-3.244854e-07,-3.124686e-07,-3.004159e-07,6.204865e-08,5.452066e-08,4.699826e-08,3.934858e-08,3.116569e-08,2.259310e-08,1.435146e-08,7.316964e-09,2.406282e-09,2.020559e-12,1.266952e-10,2.398823e-09,6.103300e-09,1.091531e-08,1.690170e-08,2.374898e-08,3.082309e-08,3.787048e-08
-7.391845e-08,3.189230e-09,-3.680867e-10,2.803113e-08,1.734302e-08,6.422805e-09,-9.946488e-10,-8.569916e-09,-8.528704e-09,5.237158e-09,1.062065e-08,-3.062603e-09,-2.217412e-08,-3.963127e-08,-4.693857e-08,-4.172098e-08,-2.768191e-08,-8.020328e-09,1.071055e-08,2.911847e-08,4.778428e-08,4.940628e-07,5.097147e-07,5.253656e-07,5.410221e-07,5.566653e-07,5.715201e-07,5.841531e-07,5.922182e-07,5.886767e-07,5.787095e-07,5.636356e-07,5.454530e-07,5.253028e-07,5.038341e-07,4.816861e-07,4.595894e-07,4.375705e-07,4.155325e-07,-5.624879e-08,-5.075667e-08,-4.526300e-08,-3.954154e-08,-3.295595e-08,-2.542819e-08,-1.733930e-08,-9.537053e-09,-2.763730e-09,3.026645e-09,8.237194e-09,1.307605e-08,1.770342e-08,2.228798e-08,2.699012e-08,3.174808e-08,3.645792e-08,4.116209e-08,-6.146985e-07,-5.894825e-07,-5.642418e-07,-5.389843e-07,-5.143805e-07,-4.906404e-07,-4.684189e-07,-4.475248e-07,-4.278754e-07,-4.088860e-07,-3.910407e-07,-3.746247e-07,-3.594841e-07,-3.451108e-07,-3.312899e-07,-3.181861e-07,-3.055125e-07,-2.928015e-07,5.969627e-08,5.232292e-08,4.495521e-08,3.746724e-08,2.949759e-08,2.118676e-08,1.322608e-08,6.468608e-09,1.810828e-09,-3.897061e-10,-1.378165e-10,2.203561e-09,5.924288e-09,1.070124e-08,1.661304e-08,2.335459e-08,3.030317e-08,3.722593e-08
-7.367721e-08,3.064809e-09,-2.214906e-10,1.892616e-08,1.093647e-08,2.814630e-09,-2.730741e-09,-7.080210e-09,-5.115767e-09,6.332366e-09,8.060296e-09,-1.015759e-08,-3.460615e-08,-5.661791e-08,-6.413200e-08,-5.227477e-08,-2.650642e-08,6.383719e-09,3.626344e-08,6.402257e-08,9.211426e-08,4.173844e-07,4.430221e-07,4.686591e-07,4.943003e-07,5.199320e-07,5.449986e-07,5.687654e-07,5.886767e-07,6.023649e-07,6.021369e-07,5.940273e-07,5.800538e-07,5.625192e-07,5.425615e-07,5.213362e-07,5.000351e-07,4.788319e-07,4.576089e-07,-4.417975e-08,-3.935016e-08,-3.452108e-08,-2.950187e-08,-2.386989e-08,-1.755205e-08,-1.076017e-08,-4.124103e-09,1.819621e-09,7.325455e-09,1.301076e-08,1.908605e-08,2.573360e-08,3.305290e-08,4.103890e-08,4.940543e-08,5.788615e-08,6.635361e-08,-6.182933e-07,-5.926207e-07,-5.669248e-07,-5.411985e-07,-5.160650e-07,-4.917190e-07,-4.688000e-07,-4.471323e-07,-4.266567e-07,-4.068113e-07,-3.880973e-07,-3.708178e-07,-3.548380e-07,-3.396524e-07,-3.250493e-07,-3.112138e-07,-2.978368e-07,-2.844208e-07,5.730267e-08,5.012660e-08,4.295625e-08,3.567098e-08,2.794548e-08,1.991776e-08,1.225106e-08,5.773570e-09,1.360421e-09,-6.546136e-10,-2.998934e-10,2.079831e-09,5.780463e-09,1.048079e-08,1.627036e-08,2.285310e-08,2.961961e-08,3.636134e-08
-7.330629e-08,2.871792e-09,-7.407497e-11,1.108748e-08,5.407704e-09,-3.318589e-10,-4.168888e-09,-5.706588e-09,-2.317767e-09,6.570491e-09,4.847893e-09,-1.715316e-08,-4.626926e-08,-7.215780e-08,-7.935449e-08,-6.037205e-08,-2.235669e-08,2.430057e-08,6.566573e-08,1.027740e-07,1.403008e-07,3.618348e-07,3.935157e-07,4.251949e-07,4.568817e-07,4.885458e-07,5.198882e-07,5.504705e-07,5.787095e-07,6.021369e-07,6.177631e-07,6.187468e-07,6.118666e-07,5.993762e-07,5.832923e-07,5.652430e-07,5.469573e-07,5.287910e-07,5.106049e-07,-3.336506e-08,-2.967610e-08,-2.598927e-08,-2.213963e-08,-1.785976e-08,-1.305246e-08,-7.748664e-09,-2.345373e-09,2.840419e-09,8.273939e-09,1.474847e-08,2.247460e-08,3.165707e-08,4.232154e-08,5.428837e-08,6.702006e-08,8.005892e-08,9.307582e-08,-6.202437e-07,-5.942681e-07,-5.682707e-07,-5.422301e-07,-5.167242e-07,-4.919248e-07,-4.684470e-07,-4.461212e-07,-4.249050e-07,-4.042554e-07,-3.846906e-07,-3.665376e-07,-3.496877e-07,-3.336453e-07,-3.182069e-07,-3.035841e-07,-2.894500e-07,-2.752754e-07,5.437478e-08,4.743671e-08,4.050443e-08,3.346219e-08,2.601438e-08,1.829769e-08,1.094847e-08,4.768755e-09,6.100214e-10,-1.217058e-09,-7.602162e-10,1.650846e-09,5.316928e-09,9.917463e-09,1.555164e-08,2.193410e-08,2.847224e-08,3.498683e-08
