2.918145e-05,-5.935374e-07,-1.820233e-07,1.225672e-06,1.530479e-06,1.834549e-06,2.079753e-06,2.292102e-06,2.477495e-06,2.676563e-06,2.707865e-06,2.574023e-06,2.496430e-06,2.552587e-06,2.665468e-06,2.980009e-06,3.578567e-06,4.204368e-06,4.858880e-06,5.548555e-06,6.214471e-06,-1.854011e-04,-1.850948e-04,-1.847883e-04,-1.844823e-04,-1.841748e-04,-1.838473e-04,-1.834903e-04,-1.830822e-04,-1.826375e-04,-1.821533e-04,-1.816481e-04,-1.811410e-04,-1.806269e-04,-1.800981e-04,-1.795571e-04,-1.790157e-04,-1.784810e-04,-1.779448e-04,4.926865e-06,4.977706e-06,5.028522e-06,5.073486e-06,5.101445e-06,5.113073e-06,5.096762e-06,5.053697e-06,4.979823e-06,4.868342e-06,4.731468e-06,4.577440e-06,4.425366e-06,4.281202e-06,4.133508e-06,3.980555e-06,3.831410e-06,3.683026e-06,2.425685e-04,2.344099e-04,2.262493e-04,2.180868e-04,2.099700e-04,2.019122e-04,1.939591e-04,1.860984e-04,1.783269e-04,1.706079e-04,1.629865e-04,1.554931e-04,1.481158e-04,1.408128e-04,1.335622e-04,1.263685e-04,1.192089e-04,1.120465e-04,-1.157637e-05,-1.027221e-05,-8.968310e-06,-7.659148e-06,-6.329840e-06,-5.001344e-06,-3.731923e-06,-2.592531e-06,-1.654695e-06,-9.521569e-07,-4.864246e-07,-2.223122e-07,-1.005328e-07,-9.113055e-08,-1.914925e-07,-3.693109e-07,-5.664391e-07,-7.610722e-07
-5.935374e-07,2.730992e-05,8.348492e-08,3.073319e-07,1.095163e-07,-3.983566e-08,-2.180002e-07,-4.027522e-07,-4.736340e-07,-4.549564e-07,-4.981854e-07,-5.825239e-07,-7.878327e-07,-9.154016e-07,-9.655591e-07,-7.552797e-07,-3.344586e-07,3.588829e-07,1.331472e-06,2.325591e-06,3.302091e-06,6.667369e-06,6.517465e-06,6.367688e-06,6.217496e-06,6.068796e-06,5.935402e-06,5.812142e-06,5.696573e-06,5.574994e-06,5.425825e-06,5.249267e-06,5.047067e-06,4.830167e-06,4.599102e-06,4.344672e-06,4.070066e-06,3.790702e-06,3.512234e-06,-1.726036e-04,-1.721795e-04,-1.717535e-04,-1.713134e-04,-1.708767e-04,-1.704373e-04,-1.700102e-04,-1.696019e-04,-1.692185e-04,-1.688617e-04,-1.685527e-04,-1.682783e-04,-1.680335e-04,-1.678212e-04,-1.676285e-04,-1.674401e-04,-1.672499e-04,-1.670586e-04,-1.136524e-05,-1.008195e-05,-8.798803e-06,-7.512209e-06,-6.211256e-06,-4.914569e-06,-3.676845e-06,-2.565614e-06,-1.645979e-06,-9.485787e-07,-4.729666e-07,-1.844884e-07,-2.511538e-08,3.544555e-08,-8.572861e-10,-1.065167e-07,-2.297548e-07,-3.506914e-07,2.024628e-04,1.989596e-04,1.954562e-04,1.919030e-04,1.882420e-04,1.843663e-04,1.802149e-04,1.757387e-04,1.709778e-04,1.659734e-04,1.608347e-04,1.555971e-04,1.503015e-04,1.449981e-04,1.396989e-04,1.343843e-04,1.290505e-04,1.237171e-04
-1.820233e-07,8.348492e-08,5.821015e-06,-4.897584e-05,-4.917958e-05,-4.936596e-05,-4.937765e-05,-4.937275e-05,-4.912480e-05,-4.873335e-05,-4.792209e-05,-4.681643e-05,-4.524603e-05,-4.373143e-05,-4.237735e-05,-4.117218e-05,-4.012697e-05,-3.921246e-05,-3.841776e-05,-3.768784e-05,-3.694501e-05,-2.291480e-06,-1.724762e-06,-1.157988e-06,-5.913022e-07,-2.391449e-08,5.200405e-07,1.026916e-06,1.526463e-06,2.033012e-06,2.529119e-06,3.002823e-06,3.449010e-06,3.874931e-06,4.288843e-06,4.695313e-06,5.102884e-06,5.513821e-06,5.924148e-06,-6.013004e-07,-7.283741e-07,-8.565776e-07,-9.572556e-07,-1.013088e-06,-1.048034e-06,-1.070795e-06,-1.077923e-06,-1.068701e-06,-1.022889e-06,-9.222822e-07,-7.763058e-07,-5.941701e-07,-3.886464e-07,-1.661662e-07,6.804205e-08,3.050732e-07,5.414905e-07,-5.643817e-06,-5.198906e-06,-4.754321e-06,-4.306006e-06,-3.848821e-06,-3.351015e-06,-2.786722e-06,-2.171599e-06,-1.500287e-06,-7.286097e-07,1.742629e-07,1.219387e-06,2.397594e-06,3.677908e-06,5.014139e-06,6.370864e-06,7.729311e-06,9.087139e-06,-1.569211e-07,1.009070e-08,1.794890e-07,3.220768e-07,4.222371e-07,5.051795e-07,5.810308e-07,6.508078e-07,7.198971e-07,7.697415e-07,7.929218e-07,8.150431e-07,8.727643e-07,9.898409e-07,1.170499e-06,1.397265e-06,1.639240e-06,1.879846e-06
1.225672e-06,3.073319e-07,-4.897584e-05,1.091922e-03,8.440148e-04,6.379934e-04,4.964529e-04,4.147875e-04,3.756246e-04,3.637406e-04,3.616357e-04,3.603465e-04,3.546506e-04,3.478825e-04,3.409793e-04,3.347074e-04,3.302347e-04,3.284339e-04,3.292233e-04,3.313884e-04,3.333958e-04,1.183196e-04,1.038534e-04,8.938647e-05,7.491530e-05,6.039046e-05,4.624972e-05,3.292015e-05,2.051496e-05,9.045166e-06,-1.583082e-06,-1.148164e-05,-2.077289e-05,-2.963743e-05,-3.823796e-05,-4.670711e-05,-5.518149e-05,-6.369620e-05,-7.220478e-05,-1.576931e-04,-1.346699e-04,-1.115385e-04,-8.984221e-05,-7.050189e-05,-5.322005e-05,-3.787388e-05,-2.438691e-05,-1.268611e-05,-2.629630e-06,5.941633e-06,1.331310e-05,1.974485e-05,2.553577e-05,3.092383e-05,3.605713e-05,4.109422e-05,4.614079e-05,3.981039e-05,3.696204e-05,3.411660e-05,3.122445e-05,2.824099e-05,2.486757e-05,2.084156e-05,1.624202e-05,1.100380e-05,4.788912e-06,-2.630892e-06,-1.132221e-05,-2.118670e-05,-3.194635e-05,-4.319622e-05,-5.462653e-05,-6.607279e-05,-7.751387e-05,1.123831e-05,8.620860e-06,5.969050e-06,3.689970e-06,2.007826e-06,6.893415e-07,-3.654518e-07,-1.185247e-06,-1.827565e-06,-2.176336e-06,-2.204522e-06,-2.149476e-06,-2.337825e-06,-2.987147e-06,-4.150204e-06,-5.689432e-06,-7.350979e-06,-9.001516e-06
1.530479e-06,1.095163e-07,-4.917958e-05,8.440148e-04,7.285736e-04,6.030860e-04,5.078307e-04,4.447656e-04,4.083316e-04,3.910152e-04,3.814169e-04,3.737849e-04,3.636153e-04,3.539742e-04,3.453825e-04,3.380292e-04,3.325227e-04,3.292289e-04,3.279947e-04,3.278544e-04,3.275718e-04,8.681850e-05,7.519123e-05,6.356296e-05,5.193317e-05,4.025439e-05,2.898433e-05,1.850373e-05,8.732036e-06,-4.133316e-07,-8.962148e-06,-1.697098e-05,-2.451591e-05,-3.173894e-05,-3.876669e-05,-4.569221e-05,-5.262545e-05,-5.959524e-05,-6.655917e-05,-9.763237e-05,-8.217311e-05,-6.662802e-05,-5.223807e-05,-3.973202e-05,-2.872236e-05,-1.904550e-05,-1.064270e-05,-3.440409e-06,2.605763e-06,7.554120e-06,1.161141e-05,1.496198e-05,1.782985e-05,2.038480e-05,2.273790e-05,2.501982e-05,2.730975e-05,4.366844e-05,4.053308e-05,3.740066e-05,3.422492e-05,3.096336e-05,2.731304e-05,2.301795e-05,1.818474e-05,1.276121e-05,6.398549e-06,-1.140477e-06,-9.929852e-06,-1.987742e-05,-3.071040e-05,-4.202869e-05,-5.352550e-05,-6.503774e-05,-7.654477e-05,8.668160e-06,6.439495e-06,4.179604e-06,2.259541e-06,8.818816e-07,-1.980502e-07,-1.083861e-06,-1.800706e-06,-2.406049e-06,-2.770732e-06,-2.855519e-06,-2.889375e-06,-3.191362e-06,-3.971811e-06,-5.276728e-06,-6.964186e-06,-8.776739e-06,-1.057803e-05
1.834549e-06,-3.983566e-08,-4.936596e-05,6.379934e-04,6.030860e-04,5.716770e-04,5.187224e-04,4.750243e-04,4.408993e-04,4.181360e-04,4.009970e-04,3.870462e-04,3.724371e-04,3.599547e-04,3.496973e-04,3.412770e-04,3.347372e-04,3.299306e-04,3.266346e-04,3.241413e-04,3.215220e-04,5.476479e-05,4.603717e-05,3.730820e-05,2.858048e-05,1.980846e-05,1.146960e-05,3.896650e-06,-3.186323e-06,-9.956654e-06,-1.638028e-05,-2.245802e-05,-2.821867e-05,-3.376447e-05,-3.918510e-05,-4.453320e-05,-4.989148e-05,-5.528238e-05,-6.066769e-05,-3.629674e-05,-2.856293e-05,-2.076578e-05,-1.384447e-05,-8.332713e-06,-3.749840e-06,1.101406e-07,3.289204e-06,5.862651e-06,7.777747e-06,8.991674e-06,9.631054e-06,9.802910e-06,9.654768e-06,9.286490e-06,8.771026e-06,8.210183e-06,7.655855e-06,4.747145e-05,4.405501e-05,4.064151e-05,3.718800e-05,3.365399e-05,2.973232e-05,2.517373e-05,2.011257e-05,1.450968e-05,8.005562e-06,3.540501e-07,-8.526226e-06,-1.854934e-05,-2.944785e-05,-4.082674e-05,-5.238230e-05,-6.395280e-05,-7.551805e-05,6.359256e-06,4.527578e-06,2.667836e-06,1.114801e-06,4.874189e-08,-7.870387e-07,-1.500100e-06,-2.112233e-06,-2.680851e-06,-3.063670e-06,-3.208980e-06,-3.336974e-06,-3.758710e-06,-4.676859e-06,-6.130396e-06,-7.972943e-06,-9.943441e-06,-1.190243e-05
2.079753e-06,-2.180002e-07,-4.937765e-05,4.964529e-04,5.078307e-04,5.187224e-04,5.261528e-04,5.005374e-04,4.715860e-04,4.440876e-04,4.198317e-04,3.993607e-04,3.799738e-04,3.643533e-04,3.522327e-04,3.426723e-04,3.352151e-04,3.292780e-04,3.245355e-04,3.204148e-04,3.161774e-04,2.863211e-05,2.221740e-05,1.580100e-05,9.388369e-06,2.936161e-06,-3.058425e-06,-8.294870e-06,-1.322486e-05,-1.810727e-05,-2.284249e-05,-2.738122e-05,-3.171593e-05,-3.592100e-05,-4.005801e-05,-4.414813e-05,-4.825259e-05,-5.238739e-05,-5.651674e-05,5.336912e-06,7.501674e-06,9.708715e-06,1.129153e-05,1.187665e-05,1.200712e-05,1.191508e-05,1.161853e-05,1.118499e-05,1.046540e-05,9.324057e-06,7.827027e-06,6.024639e-06,4.008876e-06,1.831224e-06,-4.598860e-07,-2.780062e-06,-5.094655e-06,5.043703e-05,4.679914e-05,4.316422e-05,3.949219e-05,3.574446e-05,3.161067e-05,2.684689e-05,2.161193e-05,1.587804e-05,9.276094e-06,1.552714e-06,-7.379089e-06,-1.743825e-05,-2.836219e-05,-3.976092e-05,-5.133402e-05,-6.292154e-05,-7.450384e-05,4.065770e-06,2.565077e-06,1.039366e-06,-2.104594e-07,-1.022586e-06,-1.661017e-06,-2.235134e-06,-2.762810e-06,-3.300346e-06,-3.693002e-06,-3.877869e-06,-4.068077e-06,-4.568179e-06,-5.574976e-06,-7.122657e-06,-9.062351e-06,-1.113144e-05,-1.318889e-05
2.292102e-06,-4.027522e-07,-4.937275e-05,4.147875e-04,4.447656e-04,4.750243e-04,5.005374e-04,5.187430e-04,4.981438e-04,4.709239e-04,4.408585e-04,4.140040e-04,3.892161e-04,3.697526e-04,3.551578e-04,3.440683e-04,3.356368e-04,3.289208e-04,3.234147e-04,3.184883e-04,3.134449e-04,2.254993e-06,-1.783349e-06,-5.823446e-06,-9.858524e-06,-1.392631e-05,-1.755117e-05,-2.048053e-05,-2.332080e-05,-2.638959e-05,-2.949926e-05,-3.254026e-05,-3.546997e-05,-3.834159e-05,-4.119525e-05,-4.402928e-05,-4.688726e-05,-4.977573e-05,-5.265862e-05,2.037320e-05,1.983334e-05,1.931858e-05,1.838789e-05,1.680262e-05,1.511612e-05,1.355637e-05,1.211130e-05,1.082917e-05,9.458539e-06,7.775841e-06,5.816660e-06,3.608431e-06,1.219697e-06,-1.317131e-06,-3.960342e-06,-6.627990e-06,-9.290222e-06,5.311385e-05,4.925732e-05,4.540374e-05,4.151558e-05,3.755509e-05,3.321472e-05,2.825797e-05,2.286498e-05,1.701618e-05,1.032991e-05,2.544477e-06,-6.432478e-06,-1.652375e-05,-2.747066e-05,-3.888697e-05,-5.047502e-05,-6.207693e-05,-7.367366e-05,2.239892e-06,9.552176e-07,-3.519821e-07,-1.408831e-06,-2.069537e-06,-2.598397e-06,-3.103050e-06,-3.597272e-06,-4.135124e-06,-4.548712e-06,-4.764526e-06,-4.992337e-06,-5.534304e-06,-6.585122e-06,-8.177520e-06,-1.016213e-05,-1.227639e-05,-1.437898e-05
2.477495e-06,-4.736340e-07,-4.912480e-05,3.756246e-04,4.083316e-04,4.408993e-04,4.715860e-04,4.981438e-04,5.152527e-04,4.934337e-04,4.633647e-04,4.315024e-04,4.013200e-04,3.769948e-04,3.584934e-04,3.443010e-04,3.334449e-04,3.247778e-04,3.176461e-04,3.112147e-04,3.046565e-04,-8.551490e-06,-1.176042e-05,-1.497087e-05,-1.817662e-05,-2.140615e-05,-2.424935e-05,-2.650331e-05,-2.888009e-05,-3.172818e-05,-3.474865e-05,-3.775891e-05,-4.068305e-05,-4.356707e-05,-4.644637e-05,-4.931719e-05,-5.222071e-05,-5.515718e-05,-5.808776e-05,2.196773e-05,2.069028e-05,1.942666e-05,1.788507e-05,1.591686e-05,1.402215e-05,1.239831e-05,1.100907e-05,9.882897e-06,8.664796e-06,7.054133e-06,5.090086e-06,2.817147e-06,3.164981e-07,-2.369520e-06,-5.185521e-06,-8.035577e-06,-1.087955e-05,5.514438e-05,5.112455e-05,4.710760e-05,4.305804e-05,3.893801e-05,3.445061e-05,2.936781e-05,2.388340e-05,1.798234e-05,1.126870e-05,3.472050e-06,-5.504472e-06,-1.558563e-05,-2.651543e-05,-3.791028e-05,-4.947449e-05,-6.105201e-05,-7.262447e-05,1.729307e-06,5.156678e-07,-7.187579e-07,-1.720957e-06,-2.357085e-06,-2.882598e-06,-3.400383e-06,-3.921806e-06,-4.498758e-06,-4.950897e-06,-5.195373e-06,-5.441752e-06,-5.993016e-06,-7.044855e-06,-8.631473e-06,-1.060591e-05,-1.270833e-05,-1.479924e-05
2.676563e-06,-4.549564e-07,-4.873335e-05,3.637406e-04,3.910152e-04,4.181360e-04,4.440876e-04,4.709239e-04,4.934337e-04,5.085817e-04,4.845079e-04,4.535711e-04,4.192232e-04,3.895577e-04,3.653319e-04,3.455463e-04,3.295266e-04,3.162446e-04,3.050821e-04,2.949173e-04,2.846074e-04,7.526555e-06,2.305324e-06,-2.917025e-06,-8.135888e-06,-1.336976e-05,-1.829990e-05,-2.278686e-05,-2.756291e-05,-3.295366e-05,-3.852562e-05,-4.400902e-05,-4.930055e-05,-5.446455e-05,-5.956253e-05,-6.462546e-05,-6.972160e-05,-7.485517e-05,-7.998246e-05,1.678975e-05,1.611636e-05,1.545069e-05,1.458290e-05,1.341214e-05,1.234026e-05,1.150350e-05,1.082972e-05,1.031257e-05,9.484977e-06,7.975750e-06,5.864397e-06,3.258668e-06,2.926595e-07,-2.951108e-06,-6.381095e-06,-9.870734e-06,-1.335275e-05,5.694641e-05,5.281828e-05,4.869293e-05,4.453632e-05,4.031004e-05,3.573225e-05,3.058578e-05,2.506632e-05,1.915627e-05,1.244316e-05,4.646795e-06,-4.333010e-06,-1.441954e-05,-2.535612e-05,-3.675803e-05,-4.832837e-05,-5.991159e-05,-7.148987e-05,2.465844e-06,1.178064e-06,-1.294392e-07,-1.216091e-06,-1.956041e-06,-2.590164e-06,-3.213520e-06,-3.834001e-06,-4.499525e-06,-5.016821e-06,-5.294398e-06,-5.545555e-06,-6.078694e-06,-7.094549e-06,-8.631965e-06,-1.054913e-05,-1.259086e-05,-1.462136e-05
2.707865e-06,-4.981854e-07,-4.792209e-05,3.616357e-04,3.814169e-04,4.009970e-04,4.198317e-04,4.408585e-04,4.633647e-04,4.845079e-04,4.982455e-04,4.745764e-04,4.424455e-04,4.088858e-04,3.782471e-04,3.504311e-04,3.259030e-04,3.042407e-04,2.852435e-04,2.675688e-04,2.497330e-04,2.684971e-05,1.852838e-05,1.020627e-05,1.886384e-06,-6.442158e-06,-1.453890e-05,-2.231680e-05,-3.043467e-05,-3.915627e-05,-4.791963e-05,-5.636520e-05,-6.437278e-05,-7.204991e-05,-7.951675e-05,-8.687987e-05,-9.426620e-05,-1.016938e-04,-1.091150e-04,1.399130e-05,1.404768e-05,1.410931e-05,1.399710e-05,1.361477e-05,1.325073e-05,1.296895e-05,1.265452e-05,1.225906e-05,1.120541e-05,9.053169e-06,5.950278e-06,2.106792e-06,-2.259725e-06,-7.009675e-06,-1.200664e-05,-1.709281e-05,-2.216969e-05,5.666070e-05,5.257683e-05,4.849562e-05,4.438420e-05,4.020383e-05,3.568802e-05,3.063060e-05,2.521624e-05,1.942101e-05,1.282052e-05,5.126721e-06,-3.762164e-06,-1.376546e-05,-2.462385e-05,-3.594940e-05,-4.744266e-05,-5.894849e-05,-7.044955e-05,2.925876e-06,1.504816e-06,6.472884e-08,-1.161674e-06,-2.052166e-06,-2.829709e-06,-3.579664e-06,-4.304801e-06,-5.047415e-06,-5.602647e-06,-5.870961e-06,-6.071589e-06,-6.521190e-06,-7.428069e-06,-8.837406e-06,-1.061484e-05,-1.251189e-05,-1.439812e-05
2.574023e-06,-5.825239e-07,-4.681643e-05,3.603465e-04,3.737849e-04,3.870462e-04,3.993607e-04,4.140040e-04,4.315024e-04,4.535711e-04,4.745764e-04,4.907460e-04,4.675102e-04,4.363840e-04,4.003124e-04,3.631402e-04,3.270465e-04,2.930744e-04,2.619486e-04,2.323505e-04,2.025877e-04,3.563595e-05,2.435336e-05,1.307025e-05,1.788276e-06,-9.498641e-06,-2.060206e-05,-3.146039e-05,-4.259041e-05,-5.414169e-05,-6.544753e-05,-7.606753e-05,-8.586906e-05,-9.501672e-05,-1.037205e-04,-1.122059e-04,-1.206907e-04,-1.292174e-04,-1.377380e-04,1.908411e-05,1.931484e-05,1.955071e-05,1.960444e-05,1.933672e-05,1.890662e-05,1.829322e-05,1.732701e-05,1.590126e-05,1.336904e-05,9.249260e-06,3.787807e-06,-2.663458e-06,-9.776563e-06,-1.734903e-05,-2.520528e-05,-3.317197e-05,-4.112833e-05,5.431683e-05,5.043545e-05,4.655659e-05,4.264830e-05,3.867193e-05,3.437387e-05,2.955623e-05,2.438355e-05,1.881931e-05,1.243368e-05,4.933908e-06,-3.782483e-06,-1.362947e-05,-2.434273e-05,-3.552770e-05,-4.688034e-05,-5.824554e-05,-6.960609e-05,3.093100e-06,1.504013e-06,-1.036485e-07,-1.501470e-06,-2.565355e-06,-3.497667e-06,-4.372217e-06,-5.184440e-06,-5.968109e-06,-6.512335e-06,-6.713255e-06,-6.798778e-06,-7.097378e-06,-7.827526e-06,-9.041173e-06,-1.061173e-05,-1.229703e-05,-1.397193e-05
2.496430e-06,-7.878327e-07,-4.524603e-05,3.546506e-04,3.636153e-04,3.724371e-04,3.799738e-04,3.892161e-04,4.013200e-04,4.192232e-04,4.424455e-04,4.675102e-04,4.848847e-04,4.625151e-04,4.275514e-04,3.828521e-04,3.350577e-04,2.869736e-04,2.410329e-04,1.964606e-04,1.517521e-04,3.658315e-05,2.309580e-05,9.608101e-06,-3.879218e-06,-1.736968e-05,-3.070426e-05,-4.382409e-05,-5.709158e-05,-7.052387e-05,-8.338517e-05,-9.514576e-05,-1.056306e-04,-1.150457e-04,-1.237079e-04,-1.319920e-04,-1.402286e-04,-1.485002e-04,-1.567670e-04,2.826087e-05,2.754090e-05,2.682689e-05,2.591130e-05,2.460446e-05,2.296094e-05,2.089690e-05,1.820841e-05,1.474533e-05,9.857555e-06,3.044098e-06,-5.360190e-06,-1.485859e-05,-2.502544e-05,-3.562394e-05,-4.647370e-05,-5.742741e-05,-6.837169e-05,5.187105e-05,4.824521e-05,4.462176e-05,4.096981e-05,3.725185e-05,3.322669e-05,2.870419e-05,2.382683e-05,1.854416e-05,1.243039e-05,5.189840e-06,-3.283919e-06,-1.290240e-05,-2.339727e-05,-3.436756e-05,-4.550523e-05,-5.665553e-05,-6.780121e-05,1.898601e-06,2.386902e-07,-1.439313e-06,-2.911409e-06,-4.050914e-06,-5.040452e-06,-5.943933e-06,-6.751512e-06,-7.489842e-06,-7.951836e-06,-8.032356e-06,-7.964882e-06,-8.087193e-06,-8.625157e-06,-9.634068e-06,-1.099264e-05,-1.246265e-05,-1.392252e-05
2.552587e-06,-9.154016e-07,-4.373143e-05,3.478825e-04,3.539742e-04,3.599547e-04,3.643533e-04,3.697526e-04,3.769948e-04,3.895577e-04,4.088858e-04,4.363840e-04,4.625151e-04,4.809842e-04,4.547535e-04,4.112243e-04,3.560299e-04,2.962627e-04,2.363308e-04,1.770036e-04,1.176110e-04,2.723725e-05,1.350269e-05,-2.321568e-07,-1.396699e-05,-2.770460e-05,-4.129138e-05,-5.464380e-05,-6.797085e-05,-8.116007e-05,-9.344689e-05,-1.042351e-04,-1.132899e-04,-1.208152e-04,-1.272353e-04,-1.330825e-04,-1.388061e-04,-1.445457e-04,-1.502833e-04,3.683708e-05,3.378933e-05,3.074854e-05,2.748881e-05,2.378630e-05,1.964436e-05,1.496823e-05,9.569990e-06,3.303912e-06,-4.400304e-06,-1.399680e-05,-2.508820e-05,-3.707623e-05,-4.948938e-05,-6.211803e-05,-7.484397e-05,-8.761663e-05,-1.003841e-04,5.041101e-05,4.702865e-05,4.364853e-05,4.024087e-05,3.677023e-05,3.300470e-05,2.875825e-05,2.415142e-05,1.911986e-05,1.324713e-05,6.237780e-06,-2.019947e-06,-1.143995e-05,-2.175002e-05,-3.254171e-05,-4.350249e-05,-5.447639e-05,-6.544548e-05,4.723806e-07,-1.104993e-06,-2.700048e-06,-4.092879e-06,-5.155223e-06,-6.056527e-06,-6.857010e-06,-7.547760e-06,-8.154148e-06,-8.482900e-06,-8.435782e-06,-8.248050e-06,-8.260929e-06,-8.701676e-06,-9.621881e-06,-1.089795e-05,-1.228756e-05,-1.366681e-05
2.665468e-06,-9.655591e-07,-4.237735e-05,3.409793e-04,3.453825e-04,3.496973e-04,3.522327e-04,3.551578e-04,3.584934e-04,3.653319e-04,3.782471e-04,4.003124e-04,4.275514e-04,4.547535e-04,4.704419e-04,4.385472e-04,3.886121e-04,3.263988e-04,2.605066e-04,1.936464e-04,1.268675e-04,1.507812e-06,-8.874918e-06,-1.925795e-05,-2.964096e-05,-4.002750e-05,-5.024821e-05,-6.017287e-05,-6.986670e-05,-7.910688e-05,-8.714420e-05,-9.336906e-05,-9.750621e-05,-9.970009e-05,-1.004576e-04,-1.004496e-04,-1.002213e-04,-9.997719e-05,-9.973536e-05,4.277769e-05,3.713801e-05,3.150612e-05,2.564402e-05,1.931099e-05,1.250734e-05,5.172593e-06,-2.823470e-06,-1.158082e-05,-2.152850e-05,-3.300177e-05,-4.554162e-05,-5.848198e-05,-7.134245e-05,-8.399000e-05,-9.644448e-05,-1.088301e-04,-1.212186e-04,4.951640e-05,4.635154e-05,4.318880e-05,3.999949e-05,3.675066e-05,3.321615e-05,2.921040e-05,2.483328e-05,2.000850e-05,1.433366e-05,7.520281e-06,-5.450743e-07,-9.785333e-06,-1.992664e-05,-3.055418e-05,-4.135339e-05,-5.216664e-05,-6.297466e-05,-1.112275e-06,-2.473531e-06,-3.852115e-06,-5.031985e-06,-5.884269e-06,-6.571483e-06,-7.155407e-06,-7.632880e-06,-8.032829e-06,-8.182732e-06,-7.999941e-06,-7.720995e-06,-7.686907e-06,-8.122472e-06,-9.069930e-06,-1.039460e-05,-1.184116e-05,-1.327660e-05
2.980009e-06,-7.552797e-07,-4.117218e-05,3.347074e-04,3.380292e-04,3.412770e-04,3.426723e-04,3.440683e-04,3.443010e-04,3.455463e-04,3.504311e-04,3.631402e-04,3.828521e-04,4.112243e-04,4.385472e-04,4.551372e-04,4.257886e-04,3.798591e-04,3.239874e-04,2.652772e-04,2.067510e-04,-4.755633e-05,-4.987632e-05,-5.219670e-05,-5.451672e-05,-5.684193e-05,-5.896756e-05,-6.069807e-05,-6.196045e-05,-6.244074e-05,-6.143891e-05,-5.836804e-05,-5.292963e-05,-4.521605e-05,-3.579265e-05,-2.543548e-05,-1.474786e-05,-4.001551e-06,6.737075e-06,4.206656e-05,3.516191e-05,2.826547e-05,2.113667e-05,1.353500e-05,5.500805e-06,-2.952479e-06,-1.186190e-05,-2.124561e-05,-3.134824e-05,-4.233803e-05,-5.370960e-05,-6.476038e-05,-7.501833e-05,-8.443923e-05,-9.325065e-05,-1.018233e-04,-1.104102e-04,5.038667e-05,4.738554e-05,4.438643e-05,4.136176e-05,3.828175e-05,3.492249e-05,3.109536e-05,2.687960e-05,2.218830e-05,1.663537e-05,9.943255e-06,1.999999e-06,-7.124025e-06,-1.715442e-05,-2.767213e-05,-3.836433e-05,-4.907177e-05,-5.977335e-05,-1.413512e-06,-2.458791e-06,-3.521068e-06,-4.388723e-06,-4.933760e-06,-5.318394e-06,-5.611524e-06,-5.820659e-06,-5.982830e-06,-5.951311e-06,-5.664369e-06,-5.357485e-06,-5.367096e-06,-5.912653e-06,-7.025257e-06,-8.550781e-06,-1.021262e-05,-1.186205e-05
3.578567e-06,-3.344586e-07,-4.012697e-05,3.302347e-04,3.325227e-04,3.347372e-04,3.352151e-04,3.356368e-04,3.334449e-04,3.295266e-04,3.259030e-04,3.270465e-04,3.350577e-04,3.560299e-04,3.886121e-04,4.257886e-04,4.574238e-04,4.478672e-04,4.260033e-04,3.976098e-04,3.698767e-04,-1.157684e-04,-1.062625e-04,-9.675724e-05,-8.725092e-05,-7.775207e-05,-6.800539e-05,-5.773753e-05,-4.674408e-05,-3.463824e-05,-2.078721e-05,-4.641868e-06,1.412367e-05,3.547174e-05,5.878585e-05,8.320407e-05,1.080877e-04,1.330819e-04,1.580620e-04,3.156026e-05,2.582910e-05,2.010598e-05,1.416200e-05,7.781564e-06,1.091042e-06,-5.780792e-06,-1.274063e-05,-1.968631e-05,-2.664553e-05,-3.358729e-05,-3.999453e-05,-4.517714e-05,-4.870763e-05,-5.063242e-05,-5.143983e-05,-5.180061e-05,-5.218948e-05,5.385785e-05,5.090941e-05,4.796288e-05,4.499189e-05,4.197047e-05,3.867409e-05,3.490857e-05,3.073295e-05,2.605114e-05,2.049351e-05,1.379465e-05,5.844591e-06,-3.291700e-06,-1.333854e-05,-2.387350e-05,-3.458758e-05,-4.531817e-05,-5.604212e-05,-6.442541e-07,-1.292833e-06,-1.958069e-06,-2.433818e-06,-2.595476e-06,-2.612050e-06,-2.565631e-06,-2.479825e-06,-2.405078e-06,-2.224467e-06,-1.900752e-06,-1.663545e-06,-1.837708e-06,-2.632162e-06,-4.066571e-06,-5.960693e-06,-8.009926e-06,-1.004509e-05
4.204368e-06,3.588829e-07,-3.921246e-05,3.284339e-04,3.292289e-04,3.299306e-04,3.292780e-04,3.289208e-04,3.247778e-04,3.162446e-04,3.042407e-04,2.930744e-04,2.869736e-04,2.962627e-04,3.263988e-04,3.798591e-04,4.478672e-04,5.190926e-04,5.554754e-04,5.863580e-04,6.171490e-04,-1.892249e-04,-1.664209e-04,-1.436177e-04,-1.208125e-04,-9.801724e-05,-7.491780e-05,-5.115726e-05,-2.641101e-05,-2.377962e-07,2.791798e-05,5.856544e-05,9.207595e-05,1.284953e-04,1.671764e-04,2.071886e-04,2.478591e-04,2.887003e-04,3.295196e-04,8.004462e-06,6.147039e-06,4.296762e-06,2.255647e-06,-1.301324e-07,-2.593987e-06,-4.842780e-06,-6.607022e-06,-7.617029e-06,-7.647849e-06,-6.439035e-06,-3.494018e-06,1.821395e-06,9.843759e-06,2.036027e-05,3.256778e-05,4.545444e-05,5.829689e-05,5.774716e-05,5.483028e-05,5.191522e-05,4.897703e-05,4.599391e-05,4.273896e-05,3.901074e-05,3.484906e-05,3.015007e-05,2.456007e-05,1.782472e-05,9.833729e-06,6.436946e-07,-9.470032e-06,-2.008241e-05,-3.088675e-05,-4.170981e-05,-5.252523e-05,1.744545e-06,1.566728e-06,1.372645e-06,1.361041e-06,1.648660e-06,2.051765e-06,2.468495e-06,2.853048e-06,3.135743e-06,3.399428e-06,3.653428e-06,3.677764e-06,3.164312e-06,1.920651e-06,-5.147792e-08,-2.538418e-06,-5.202219e-06,-7.849985e-06
4.858880e-06,1.331472e-06,-3.841776e-05,3.292233e-04,3.279947e-04,3.266346e-04,3.245355e-04,3.234147e-04,3.176461e-04,3.050821e-04,2.852435e-04,2.619486e-04,2.410329e-04,2.363308e-04,2.605066e-04,3.239874e-04,4.260033e-04,5.554754e-04,6.968696e-04,8.147053e-04,9.364291e-04,-2.574771e-04,-2.218630e-04,-1.862498e-04,-1.506336e-04,-1.150296e-04,-7.906412e-05,-4.229902e-05,-4.307620e-06,3.538440e-05,7.724533e-05,1.217401e-04,1.692960e-04,2.200673e-04,2.734080e-04,3.283501e-04,3.842030e-04,4.402942e-04,4.963548e-04,-2.677437e-05,-2.280326e-05,-1.882648e-05,-1.499479e-05,-1.136705e-05,-7.494081e-06,-2.881882e-06,2.949298e-06,1.047193e-05,2.018743e-05,3.260439e-05,4.818033e-05,6.746593e-05,9.067970e-05,1.173879e-04,1.464197e-04,1.763845e-04,2.062869e-04,6.216751e-05,5.923554e-05,5.630534e-05,5.335346e-05,5.036240e-05,4.710210e-05,4.336310e-05,3.916773e-05,3.440615e-05,2.874023e-05,2.192608e-05,1.385179e-05,4.562878e-06,-5.668535e-06,-1.641712e-05,-2.737891e-05,-3.836250e-05,-4.933729e-05,6.013072e-06,6.333128e-06,6.637345e-06,7.115321e-06,7.871614e-06,8.701201e-06,9.477309e-06,1.012716e-05,1.055750e-05,1.081450e-05,1.087790e-05,1.053945e-05,9.510881e-06,7.620027e-06,4.897588e-06,1.597844e-06,-1.903096e-06,-5.385761e-06
5.548555e-06,2.325591e-06,-3.768784e-05,3.313884e-04,3.278544e-04,3.241413e-04,3.204148e-04,3.184883e-04,3.112147e-04,2.949173e-04,2.675688e-04,2.323505e-04,1.964606e-04,1.770036e-04,1.936464e-04,2.652772e-04,3.976098e-04,5.863580e-04,8.147053e-04,1.071381e-03,1.318387e-03,-3.194540e-04,-2.718623e-04,-2.242718e-04,-1.766771e-04,-1.290969e-04,-8.109993e-05,-3.217228e-05,1.819953e-05,7.050530e-05,1.251126e-04,1.824305e-04,2.429365e-04,3.068973e-04,3.736839e-04,4.423079e-04,5.120798e-04,5.821597e-04,6.522003e-04,-6.601720e-05,-5.546810e-05,-4.491503e-05,-3.445423e-05,-2.403327e-05,-1.300217e-05,-6.520182e-07,1.371983e-05,3.080185e-05,5.138077e-05,7.622059e-05,1.057348e-04,1.403812e-04,1.802535e-04,2.246850e-04,2.721169e-04,3.207573e-04,3.693160e-04,6.698527e-05,6.401619e-05,6.104882e-05,5.806131e-05,5.504055e-05,5.175355e-05,4.798346e-05,4.373734e-05,3.890164e-05,3.315499e-05,2.626515e-05,1.811918e-05,8.750981e-06,-1.572235e-06,-1.242637e-05,-2.351231e-05,-3.462294e-05,-4.572357e-05,1.016037e-05,1.104102e-05,1.190627e-05,1.293611e-05,1.422131e-05,1.553350e-05,1.671969e-05,1.767893e-05,1.829302e-05,1.857074e-05,1.846148e-05,1.776905e-05,1.622567e-05,1.367986e-05,1.019246e-05,6.060578e-06,1.700908e-06,-2.638088e-06
6.214471e-06,3.302091e-06,-3.694501e-05,3.333958e-04,3.275718e-04,3.215220e-04,3.161774e-04,3.134449e-04,3.046565e-04,2.846074e-04,2.497330e-04,2.025877e-04,1.517521e-04,1.176110e-04,1.268675e-04,2.067510e-04,3.698767e-04,6.171490e-04,9.364291e-04,1.318387e-03,1.742600e-03,-3.815367e-04,-3.219397e-04,-2.623440e-04,-2.027431e-04,-1.431588e-04,-8.310270e-05,-2.198464e-05,4.079634e-05,1.057464e-04,1.731329e-04,2.433095e-04,3.168039e-04,3.939944e-04,4.742682e-04,5.566153e-04,6.403459e-04,7.244536e-04,8.085132e-04,-1.048651e-04,-8.779512e-05,-7.072291e-05,-5.369056e-05,-3.653535e-05,-1.840780e-05,1.614878e-06,2.445730e-05,5.102296e-05,8.238331e-05,1.195573e-04,1.629149e-04,2.128217e-04,2.692479e-04,3.312948e-04,3.970171e-04,4.642231e-04,5.313286e-04,7.156919e-05,6.857511e-05,6.558270e-05,6.257170e-05,5.953339e-05,5.623197e-05,5.244327e-05,4.815906e-05,4.326208e-05,3.744789e-05,3.049589e-05,2.229213e-05,1.285894e-05,2.458683e-06,-8.485776e-06,-1.968022e-05,-3.090199e-05,-4.211259e-05,1.416888e-05,1.561281e-05,1.704176e-05,1.862617e-05,2.044315e-05,2.224132e-05,2.384175e-05,2.511556e-05,2.591981e-05,2.622600e-05,2.595317e-05,2.491714e-05,2.287057e-05,1.968254e-05,1.544381e-05,1.049403e-05,5.290095e-06,1.092004e-07
-1.854011e-04,6.667369e-06,-2.291480e-06,1.183196e-04,8.681850e-05,5.476479e-05,2.863211e-05,2.254993e-06,-8.551490e-06,7.526555e-06,2.684971e-05,3.563595e-05,3.658315e-05,2.723725e-05,1.507812e-06,-4.755633e-05,-1.157684e-04,-1.892249e-04,-2.574771e-04,-3.194540e-04,-3.815367e-04,2.855445e-03,2.624819e-03,2.398268e-03,2.179857e-03,1.973705e-03,1.782548e-03,1.608347e-03,1.450813e-03,1.308727e-03,1.179765e-03,1.061513e-03,9.513929e-04,8.467677e-04,7.457793e-04,6.468572e-04,5.485882e-04,4.503074e-04,3.520157e-04,-2.910243e-04,-2.700609e-04,-2.490973e-04,-2.278146e-04,-2.051147e-04,-1.808633e-04,-1.558508e-04,-1.312983e-04,-1.083361e-04,-8.759629e-05,-6.950345e-05,-5.409782e-05,-4.155363e-05,-3.166037e-05,-2.363718e-05,-1.675109e-05,-1.048945e-05,-4.203932e-06,-1.387858e-03,-1.349113e-03,-1.310349e-03,-1.271654e-03,-1.233598e-03,-1.196464e-03,-1.160741e-03,-1.126350e-03,-1.093207e-03,-1.060957e-03,-1.029764e-03,-9.996811e-04,-9.705016e-04,-9.418953e-04,-9.136745e-04,-8.857906e-04,-8.580858e-04,-8.303668e-04,1.105549e-04,9.990273e-05,8.925196e-05,7.853705e-05,6.750931e-05,5.627463e-05,4.532892e-05,3.527047e-05,2.668847e-05,1.988097e-05,1.489969e-05,1.149594e-05,9.268960e-06,7.988219e-06,7.544243e-06,7.660945e-06,7.947197e-06,8.214269e-06
-1.850948e-04,6.517465e-06,-1.724762e-06,1.038534e-04,7.519123e-05,4.603717e-05,2.221740e-05,-1.783349e-06,-1.176042e-05,2.305324e-06,1.852838e-05,2.435336e-05,2.309580e-05,1.350269e-05,-8.874918e-06,-4.987632e-05,-1.062625e-04,-1.664209e-04,-2.218630e-04,-2.718623e-04,-3.219397e-04,2.624819e-03,2.438496e-03,2.251085e-03,2.068032e-03,1.893082e-03,1.729202e-03,1.578532e-03,1.441189e-03,1.316411e-03,1.202370e-03,1.097159e-03,9.987093e-04,9.048421e-04,8.140019e-04,7.248797e-04,6.363070e-04,5.477277e-04,4.591382e-04,-2.653729e-04,-2.459794e-04,-2.265858e-04,-2.069019e-04,-1.859406e-04,-1.635846e-04,-1.405464e-04,-1.179393e-04,-9.679187e-05,-7.764801e-05,-6.085846e-05,-4.644139e-05,-3.452961e-05,-2.492780e-05,-1.694988e-05,-9.960648e-06,-3.517103e-06,2.946684e-06,-1.400895e-03,-1.360372e-03,-1.319831e-03,-1.279351e-03,-1.239476e-03,-1.200474e-03,-1.162818e-03,-1.126436e-03,-1.091253e-03,-1.056923e-03,-1.023620e-03,-9.914125e-04,-9.601055e-04,-9.293705e-04,-8.990219e-04,-8.690187e-04,-8.392016e-04,-8.093696e-04,1.075908e-04,9.719274e-05,8.679628e-05,7.633779e-05,6.558473e-05,5.464629e-05,4.400674e-05,3.425075e-05,2.595544e-05,1.940668e-05,1.464708e-05,1.142944e-05,9.354111e-06,8.194875e-06,7.855328e-06,8.068878e-06,8.445892e-06,8.804140e-06
-1.847883e-04,6.367688e-06,-1.157988e-06,8.938647e-05,6.356296e-05,3.730820e-05,1.580100e-05,-5.823446e-06,-1.497087e-05,-2.917025e-06,1.020627e-05,1.307025e-05,9.608101e-06,-2.321568e-07,-1.925795e-05,-5.219670e-05,-9.675724e-05,-1.436177e-04,-1.862498e-04,-2.242718e-04,-2.623440e-04,2.398268e-03,2.251085e-03,2.104195e-03,1.956131e-03,1.812482e-03,1.675850e-03,1.548719e-03,1.431564e-03,1.324095e-03,1.224975e-03,1.132804e-03,1.046025e-03,9.629155e-04,8.822232e-04,8.029008e-04,7.240240e-04,6.451462e-04,5.662586e-04,-2.397205e-04,-2.218972e-04,-2.040738e-04,-1.859888e-04,-1.667663e-04,-1.463058e-04,-1.252420e-04,-1.045803e-04,-8.524795e-05,-6.770016e-05,-5.221404e-05,-3.878564e-05,-2.750640e-05,-1.819617e-05,-1.026364e-05,-3.171390e-06,3.453934e-06,1.009586e-05,-1.413931e-03,-1.371631e-03,-1.329312e-03,-1.287047e-03,-1.245353e-03,-1.204482e-03,-1.164894e-03,-1.126521e-03,-1.089299e-03,-1.052888e-03,-1.017476e-03,-9.831433e-04,-9.497088e-04,-9.168452e-04,-8.843687e-04,-8.522463e-04,-8.203169e-04,-7.883719e-04,1.046274e-04,9.448362e-05,8.434146e-05,7.413940e-05,6.366101e-05,5.301879e-05,4.268539e-05,3.323184e-05,2.522321e-05,1.893318e-05,1.439523e-05,1.136368e-05,9.439977e-06,8.402222e-06,8.167079e-06,8.477454e-06,8.945206e-06,9.394604e-06
-1.844823e-04,6.217496e-06,-5.913022e-07,7.491530e-05,5.193317e-05,2.858048e-05,9.388369e-06,-9.858524e-06,-1.817662e-05,-8.135888e-06,1.886384e-06,1.788276e-06,-3.879218e-06,-1.396699e-05,-2.964096e-05,-5.451672e-05,-8.725092e-05,-1.208125e-04,-1.506336e-04,-1.766771e-04,-2.027431e-04,2.179857e-03,2.068032e-03,1.956131e-03,1.844538e-03,1.731795e-03,1.622520e-03,1.518899e-03,1.421941e-03,1.331780e-03,1.247581e-03,1.168452e-03,1.093344e-03,1.020993e-03,9.504496e-04,8.809277e-04,8.117475e-04,7.425717e-04,6.733869e-04,-2.140799e-04,-1.978252e-04,-1.815706e-04,-1.650830e-04,-1.475979e-04,-1.290315e-04,-1.099408e-04,-9.122345e-05,-7.370491e-05,-5.775210e-05,-4.356836e-05,-3.112767e-05,-2.048001e-05,-1.146043e-05,-3.572371e-06,3.623805e-06,1.043182e-05,1.725279e-05,-1.426972e-03,-1.382893e-03,-1.338797e-03,-1.294746e-03,-1.251234e-03,-1.208494e-03,-1.166973e-03,-1.126609e-03,-1.087347e-03,-1.048857e-03,-1.011334e-03,-9.748767e-04,-9.393144e-04,-9.043222e-04,-8.697178e-04,-8.354760e-04,-8.014342e-04,-7.673760e-04,1.016612e-04,9.177160e-05,8.188374e-05,7.193810e-05,6.173439e-05,5.138841e-05,4.136121e-05,3.221014e-05,2.448825e-05,1.845703e-05,1.414082e-05,1.129545e-05,9.523484e-06,8.607320e-06,8.476692e-06,8.884004e-06,9.442608e-06,9.983271e-06
-1.841748e-04,6.068796e-06,-2.391449e-08,6.039046e-05,4.025439e-05,1.980846e-05,2.936161e-06,-1.392631e-05,-2.140615e-05,-1.336976e-05,-6.442158e-06,-9.498641e-06,-1.736968e-05,-2.770460e-05,-4.002750e-05,-5.684193e-05,-7.775207e-05,-9.801724e-05,-1.150296e-04,-1.290969e-04,-1.431588e-04,1.973705e-03,1.893082e-03,1.812482e-03,1.731795e-03,1.651441e-03,1.569117e-03,1.489109e-03,1.412315e-03,1.339465e-03,1.270182e-03,1.204090e-03,1.140650e-03,1.079054e-03,1.018656e-03,9.589312e-04,8.994444e-04,8.399674e-04,7.804819e-04,-1.884507e-04,-1.737641e-04,-1.590778e-04,-1.441871e-04,-1.284389e-04,-1.117663e-04,-9.464833e-05,-7.787489e-05,-6.216997e-05,-4.781204e-05,-3.493069e-05,-2.347780e-05,-1.346194e-05,-4.733274e-06,3.109981e-06,1.040973e-05,1.740005e-05,2.439970e-05,-1.440001e-03,-1.394144e-03,-1.348271e-03,-1.302435e-03,-1.257104e-03,-1.212496e-03,-1.169041e-03,-1.126687e-03,-1.085386e-03,-1.044815e-03,-1.005183e-03,-9.666012e-04,-9.289116e-04,-8.917910e-04,-8.550590e-04,-8.186982e-04,-7.825444e-04,-7.463733e-04,9.870619e-05,8.907055e-05,7.943679e-05,6.974737e-05,5.981814e-05,4.976819e-05,4.004694e-05,3.119811e-05,2.376270e-05,1.799000e-05,1.389524e-05,1.123577e-05,9.615245e-06,8.820387e-06,8.793997e-06,9.297973e-06,9.947156e-06,1.057881e-05
-1.838473e-04,5.935402e-06,5.200405e-07,4.624972e-05,2.898433e-05,1.146960e-05,-3.058425e-06,-1.755117e-05,-2.424935e-05,-1.829990e-05,-1.453890e-05,-2.060206e-05,-3.070426e-05,-4.129138e-05,-5.024821e-05,-5.896756e-05,-6.800539e-05,-7.491780e-05,-7.906412e-05,-8.109993e-05,-8.310270e-05,1.782548e-03,1.729202e-03,1.675850e-03,1.622520e-03,1.569117e-03,1.515360e-03,1.458681e-03,1.402268e-03,1.346802e-03,1.292539e-03,1.239574e-03,1.187888e-03,1.137131e-03,1.086959e-03,1.037111e-03,9.873976e-04,9.376990e-04,8.879925e-04,-1.633015e-04,-1.501562e-04,-1.370111e-04,-1.236908e-04,-1.096515e-04,-9.484409e-05,-7.967016e-05,-6.481135e-05,-5.088997e-05,-3.809616e-05,-2.648606e-05,-1.598930e-05,-6.572904e-06,1.897845e-06,9.729918e-06,1.716724e-05,2.437413e-05,3.158671e-05,-1.452822e-03,-1.405199e-03,-1.357560e-03,-1.309951e-03,-1.262812e-03,-1.216346e-03,-1.170970e-03,-1.126635e-03,-1.083303e-03,-1.040661e-03,-9.989277e-04,-9.582305e-04,-9.184223e-04,-8.791821e-04,-8.403315e-04,-8.018605e-04,-7.636036e-04,-7.253286e-04,9.588564e-05,8.650056e-05,7.711747e-05,6.768093e-05,5.802272e-05,4.826523e-05,3.884621e-05,3.029563e-05,2.314239e-05,1.762369e-05,1.374577e-05,1.126740e-05,9.793249e-06,9.114292e-06,9.186384e-06,9.781006e-06,1.051465e-05,1.123118e-05
-1.834903e-04,5.812142e-06,1.026916e-06,3.292015e-05,1.850373e-05,3.896650e-06,-8.294870e-06,-2.048053e-05,-2.650331e-05,-2.278686e-05,-2.231680e-05,-3.146039e-05,-4.382409e-05,-5.464380e-05,-6.017287e-05,-6.069807e-05,-5.773753e-05,-5.115726e-05,-4.229902e-05,-3.217228e-05,-2.198464e-05,1.608347e-03,1.578532e-03,1.548719e-03,1.518899e-03,1.489109e-03,1.458681e-03,1.427138e-03,1.391003e-03,1.353309e-03,1.314304e-03,1.274727e-03,1.235037e-03,1.195356e-03,1.155642e-03,1.115900e-03,1.076187e-03,1.036494e-03,9.967934e-04,-1.393377e-04,-1.276757e-04,-1.160139e-04,-1.042054e-04,-9.181126e-05,-7.879838e-05,-6.549166e-05,-5.246497e-05,-4.023934e-05,-2.891767e-05,-1.848391e-05,-8.845656e-06,7.156056e-08,8.387077e-06,1.631266e-05,2.399356e-05,3.152373e-05,3.905591e-05,-1.465290e-03,-1.415923e-03,-1.366541e-03,-1.317181e-03,-1.268258e-03,-1.219957e-03,-1.172680e-03,-1.126383e-03,-1.081038e-03,-1.036340e-03,-9.925204e-04,-9.497217e-04,-9.078089e-04,-8.664631e-04,-8.255075e-04,-7.849400e-04,-7.445935e-04,-7.042282e-04,9.318969e-05,8.405248e-05,7.491733e-05,6.573104e-05,5.634062e-05,4.687147e-05,3.774973e-05,2.949163e-05,2.261405e-05,1.734235e-05,1.367404e-05,1.136924e-05,1.003346e-05,9.461803e-06,9.623171e-06,1.029880e-05,1.110707e-05,1.189868e-05
-1.830822e-04,5.696573e-06,1.526463e-06,2.051496e-05,8.732036e-06,-3.186323e-06,-1.322486e-05,-2.332080e-05,-2.888009e-05,-2.756291e-05,-3.043467e-05,-4.259041e-05,-5.709158e-05,-6.797085e-05,-6.986670e-05,-6.196045e-05,-4.674408e-05,-2.641101e-05,-4.307620e-06,1.819953e-05,4.079634e-05,1.450813e-03,1.441189e-03,1.431564e-03,1.421941e-03,1.412315e-03,1.402268e-03,1.391003e-03,1.377318e-03,1.357649e-03,1.334632e-03,1.309016e-03,1.281913e-03,1.253873e-03,1.225176e-03,1.196091e-03,1.166926e-03,1.137788e-03,1.108643e-03,-1.171550e-04,-1.069201e-04,-9.668537e-05,-8.633092e-05,-7.551440e-05,-6.421560e-05,-5.268251e-05,-4.138100e-05,-3.073069e-05,-2.074765e-05,-1.134555e-05,-2.410923e-06,6.171211e-06,1.450351e-05,2.270096e-05,3.080787e-05,3.884585e-05,4.688209e-05,-1.477224e-03,-1.426146e-03,-1.375053e-03,-1.323974e-03,-1.273299e-03,-1.223195e-03,-1.174045e-03,-1.125813e-03,-1.078475e-03,-1.031740e-03,-9.858482e-04,-9.409599e-04,-8.969523e-04,-8.535091e-04,-8.104559e-04,-7.677988e-04,-7.253695e-04,-6.829206e-04,9.057612e-05,8.169090e-05,7.280781e-05,6.387568e-05,5.475573e-05,4.557601e-05,3.675102e-05,2.878321e-05,2.217737e-05,1.714718e-05,1.368177e-05,1.154276e-05,1.033659e-05,9.862673e-06,1.010303e-05,1.084889e-05,1.172080e-05,1.257648e-05
-1.826375e-04,5.574994e-06,2.033012e-06,9.045166e-06,-4.133316e-07,-9.956654e-06,-1.810727e-05,-2.638959e-05,-3.172818e-05,-3.295366e-05,-3.915627e-05,-5.414169e-05,-7.052387e-05,-8.116007e-05,-7.910688e-05,-6.244074e-05,-3.463824e-05,-2.377962e-07,3.538440e-05,7.050530e-05,1.057464e-04,1.308727e-03,1.316411e-03,1.324095e-03,1.331780e-03,1.339465e-03,1.346802e-03,1.353309e-03,1.357649e-03,1.358598e-03,1.352240e-03,1.341729e-03,1.328192e-03,1.312788e-03,1.296077e-03,1.278612e-03,1.260957e-03,1.243334e-03,1.225704e-03,-9.695021e-05,-8.812710e-05,-7.930393e-05,-7.038551e-05,-6.111641e-05,-5.148389e-05,-4.165660e-05,-3.198986e-05,-2.279928e-05,-1.401451e-05,-5.482476e-06,2.929266e-06,1.137392e-05,1.993482e-05,2.862715e-05,3.739044e-05,4.617020e-05,5.494430e-05,-1.488743e-03,-1.435984e-03,-1.383212e-03,-1.330445e-03,-1.278049e-03,-1.226171e-03,-1.175176e-03,-1.125030e-03,-1.075719e-03,-1.026958e-03,-9.790024e-04,-9.320277e-04,-8.859251e-04,-8.403818e-04,-7.952267e-04,-7.504749e-04,-7.059577e-04,-6.614202e-04,8.790921e-05,7.928804e-05,7.066907e-05,6.200288e-05,5.316362e-05,4.428157e-05,3.575951e-05,2.808582e-05,2.175292e-05,1.696296e-05,1.369721e-05,1.171902e-05,1.063613e-05,1.025245e-05,1.056339e-05,1.137047e-05,1.229667e-05,1.320713e-05
-1.821533e-04,5.425825e-06,2.529119e-06,-1.583082e-06,-8.962148e-06,-1.638028e-05,-2.284249e-05,-2.949926e-05,-3.474865e-05,-3.852562e-05,-4.791963e-05,-6.544753e-05,-8.338517e-05,-9.344689e-05,-8.714420e-05,-6.143891e-05,-2.078721e-05,2.791798e-05,7.724533e-05,1.251126e-04,1.731329e-04,1.179765e-03,1.202370e-03,1.224975e-03,1.247581e-03,1.270182e-03,1.292539e-03,1.314304e-03,1.334632e-03,1.352240e-03,1.365597e-03,1.371321e-03,1.372953e-03,1.371626e-03,1.368359e-03,1.363951e-03,1.359239e-03,1.354565e-03,1.349886e-03,-7.835963e-05,-7.098820e-05,-6.361661e-05,-5.617152e-05,-4.847507e-05,-4.051606e-05,-3.238069e-05,-2.431045e-05,-1.651375e-05,-8.833047e-06,-1.052680e-06,6.976922e-06,1.544528e-05,2.441400e-05,3.379508e-05,4.341832e-05,5.314831e-05,6.286847e-05,-1.499824e-03,-1.445418e-03,-1.390998e-03,-1.336578e-03,-1.282494e-03,-1.228874e-03,-1.176064e-03,-1.124031e-03,-1.072766e-03,-1.021995e-03,-9.719848e-04,-9.229281e-04,-8.747308e-04,-8.270848e-04,-7.798231e-04,-7.329711e-04,-6.863604e-04,-6.397285e-04,8.500120e-05,7.666172e-05,6.832451e-05,5.994172e-05,5.139930e-05,4.282938e-05,3.462286e-05,2.725376e-05,2.120179e-05,1.665760e-05,1.359515e-05,1.177972e-05,1.082033e-05,1.052551e-05,1.090422e-05,1.176881e-05,1.274511e-05,1.370619e-05
