1.999640e-05,-4.069115e-07,-1.244625e-07,8.396548e-07,1.048572e-06,1.256984e-06,1.425040e-06,1.570566e-06,1.697590e-06,1.833953e-06,1.855347e-06,1.763568e-06,1.710367e-06,1.748799e-06,1.826051e-06,2.041498e-06,2.451562e-06,2.880279e-06,3.328668e-06,3.801169e-06,4.257389e-06,-1.270438e-04,-1.268338e-04,-1.266238e-04,-1.264140e-04,-1.262031e-04,-1.259787e-04,-1.257340e-04,-1.254542e-04,-1.251493e-04,-1.248174e-04,-1.244711e-04,-1.241235e-04,-1.237711e-04,-1.234086e-04,-1.230377e-04,-1.226665e-04,-1.222999e-04,-1.219324e-04,3.377826e-06,3.412663e-06,3.447482e-06,3.478290e-06,3.497441e-06,3.505394e-06,3.494194e-06,3.464652e-06,3.413989e-06,3.337548e-06,3.243701e-06,3.138098e-06,3.033829e-06,2.934977e-06,2.833702e-06,2.728820e-06,2.626545e-06,2.524792e-06,1.662194e-04,1.606286e-04,1.550365e-04,1.494430e-04,1.438809e-04,1.383592e-04,1.329092e-04,1.275226e-04,1.221970e-04,1.169074e-04,1.116847e-04,1.065496e-04,1.014941e-04,9.648951e-05,9.152084e-05,8.659110e-05,8.168478e-05,7.677645e-05,-7.933477e-06,-7.039860e-06,-6.146430e-06,-5.249390e-06,-4.338543e-06,-3.428250e-06,-2.558432e-06,-1.777710e-06,-1.135095e-06,-6.537072e-07,-3.345808e-07,-1.536047e-07,-7.015561e-08,-6.370842e-08,-1.324741e-07,-2.543149e-07,-3.893873e-07,-5.227500e-07
-4.069115e-07,1.871385e-05,5.703533e-08,2.099679e-07,7.455165e-08,-2.765189e-08,-1.496018e-07,-2.760695e-07,-3.245443e-07,-3.116425e-07,-3.411780e-07,-3.989015e-07,-5.395666e-07,-6.270114e-07,-6.614291e-07,-5.174173e-07,-2.291740e-07,2.457754e-07,9.120517e-07,1.593082e-06,2.262040e-06,4.569745e-06,4.466990e-06,4.364321e-06,4.261367e-06,4.159437e-06,4.067995e-06,3.983504e-06,3.904292e-06,3.820966e-06,3.718738e-06,3.597746e-06,3.459189e-06,3.310565e-06,3.152238e-06,2.977904e-06,2.789746e-06,2.598328e-06,2.407524e-06,-1.182749e-04,-1.179841e-04,-1.176921e-04,-1.173903e-04,-1.170909e-04,-1.167897e-04,-1.164969e-04,-1.162170e-04,-1.159541e-04,-1.157094e-04,-1.154975e-04,-1.153093e-04,-1.151414e-04,-1.149957e-04,-1.148635e-04,-1.147342e-04,-1.146037e-04,-1.144724e-04,-7.790334e-06,-6.910969e-06,-6.031707e-06,-5.150078e-06,-4.258604e-06,-3.370045e-06,-2.521875e-06,-1.760366e-06,-1.130133e-06,-6.521743e-07,-3.261855e-07,-1.284244e-07,-1.913243e-08,2.244584e-08,-2.354483e-09,-7.468346e-08,-1.590591e-07,-2.418576e-07,1.387348e-04,1.363342e-04,1.339336e-04,1.314988e-04,1.289901e-04,1.263344e-04,1.234897e-04,1.204224e-04,1.171599e-04,1.137307e-04,1.102094e-04,1.066203e-04,1.029915e-04,9.935724e-05,9.572596e-05,9.208404e-05,8.842905e-05,8.477424e-05
-1.244625e-07,5.703533e-08,3.988770e-06,-3.355999e-05,-3.369960e-05,-3.382732e-05,-3.383533e-05,-3.383198e-05,-3.366211e-05,-3.339390e-05,-3.283801e-05,-3.208037e-05,-3.100424e-05,-2.996634e-05,-2.903843e-05,-2.821255e-05,-2.749627e-05,-2.686954e-05,-2.632492e-05,-2.582468e-05,-2.531559e-05,-1.571939e-06,-1.183619e-06,-7.952608e-07,-4.069634e-07,-1.818473e-08,3.545362e-07,7.018477e-07,1.044136e-06,1.391221e-06,1.731149e-06,2.055724e-06,2.361440e-06,2.653269e-06,2.936867e-06,3.215364e-06,3.494616e-06,3.776174e-06,4.057314e-06,-4.108159e-07,-4.978990e-07,-5.857563e-07,-6.547518e-07,-6.930164e-07,-7.169684e-07,-7.325689e-07,-7.374564e-07,-7.311387e-07,-6.997474e-07,-6.308077e-07,-5.307783e-07,-4.059702e-07,-2.651348e-07,-1.126794e-07,4.781300e-08,2.102401e-07,3.722465e-07,-3.864225e-06,-3.559482e-06,-3.254962e-06,-2.947887e-06,-2.634733e-06,-2.293741e-06,-1.907186e-06,-1.485795e-06,-1.025896e-06,-4.972180e-07,1.213632e-07,8.374229e-07,1.644678e-06,2.521901e-06,3.437442e-06,4.367028e-06,5.297793e-06,6.228135e-06,-1.098883e-07,4.664765e-09,1.208532e-07,2.186699e-07,2.874131e-07,3.443573e-07,3.964415e-07,4.443624e-07,4.918106e-07,5.260702e-07,5.420572e-07,5.573174e-07,5.969702e-07,6.772938e-07,8.011839e-07,9.566673e-07,1.122572e-06,1.287539e-06
8.396548e-07,2.099679e-07,-3.355999e-05,7.482093e-04,5.783387e-04,4.371693e-04,3.401836e-04,2.842256e-04,2.573911e-04,2.492486e-04,2.478065e-04,2.469228e-04,2.430193e-04,2.383810e-04,2.336502e-04,2.293518e-04,2.262863e-04,2.250517e-04,2.255921e-04,2.270753e-04,2.284504e-04,8.108897e-05,7.117516e-05,6.126092e-05,5.134376e-05,4.138985e-05,3.169920e-05,2.256448e-05,1.406325e-05,6.203091e-06,-1.080334e-06,-7.863671e-06,-1.423080e-05,-2.030548e-05,-2.619921e-05,-3.200290e-05,-3.781017e-05,-4.364508e-05,-4.947579e-05,-1.080608e-04,-9.228377e-05,-7.643266e-05,-6.156489e-05,-4.831153e-05,-3.646872e-05,-2.595231e-05,-1.670993e-05,-8.691541e-06,-1.799955e-06,4.073852e-06,9.125466e-06,1.353310e-05,1.750158e-05,2.119397e-05,2.471178e-05,2.816366e-05,3.162203e-05,2.727140e-05,2.531995e-05,2.337048e-05,2.138901e-05,1.934497e-05,1.703369e-05,1.427521e-05,1.112370e-05,7.534507e-06,3.276055e-06,-1.808060e-06,-7.763465e-06,-1.452276e-05,-2.189546e-05,-2.960406e-05,-3.743632e-05,-4.527949e-05,-5.311913e-05,7.705583e-06,5.911357e-06,4.093588e-06,2.531231e-06,1.377926e-06,4.738344e-07,-2.495402e-07,-8.118590e-07,-1.252539e-06,-1.492052e-06,-1.511877e-06,-1.474659e-06,-1.604212e-06,-2.049627e-06,-2.847061e-06,-3.902253e-06,-5.041260e-06,-6.172724e-06
1.048572e-06,7.455165e-08,-3.369960e-05,5.783387e-04,4.992367e-04,4.132507e-04,3.479806e-04,3.047678e-04,2.798031e-04,2.679380e-04,2.613613e-04,2.561314e-04,2.491624e-04,2.425555e-04,2.366676e-04,2.316282e-04,2.278543e-04,2.255966e-04,2.247503e-04,2.246537e-04,2.244595e-04,5.950089e-05,5.153267e-05,4.356376e-05,3.559383e-05,2.759035e-05,1.986699e-05,1.268466e-05,5.988180e-06,-2.790456e-07,-6.137421e-06,-1.162571e-05,-1.679606e-05,-2.174579e-05,-2.656168e-05,-3.130750e-05,-3.605860e-05,-4.083475e-05,-4.560689e-05,-6.690453e-05,-5.631073e-05,-4.565813e-05,-3.579706e-05,-2.722690e-05,-1.968213e-05,-1.305066e-05,-7.292253e-06,-2.356519e-06,1.786952e-06,5.178114e-06,7.958644e-06,1.025486e-05,1.222029e-05,1.397126e-05,1.558390e-05,1.714776e-05,1.871711e-05,2.991525e-05,2.776714e-05,2.562103e-05,2.344525e-05,2.121065e-05,1.870964e-05,1.576679e-05,1.245517e-05,8.739008e-06,4.379300e-06,-7.865056e-07,-6.809096e-06,-1.362532e-05,-2.104826e-05,-2.880375e-05,-3.668157e-05,-4.456996e-05,-5.245478e-05,5.945337e-06,4.417515e-06,2.868295e-06,1.551942e-06,6.072738e-07,-1.333603e-07,-7.409504e-07,-1.232734e-06,-1.648091e-06,-1.898521e-06,-1.957148e-06,-1.980867e-06,-2.188308e-06,-2.723596e-06,-3.618259e-06,-4.775044e-06,-6.017548e-06,-7.252338e-06
1.256984e-06,-2.765189e-08,-3.382732e-05,4.371693e-04,4.132507e-04,3.917293e-04,3.554444e-04,3.255022e-04,3.021196e-04,2.865221e-04,2.747782e-04,2.652185e-04,2.552076e-04,2.466537e-04,2.396245e-04,2.338539e-04,2.293719e-04,2.260776e-04,2.238184e-04,2.221094e-04,2.203139e-04,3.753414e-05,3.155308e-05,2.557109e-05,1.958998e-05,1.357852e-05,7.863920e-06,2.674199e-06,-2.179709e-06,-6.819316e-06,-1.122129e-05,-1.538618e-05,-1.933375e-05,-2.313406e-05,-2.684857e-05,-3.051336e-05,-3.418512e-05,-3.787923e-05,-4.156952e-05,-2.487474e-05,-1.957481e-05,-1.423147e-05,-9.488292e-06,-5.710984e-06,-2.570194e-06,7.522202e-08,2.254020e-06,4.017790e-06,5.330393e-06,6.162492e-06,6.600855e-06,6.718821e-06,6.617488e-06,6.365291e-06,6.012222e-06,5.628052e-06,5.248347e-06,3.252140e-05,3.018068e-05,2.784199e-05,2.547588e-05,2.305459e-05,2.036765e-05,1.724425e-05,1.377644e-05,9.937386e-06,5.480751e-06,2.378717e-07,-5.847003e-06,-1.271499e-05,-2.018283e-05,-2.797984e-05,-3.589792e-05,-4.382623e-05,-5.175094e-05,4.364127e-06,3.108328e-06,1.833297e-06,7.684367e-07,3.728178e-08,-5.360585e-07,-1.025283e-06,-1.445325e-06,-1.835528e-06,-2.098401e-06,-2.198517e-06,-2.286762e-06,-2.576278e-06,-3.205945e-06,-4.202468e-06,-5.465548e-06,-6.816303e-06,-8.159172e-06
1.425040e-06,-1.496018e-07,-3.383533e-05,3.401836e-04,3.479806e-04,3.554444e-04,3.605365e-04,3.429848e-04,3.231471e-04,3.043050e-04,2.876844e-04,2.736569e-04,2.603721e-04,2.496679e-04,2.413620e-04,2.348102e-04,2.296996e-04,2.256306e-04,2.223801e-04,2.195558e-04,2.166515e-04,1.962480e-05,1.522885e-05,1.083175e-05,6.437221e-06,2.015593e-06,-2.092433e-06,-5.680915e-06,-9.059355e-06,-1.240513e-05,-1.564999e-05,-1.876016e-05,-2.173048e-05,-2.461194e-05,-2.744674e-05,-3.024940e-05,-3.306188e-05,-3.589514e-05,-3.872468e-05,3.654675e-06,5.138374e-06,6.651044e-06,7.735970e-06,8.137236e-06,8.226950e-06,8.164161e-06,7.961213e-06,7.664360e-06,7.171463e-06,6.389539e-06,5.363855e-06,4.128905e-06,2.747723e-06,1.255594e-06,-3.142902e-07,-1.904097e-06,-3.490078e-06,3.455358e-05,3.206113e-05,2.957072e-05,2.705488e-05,2.448717e-05,2.165489e-05,1.839090e-05,1.480400e-05,1.087520e-05,6.351538e-06,1.059421e-06,-5.060753e-06,-1.195343e-05,-1.943869e-05,-2.724929e-05,-3.517938e-05,-4.311935e-05,-5.105574e-05,2.793416e-06,1.764416e-06,7.182708e-07,-1.388218e-07,-6.959766e-07,-1.134089e-06,-1.528110e-06,-1.890285e-06,-2.259199e-06,-2.528825e-06,-2.656061e-06,-2.786952e-06,-3.130186e-06,-3.820614e-06,-4.881666e-06,-6.211334e-06,-7.629666e-06,-9.040022e-06
1.570566e-06,-2.760695e-07,-3.383198e-05,2.842256e-04,3.047678e-04,3.255022e-04,3.429848e-04,3.554601e-04,3.413455e-04,3.226941e-04,3.020927e-04,2.836911e-04,2.667054e-04,2.533680e-04,2.433667e-04,2.357672e-04,2.299889e-04,2.253861e-04,2.216123e-04,2.182358e-04,2.147791e-04,1.548256e-06,-1.219132e-06,-3.987723e-06,-6.752872e-06,-9.540429e-06,-1.202446e-05,-1.403188e-05,-1.597821e-05,-1.808108e-05,-2.021192e-05,-2.229566e-05,-2.430310e-05,-2.627071e-05,-2.822600e-05,-3.016782e-05,-3.212604e-05,-3.410516e-05,-3.608046e-05,1.395872e-05,1.358898e-05,1.323643e-05,1.259887e-05,1.151276e-05,1.035726e-05,9.288604e-06,8.298500e-06,7.420019e-06,6.480872e-06,5.327868e-06,3.985387e-06,2.472233e-06,8.353783e-07,-9.029676e-07,-2.714219e-06,-4.542218e-06,-6.366506e-06,3.638778e-05,3.374554e-05,3.110531e-05,2.844139e-05,2.572789e-05,2.275408e-05,1.935787e-05,1.566270e-05,1.165517e-05,7.073737e-06,1.739107e-06,-4.411999e-06,-1.132668e-05,-1.882767e-05,-2.665031e-05,-3.459064e-05,-4.254046e-05,-5.048674e-05,1.543106e-06,6.621236e-07,-2.342943e-07,-9.591575e-07,-1.412558e-06,-1.775594e-06,-2.122022e-06,-2.461283e-06,-2.830424e-06,-3.114407e-06,-3.262863e-06,-3.419538e-06,-3.791477e-06,-4.512088e-06,-5.603801e-06,-6.964270e-06,-8.413570e-06,-9.854879e-06
1.697590e-06,-3.245443e-07,-3.366211e-05,2.573911e-04,2.798031e-04,3.021196e-04,3.231471e-04,3.413455e-04,3.530693e-04,3.381186e-04,3.175148e-04,2.956818e-04,2.749997e-04,2.583310e-04,2.456527e-04,2.359270e-04,2.284873e-04,2.225475e-04,2.176597e-04,2.132519e-04,2.087571e-04,-5.858455e-06,-8.057330e-06,-1.025724e-05,-1.245393e-05,-1.466692e-05,-1.661516e-05,-1.815962e-05,-1.978820e-05,-2.173970e-05,-2.380927e-05,-2.587180e-05,-2.787529e-05,-2.985127e-05,-3.182399e-05,-3.379089e-05,-3.578020e-05,-3.779208e-05,-3.979993e-05,1.505193e-05,1.417662e-05,1.331080e-05,1.225450e-05,1.090585e-05,9.607552e-06,8.494834e-06,7.542859e-06,6.771128e-06,5.936389e-06,4.832642e-06,3.486734e-06,1.929152e-06,2.155275e-07,-1.625126e-06,-3.554855e-06,-5.507921e-06,-7.456817e-06,3.777899e-05,3.502486e-05,3.227270e-05,2.949820e-05,2.667539e-05,2.360084e-05,2.011827e-05,1.636047e-05,1.231713e-05,7.716965e-06,2.374658e-06,-3.776144e-06,-1.068389e-05,-1.817315e-05,-2.598108e-05,-3.390507e-05,-4.183818e-05,-4.976782e-05,1.193799e-06,3.614920e-07,-4.850597e-07,-1.172476e-06,-1.609035e-06,-1.969780e-06,-2.325208e-06,-2.683112e-06,-3.079052e-06,-3.389459e-06,-3.557565e-06,-3.726973e-06,-4.105294e-06,-4.826618e-06,-5.914383e-06,-7.267892e-06,-8.709099e-06,-1.014241e-05
1.833953e-06,-3.116425e-07,-3.339390e-05,2.492486e-04,2.679380e-04,2.865221e-04,3.043050e-04,3.226941e-04,3.381186e-04,3.484987e-04,3.320028e-04,3.108041e-04,2.872678e-04,2.669398e-04,2.503390e-04,2.367807e-04,2.258028e-04,2.167006e-04,2.090508e-04,2.020847e-04,1.950191e-04,5.157341e-06,1.579743e-06,-1.998622e-06,-5.574596e-06,-9.160859e-06,-1.253898e-05,-1.561341e-05,-1.888589e-05,-2.257954e-05,-2.639733e-05,-3.015439e-05,-3.377995e-05,-3.731810e-05,-4.081099e-05,-4.427986e-05,-4.777147e-05,-5.128874e-05,-5.480170e-05,1.150391e-05,1.104243e-05,1.058624e-05,9.991539e-06,9.189225e-06,8.454646e-06,7.881167e-06,7.419351e-06,7.064848e-06,6.497620e-06,5.463310e-06,4.016402e-06,2.230728e-06,1.981737e-07,-2.024715e-06,-4.375212e-06,-6.766586e-06,-9.152736e-06,3.901342e-05,3.618509e-05,3.335867e-05,3.051083e-05,2.761524e-05,2.447878e-05,2.095260e-05,1.717080e-05,1.312132e-05,8.521521e-06,3.179427e-06,-2.973613e-06,-9.885025e-06,-1.737892e-05,-2.519168e-05,-3.311987e-05,-4.105687e-05,-4.899050e-05,1.699122e-06,8.160072e-07,-8.062368e-08,-8.259134e-07,-1.333619e-06,-1.768791e-06,-2.196567e-06,-2.622358e-06,-3.079001e-06,-3.434067e-06,-3.624869e-06,-3.797565e-06,-4.163481e-06,-4.860163e-06,-5.914230e-06,-7.228512e-06,-8.628145e-06,-1.002008e-05
1.855347e-06,-3.411780e-07,-3.283801e-05,2.478065e-04,2.613613e-04,2.747782e-04,2.876844e-04,3.020927e-04,3.175148e-04,3.320028e-04,3.414162e-04,3.251975e-04,3.031804e-04,2.801840e-04,2.591890e-04,2.401281e-04,2.233199e-04,2.084754e-04,1.954569e-04,1.833448e-04,1.711222e-04,1.839744e-05,1.269567e-05,6.993382e-06,1.292611e-06,-4.414091e-06,-9.961952e-06,-1.529131e-05,-2.085360e-05,-2.682954e-05,-3.283405e-05,-3.862077e-05,-4.410734e-05,-4.936745e-05,-5.448345e-05,-5.952836e-05,-6.458918e-05,-6.967827e-05,-7.476295e-05,9.586117e-06,9.624629e-06,9.666737e-06,9.589720e-06,9.327592e-06,9.077986e-06,8.884730e-06,8.669094e-06,8.397931e-06,7.675755e-06,6.200800e-06,4.074434e-06,1.440591e-06,-1.551651e-06,-4.806637e-06,-8.230885e-06,-1.171627e-05,-1.519528e-05,3.881724e-05,3.601926e-05,3.322311e-05,3.040625e-05,2.754214e-05,2.444816e-05,2.098302e-05,1.727326e-05,1.330248e-05,8.779872e-06,3.508072e-06,-2.582653e-06,-9.437015e-06,-1.687733e-05,-2.463775e-05,-3.251310e-05,-4.039707e-05,-4.827776e-05,2.014805e-06,1.040364e-06,5.288307e-08,-7.881680e-07,-1.399028e-06,-1.932478e-06,-2.447005e-06,-2.944513e-06,-3.453987e-06,-3.835055e-06,-4.019516e-06,-4.157597e-06,-4.466279e-06,-5.088296e-06,-6.054609e-06,-7.273153e-06,-8.573655e-06,-9.866751e-06
1.763568e-06,-3.989015e-07,-3.208037e-05,2.469228e-04,2.561314e-04,2.652185e-04,2.736569e-04,2.836911e-04,2.956818e-04,3.108041e-04,3.251975e-04,3.362773e-04,3.203554e-04,2.990265e-04,2.743087e-04,2.488366e-04,2.241034e-04,2.008238e-04,1.794945e-04,1.592121e-04,1.388168e-04,2.441793e-05,1.668711e-05,8.955937e-06,1.225543e-06,-6.508241e-06,-1.411628e-05,-2.155636e-05,-2.918258e-05,-3.709741e-05,-4.484403e-05,-5.212066e-05,-5.883641e-05,-6.510410e-05,-7.106758e-05,-7.688146e-05,-8.269488e-05,-8.853703e-05,-9.437498e-05,1.307537e-05,1.323332e-05,1.339480e-05,1.343147e-05,1.324785e-05,1.295295e-05,1.253245e-05,1.187018e-05,1.089302e-05,9.157681e-06,6.334518e-06,2.592010e-06,-1.828742e-06,-6.703004e-06,-1.189204e-05,-1.727553e-05,-2.273470e-05,-2.818680e-05,3.721073e-05,3.455151e-05,3.189404e-05,2.921639e-05,2.649208e-05,2.354733e-05,2.024652e-05,1.670238e-05,1.288990e-05,8.514540e-06,3.375711e-06,-2.596797e-06,-9.344035e-06,-1.668488e-05,-2.434896e-05,-3.212793e-05,-3.991552e-05,-4.769991e-05,2.129666e-06,1.040094e-06,-6.220553e-08,-1.020710e-06,-1.750380e-06,-2.389876e-06,-2.989777e-06,-3.546956e-06,-4.084561e-06,-4.458087e-06,-4.596369e-06,-4.655577e-06,-4.860790e-06,-5.361707e-06,-6.193929e-06,-7.270716e-06,-8.426124e-06,-9.574407e-06
1.710367e-06,-5.395666e-07,-3.100424e-05,2.430193e-04,2.491624e-04,2.552076e-04,2.603721e-04,2.667054e-04,2.749997e-04,2.872678e-04,3.031804e-04,3.203554e-04,3.322605e-04,3.169319e-04,2.929732e-04,2.623434e-04,2.295926e-04,1.966431e-04,1.651623e-04,1.346191e-04,1.039827e-04,2.506696e-05,1.582545e-05,6.583693e-06,-2.657799e-06,-1.190145e-05,-2.103827e-05,-3.002793e-05,-3.911873e-05,-4.832243e-05,-5.713482e-05,-6.519295e-05,-7.237688e-05,-7.882772e-05,-8.476269e-05,-9.043854e-05,-9.608186e-05,-1.017491e-04,-1.074132e-04,1.936318e-05,1.886970e-05,1.838030e-05,1.775277e-05,1.685713e-05,1.573077e-05,1.431627e-05,1.247386e-05,1.010069e-05,6.751291e-06,2.082377e-06,-3.676602e-06,-1.018529e-05,-1.715201e-05,-2.441451e-05,-3.184919e-05,-3.935510e-05,-4.685455e-05,3.553475e-05,3.305065e-05,3.056819e-05,2.806619e-05,2.551896e-05,2.276121e-05,1.966264e-05,1.632088e-05,1.270134e-05,8.512276e-06,3.551083e-06,-2.255155e-06,-8.845800e-06,-1.603698e-05,-2.355395e-05,-3.118561e-05,-3.882592e-05,-4.646307e-05,1.310986e-06,1.729055e-07,-9.775733e-07,-1.986952e-06,-2.768417e-06,-3.447106e-06,-4.066813e-06,-4.620793e-06,-5.127313e-06,-5.444475e-06,-5.500238e-06,-5.454591e-06,-5.538988e-06,-5.908199e-06,-6.600112e-06,-7.531620e-06,-8.539491e-06,-9.540414e-06
1.748799e-06,-6.270114e-07,-2.996634e-05,2.383810e-04,2.425555e-04,2.466537e-04,2.496679e-04,2.533680e-04,2.583310e-04,2.669398e-04,2.801840e-04,2.990265e-04,3.169319e-04,3.295869e-04,3.116123e-04,2.817842e-04,2.439627e-04,2.030078e-04,1.619400e-04,1.212865e-04,8.058821e-05,1.866323e-05,9.252371e-06,-1.586849e-07,-9.569731e-06,-1.898268e-05,-2.829227e-05,-3.744126e-05,-4.657282e-05,-5.560991e-05,-6.402862e-05,-7.142041e-05,-7.762438e-05,-8.278028e-05,-8.717884e-05,-9.118486e-05,-9.510616e-05,-9.903840e-05,-1.029693e-04,2.523967e-05,2.315118e-05,2.106745e-05,1.883371e-05,1.629654e-05,1.345826e-05,1.025392e-05,6.554790e-06,2.260994e-06,-3.018240e-06,-9.594092e-06,-1.719427e-05,-2.540884e-05,-3.391470e-05,-4.256823e-05,-5.128842e-05,-6.004063e-05,-6.878929e-05,3.453409e-05,3.221683e-05,2.990112e-05,2.756653e-05,2.518877e-05,2.260893e-05,1.969952e-05,1.654314e-05,1.309568e-05,9.071802e-06,4.269053e-06,-1.389137e-06,-7.843765e-06,-1.490830e-05,-2.230285e-05,-2.981328e-05,-3.733270e-05,-4.484883e-05,3.331730e-07,-7.483208e-07,-1.841931e-06,-2.796965e-06,-3.525529e-06,-4.143730e-06,-4.692831e-06,-5.166728e-06,-5.582808e-06,-5.808640e-06,-5.776913e-06,-5.648831e-06,-5.658212e-06,-5.960775e-06,-6.591872e-06,-7.466819e-06,-8.419560e-06,-9.365202e-06
1.826051e-06,-6.614291e-07,-2.903843e-05,2.336502e-04,2.366676e-04,2.396245e-04,2.413620e-04,2.433667e-04,2.456527e-04,2.503390e-04,2.591890e-04,2.743087e-04,2.929732e-04,3.116123e-04,3.223616e-04,3.005058e-04,2.662883e-04,2.236574e-04,1.785056e-04,1.326905e-04,8.693119e-05,1.033706e-06,-6.080385e-06,-1.319468e-05,-2.030897e-05,-2.742567e-05,-3.442873e-05,-4.122891e-05,-4.787090e-05,-5.420200e-05,-5.970884e-05,-6.397371e-05,-6.680799e-05,-6.831067e-05,-6.882911e-05,-6.882298e-05,-6.866584e-05,-6.849794e-05,-6.833157e-05,2.931016e-05,2.544570e-05,2.158657e-05,1.756970e-05,1.323012e-05,8.568051e-06,3.542066e-06,-1.937068e-06,-7.937846e-06,-1.475426e-05,-2.261601e-05,-3.120860e-05,-4.007561e-05,-4.888786e-05,-5.755421e-05,-6.608826e-05,-7.457516e-05,-8.306399e-05,3.392047e-05,3.175227e-05,2.958552e-05,2.740056e-05,2.517481e-05,2.275330e-05,2.000885e-05,1.700989e-05,1.370415e-05,9.815894e-06,5.147455e-06,-3.788850e-07,-6.710313e-06,-1.365917e-05,-2.094121e-05,-2.834090e-05,-3.575020e-05,-4.315592e-05,-7.532967e-07,-1.686667e-06,-2.631911e-06,-3.440986e-06,-4.025578e-06,-4.497045e-06,-4.897721e-06,-5.225442e-06,-5.500031e-06,-5.603274e-06,-5.478543e-06,-5.287922e-06,-5.265081e-06,-5.564053e-06,-6.213785e-06,-7.121987e-06,-8.113717e-06,-9.097823e-06
2.041498e-06,-5.174173e-07,-2.821255e-05,2.293518e-04,2.316282e-04,2.338539e-04,2.348102e-04,2.357672e-04,2.359270e-04,2.367807e-04,2.401281e-04,2.488366e-04,2.623434e-04,2.817842e-04,3.005058e-04,3.118730e-04,2.917620e-04,2.602894e-04,2.220043e-04,1.817741e-04,1.416701e-04,-3.258509e-05,-3.417442e-05,-3.576402e-05,-3.735337e-05,-3.894628e-05,-4.040241e-05,-4.158779e-05,-4.245238e-05,-4.278102e-05,-4.209404e-05,-3.998929e-05,-3.626221e-05,-3.097611e-05,-2.451838e-05,-1.742079e-05,-1.009677e-05,-2.732536e-06,4.626438e-06,2.882285e-05,2.409170e-05,1.936617e-05,1.448143e-05,9.272648e-06,3.767494e-06,-2.024831e-06,-8.129709e-06,-1.455957e-05,-2.148203e-05,-2.901237e-05,-3.680429e-05,-4.437637e-05,-5.140518e-05,-5.786040e-05,-6.389798e-05,-6.977198e-05,-7.565569e-05,3.451627e-05,3.246028e-05,3.040567e-05,2.833354e-05,2.622349e-05,2.392207e-05,2.130003e-05,1.841165e-05,1.519740e-05,1.139270e-05,6.807383e-06,1.364737e-06,-4.887013e-06,-1.175984e-05,-1.896659e-05,-2.629291e-05,-3.362968e-05,-4.096243e-05,-9.605275e-07,-1.677344e-06,-2.405808e-06,-3.000906e-06,-3.374926e-06,-3.639021e-06,-3.840399e-06,-3.984208e-06,-4.095824e-06,-4.074709e-06,-3.878567e-06,-3.668757e-06,-3.675813e-06,-4.050107e-06,-4.812952e-06,-5.858738e-06,-6.997930e-06,-8.128622e-06
2.451562e-06,-2.291740e-07,-2.749627e-05,2.262863e-04,2.278543e-04,2.293719e-04,2.296996e-04,2.299889e-04,2.284873e-04,2.258028e-04,2.233199e-04,2.241034e-04,2.295926e-04,2.439627e-04,2.662883e-04,2.917620e-04,3.134388e-04,3.068902e-04,2.919084e-04,2.724525e-04,2.534490e-04,-7.932434e-05,-7.281037e-05,-6.629677e-05,-5.978246e-05,-5.327327e-05,-4.659426e-05,-3.955811e-05,-3.202474e-05,-2.372912e-05,-1.423762e-05,-3.173986e-06,9.685095e-06,2.431381e-05,4.028971e-05,5.702219e-05,7.407359e-05,9.120077e-05,1.083182e-04,2.162393e-05,1.769700e-05,1.377557e-05,9.702797e-06,5.330950e-06,7.466242e-07,-3.961935e-06,-8.730790e-06,-1.348992e-05,-1.825832e-05,-2.301473e-05,-2.740483e-05,-3.095577e-05,-3.337461e-05,-3.469316e-05,-3.524605e-05,-3.549289e-05,-3.575898e-05,3.689427e-05,3.487439e-05,3.285582e-05,3.082049e-05,2.875060e-05,2.649228e-05,2.391247e-05,2.105163e-05,1.784389e-05,1.403600e-05,9.446087e-06,3.998808e-06,-2.261314e-06,-9.145370e-06,-1.636391e-05,-2.370518e-05,-3.105778e-05,-3.840582e-05,-4.344722e-07,-8.794174e-07,-1.335776e-06,-1.662288e-06,-1.773567e-06,-1.785415e-06,-1.754082e-06,-1.695745e-06,-1.644970e-06,-1.521645e-06,-1.300253e-06,-1.138134e-06,-1.257890e-06,-1.802680e-06,-2.785976e-06,-4.084276e-06,-5.488862e-06,-6.883807e-06
2.880279e-06,2.457754e-07,-2.686954e-05,2.250517e-04,2.255966e-04,2.260776e-04,2.256306e-04,2.253861e-04,2.225475e-04,2.167006e-04,2.084754e-04,2.008238e-04,1.966431e-04,2.030078e-04,2.236574e-04,2.602894e-04,3.068902e-04,3.556959e-04,3.806267e-04,4.017885e-04,4.228877e-04,-1.296572e-04,-1.140311e-04,-9.840544e-05,-8.277846e-05,-6.715829e-05,-5.132968e-05,-3.504805e-05,-1.809097e-05,-1.560794e-07,1.913732e-05,4.013811e-05,6.310074e-05,8.805659e-05,1.145623e-04,1.419800e-04,1.698489e-04,1.978347e-04,2.258056e-04,5.483496e-06,4.211050e-06,2.943500e-06,1.545181e-06,-8.931419e-08,-1.777306e-06,-3.317925e-06,-4.526506e-06,-5.218251e-06,-5.239012e-06,-4.410315e-06,-2.391897e-06,1.250804e-06,6.748405e-06,1.395509e-05,2.232049e-05,3.115128e-05,3.995178e-05,3.955862e-05,3.756038e-05,3.556340e-05,3.355056e-05,3.150693e-05,2.927703e-05,2.672280e-05,2.387153e-05,2.065205e-05,1.682201e-05,1.220713e-05,6.731841e-06,4.349340e-07,-6.494914e-06,-1.376645e-05,-2.116953e-05,-2.858543e-05,-3.599611e-05,1.201118e-06,1.078798e-06,9.453308e-07,9.369083e-07,1.133532e-06,1.409305e-06,1.694432e-06,1.957530e-06,2.150849e-06,2.331156e-06,2.504836e-06,2.521152e-06,2.168969e-06,1.316436e-06,-3.525540e-08,-1.739703e-06,-3.565339e-06,-5.379988e-06
3.328668e-06,9.120517e-07,-2.632492e-05,2.255921e-04,2.247503e-04,2.238184e-04,2.223801e-04,2.216123e-04,2.176597e-04,2.090508e-04,1.954569e-04,1.794945e-04,1.651623e-04,1.619400e-04,1.785056e-04,2.220043e-04,2.919084e-04,3.806267e-04,4.775143e-04,5.582591e-04,6.416682e-04,-1.764241e-04,-1.520202e-04,-1.276169e-04,-1.032115e-04,-7.881450e-05,-5.416975e-05,-2.897710e-05,-2.944151e-06,2.425412e-05,5.293859e-05,8.342786e-05,1.160147e-04,1.508048e-04,1.873555e-04,2.250036e-04,2.632758e-04,3.017112e-04,3.401257e-04,-1.834700e-05,-1.562548e-05,-1.290007e-05,-1.027409e-05,-7.787867e-06,-5.133592e-06,-1.972771e-06,2.023339e-06,7.178493e-06,1.383627e-05,2.234519e-05,3.301876e-05,4.623431e-05,6.214159e-05,8.044334e-05,1.003373e-04,1.208706e-04,1.413612e-04,4.258679e-05,4.057824e-05,3.857090e-05,3.654871e-05,3.449966e-05,3.226611e-05,2.970451e-05,2.683018e-05,2.356785e-05,1.968581e-05,1.501698e-05,9.484657e-06,3.120040e-06,-3.890403e-06,-1.125523e-05,-1.876614e-05,-2.629200e-05,-3.381182e-05,4.124600e-06,4.343484e-06,4.551516e-06,4.878616e-06,5.396437e-06,5.964498e-06,6.495933e-06,6.940875e-06,7.235424e-06,7.411214e-06,7.454355e-06,7.222147e-06,6.517060e-06,5.221124e-06,3.355373e-06,1.094044e-06,-1.305148e-06,-3.691817e-06
3.801169e-06,1.593082e-06,-2.582468e-05,2.270753e-04,2.246537e-04,2.221094e-04,2.195558e-04,2.182358e-04,2.132519e-04,2.020847e-04,1.833448e-04,1.592121e-04,1.346191e-04,1.212865e-04,1.326905e-04,1.817741e-04,2.724525e-04,4.017885e-04,5.582591e-04,7.341407e-04,9.033972e-04,-2.188912e-04,-1.862799e-04,-1.536694e-04,-1.210561e-04,-8.845273e-05,-5.556378e-05,-2.203708e-05,1.247920e-05,4.832069e-05,8.573922e-05,1.250152e-04,1.664757e-04,2.103035e-04,2.560676e-04,3.030908e-04,3.509005e-04,3.989214e-04,4.469153e-04,-4.523629e-05,-3.800726e-05,-3.077552e-05,-2.360700e-05,-1.646578e-05,-8.906462e-06,-4.432893e-07,9.405217e-06,2.111082e-05,3.521261e-05,5.223410e-05,7.245868e-05,9.619990e-05,1.235222e-04,1.539686e-04,1.864709e-04,2.198013e-04,2.530758e-04,4.588743e-05,4.385346e-05,4.182067e-05,3.977407e-05,3.770468e-05,3.545285e-05,3.286998e-05,2.996090e-05,2.664779e-05,2.271047e-05,1.798980e-05,1.240840e-05,5.989490e-06,-1.083817e-06,-8.520922e-06,-1.611687e-05,-2.372973e-05,-3.133574e-05,6.965030e-06,7.568102e-06,8.160617e-06,8.865917e-06,9.746206e-06,1.064501e-05,1.145750e-05,1.211450e-05,1.253502e-05,1.272507e-05,1.264997e-05,1.217526e-05,1.111748e-05,9.372829e-06,6.982979e-06,4.151521e-06,1.163978e-06,-1.809399e-06
4.257389e-06,2.262040e-06,-2.531559e-05,2.284504e-04,2.244595e-04,2.203139e-04,2.166515e-04,2.147791e-04,2.087571e-04,1.950191e-04,1.711222e-04,1.388168e-04,1.039827e-04,8.058821e-05,8.693119e-05,1.416701e-04,2.534490e-04,4.228877e-04,6.416682e-04,9.033972e-04,1.194080e-03,-2.614307e-04,-2.205931e-04,-1.797564e-04,-1.389162e-04,-9.808731e-05,-5.693515e-05,-1.505532e-05,2.796400e-05,7.246963e-05,1.186448e-04,1.667317e-04,2.170921e-04,2.699852e-04,3.249910e-04,3.814176e-04,4.387921e-04,4.964250e-04,5.540251e-04,-7.185496e-05,-6.015758e-05,-4.845865e-05,-3.678704e-05,-2.503123e-05,-1.260914e-05,1.111556e-06,1.676443e-05,3.496857e-05,5.645819e-05,8.193146e-05,1.116420e-04,1.458402e-04,1.845057e-04,2.270228e-04,2.720583e-04,3.181105e-04,3.640939e-04,4.902782e-05,4.697674e-05,4.492680e-05,4.286412e-05,4.078273e-05,3.852103e-05,3.592542e-05,3.299026e-05,2.963519e-05,2.565162e-05,2.088839e-05,1.526742e-05,8.804019e-06,1.677963e-06,-5.820990e-06,-1.349124e-05,-2.118022e-05,-2.886153e-05,9.710367e-06,1.069946e-05,1.167829e-05,1.276364e-05,1.400838e-05,1.524024e-05,1.633663e-05,1.720923e-05,1.776012e-05,1.796974e-05,1.778261e-05,1.707254e-05,1.567003e-05,1.348538e-05,1.058077e-05,7.188939e-06,3.622956e-06,7.276188e-08
-1.270438e-04,4.569745e-06,-1.571939e-06,8.108897e-05,5.950089e-05,3.753414e-05,1.962480e-05,1.548256e-06,-5.858455e-06,5.157341e-06,1.839744e-05,2.441793e-05,2.506696e-05,1.866323e-05,1.033706e-06,-3.258509e-05,-7.932434e-05,-1.296572e-04,-1.764241e-04,-2.188912e-04,-2.614307e-04,1.956619e-03,1.798590e-03,1.643353e-03,1.493693e-03,1.352434e-03,1.221450e-03,1.102084e-03,9.941388e-04,8.967781e-04,8.084108e-04,7.273824e-04,6.519261e-04,5.802348e-04,5.110356e-04,4.432522e-04,3.759163e-04,3.085724e-04,2.412209e-04,-1.994235e-04,-1.850593e-04,-1.706950e-04,-1.561121e-04,-1.405580e-04,-1.239407e-04,-1.068018e-04,-8.997809e-05,-7.424390e-05,-6.003248e-05,-4.763473e-05,-3.707826e-05,-2.848245e-05,-2.170309e-05,-1.620512e-05,-1.148630e-05,-7.195367e-06,-2.888070e-06,-9.510230e-04,-9.244724e-04,-8.979082e-04,-8.713917e-04,-8.453128e-04,-8.198660e-04,-7.953858e-04,-7.718177e-04,-7.491051e-04,-7.270045e-04,-7.056282e-04,-6.850119e-04,-6.650149e-04,-6.454104e-04,-6.260702e-04,-6.069608e-04,-5.879740e-04,-5.689777e-04,7.576056e-05,6.846163e-05,6.116368e-05,5.382178e-05,4.626550e-05,3.856740e-05,3.106728e-05,2.417510e-05,1.829458e-05,1.362995e-05,1.021664e-05,7.884251e-06,6.358184e-06,5.480482e-06,5.176144e-06,5.255994e-06,5.452022e-06,5.634909e-06
-1.268338e-04,4.466990e-06,-1.183619e-06,7.117516e-05,5.153267e-05,3.155308e-05,1.522885e-05,-1.219132e-06,-8.057330e-06,1.579743e-06,1.269567e-05,1.668711e-05,1.582545e-05,9.252371e-06,-6.080385e-06,-3.417442e-05,-7.281037e-05,-1.140311e-04,-1.520202e-04,-1.862799e-04,-2.205931e-04,1.798590e-03,1.670918e-03,1.542500e-03,1.417069e-03,1.297189e-03,1.184895e-03,1.081654e-03,9.875433e-04,9.020427e-04,8.238995e-04,7.518065e-04,6.843470e-04,6.200272e-04,5.577815e-04,4.967130e-04,4.360210e-04,3.753245e-04,3.146210e-04,-1.818468e-04,-1.685583e-04,-1.552698e-04,-1.417823e-04,-1.274195e-04,-1.121009e-04,-9.631478e-05,-8.082396e-05,-6.633330e-05,-5.321541e-05,-4.171066e-05,-3.183153e-05,-2.366904e-05,-1.708935e-05,-1.162237e-05,-6.832840e-06,-2.417227e-06,2.012256e-06,-9.599553e-04,-9.321864e-04,-9.044045e-04,-8.766648e-04,-8.493396e-04,-8.226125e-04,-7.968079e-04,-7.718760e-04,-7.477658e-04,-7.242398e-04,-7.014177e-04,-6.793457e-04,-6.578908e-04,-6.368279e-04,-6.160297e-04,-5.954682e-04,-5.750341e-04,-5.545899e-04,7.372905e-05,6.660431e-05,5.948063e-05,5.231444e-05,4.494640e-05,3.745130e-05,3.016099e-05,2.347607e-05,1.779202e-05,1.330470e-05,1.004331e-05,7.838465e-06,6.416332e-06,5.621909e-06,5.389147e-06,5.535379e-06,5.793618e-06,6.038999e-06
-1.266238e-04,4.364321e-06,-7.952608e-07,6.126092e-05,4.356376e-05,2.557109e-05,1.083175e-05,-3.987723e-06,-1.025724e-05,-1.998622e-06,6.993382e-06,8.955937e-06,6.583693e-06,-1.586849e-07,-1.319468e-05,-3.576402e-05,-6.629677e-05,-9.840544e-05,-1.276169e-04,-1.536694e-04,-1.797564e-04,1.643353e-03,1.542500e-03,1.441848e-03,1.340391e-03,1.241960e-03,1.148338e-03,1.061224e-03,9.809476e-04,9.073072e-04,8.393878e-04,7.762303e-04,7.167674e-04,6.598188e-04,6.045265e-04,5.501728e-04,4.961245e-04,4.420754e-04,3.880197e-04,-1.642695e-04,-1.520568e-04,-1.398442e-04,-1.274522e-04,-1.142808e-04,-1.002610e-04,-8.582773e-05,-7.166994e-05,-5.842291e-05,-4.639863e-05,-3.578697e-05,-2.658527e-05,-1.885618e-05,-1.247626e-05,-7.040342e-06,-2.180193e-06,2.360014e-06,6.911598e-06,-9.688871e-04,-9.398999e-04,-9.109002e-04,-8.819374e-04,-8.533660e-04,-8.253585e-04,-7.982296e-04,-7.719337e-04,-7.464261e-04,-7.214746e-04,-6.972068e-04,-6.736791e-04,-6.507664e-04,-6.282450e-04,-6.059888e-04,-5.839752e-04,-5.620939e-04,-5.402018e-04,7.169812e-05,6.474757e-05,5.779816e-05,5.080770e-05,4.362788e-05,3.633578e-05,2.925526e-05,2.277760e-05,1.729000e-05,1.297999e-05,9.870497e-06,7.793185e-06,6.474970e-06,5.763808e-06,5.602606e-06,5.815203e-06,6.135638e-06,6.443496e-06
-1.264140e-04,4.261367e-06,-4.069634e-07,5.134376e-05,3.559383e-05,1.958998e-05,6.437221e-06,-6.752872e-06,-1.245393e-05,-5.574596e-06,1.292611e-06,1.225543e-06,-2.657799e-06,-9.569731e-06,-2.030897e-05,-3.735337e-05,-5.978246e-05,-8.277846e-05,-1.032115e-04,-1.210561e-04,-1.389162e-04,1.493693e-03,1.417069e-03,1.340391e-03,1.263926e-03,1.186671e-03,1.111794e-03,1.040790e-03,9.743531e-04,9.125723e-04,8.548776e-04,8.006559e-04,7.491902e-04,6.996134e-04,6.512750e-04,6.036366e-04,5.562324e-04,5.088312e-04,4.614237e-04,-1.467003e-04,-1.355624e-04,-1.244246e-04,-1.131272e-04,-1.011462e-04,-8.842419e-05,-7.534291e-05,-6.251732e-05,-5.051312e-05,-3.958170e-05,-2.986243e-05,-2.133749e-05,-1.404114e-05,-7.860345e-06,-2.454875e-06,2.476521e-06,7.141941e-06,1.181625e-05,-9.778212e-04,-9.476157e-04,-9.173983e-04,-8.872122e-04,-8.573946e-04,-8.281067e-04,-7.996533e-04,-7.719935e-04,-7.450883e-04,-7.187114e-04,-6.929978e-04,-6.680142e-04,-6.436437e-04,-6.196637e-04,-5.959495e-04,-5.724837e-04,-5.491549e-04,-5.258149e-04,6.966522e-05,6.288885e-05,5.611371e-05,4.929896e-05,4.230738e-05,3.521828e-05,2.834759e-05,2.207722e-05,1.678612e-05,1.265346e-05,9.695929e-06,7.746216e-06,6.531992e-06,5.904166e-06,5.814600e-06,6.093640e-06,6.476347e-06,6.846761e-06
-1.262031e-04,4.159437e-06,-1.818473e-08,4.138985e-05,2.759035e-05,1.357852e-05,2.015593e-06,-9.540429e-06,-1.466692e-05,-9.160859e-06,-4.414091e-06,-6.508241e-06,-1.190145e-05,-1.898268e-05,-2.742567e-05,-3.894628e-05,-5.327327e-05,-6.715829e-05,-7.881450e-05,-8.845273e-05,-9.808731e-05,1.352434e-03,1.297189e-03,1.241960e-03,1.186671e-03,1.131611e-03,1.075201e-03,1.020377e-03,9.677566e-04,9.178374e-04,8.703632e-04,8.250752e-04,7.816039e-04,7.393966e-04,6.980097e-04,6.570844e-04,6.163221e-04,5.755665e-04,5.348051e-04,-1.291388e-04,-1.190754e-04,-1.090121e-04,-9.880892e-05,-8.801799e-05,-7.659359e-05,-6.486400e-05,-5.337039e-05,-4.260887e-05,-3.277025e-05,-2.394337e-05,-1.609526e-05,-9.231798e-06,-3.250322e-06,2.124479e-06,7.126875e-06,1.191725e-05,1.671402e-05,-9.867477e-04,-9.553240e-04,-9.238889e-04,-8.924797e-04,-8.614159e-04,-8.308477e-04,-8.010701e-04,-7.720464e-04,-7.437438e-04,-7.159417e-04,-6.887824e-04,-6.623432e-04,-6.365151e-04,-6.110767e-04,-5.859047e-04,-5.609870e-04,-5.362111e-04,-5.114235e-04,6.763995e-05,6.103765e-05,5.443663e-05,4.779748e-05,4.099398e-05,3.410775e-05,2.744672e-05,2.138346e-05,1.628868e-05,1.233318e-05,9.527418e-06,7.705103e-06,6.594670e-06,6.049986e-06,6.031866e-06,6.377161e-06,6.821954e-06,7.254737e-06
-1.259787e-04,4.067995e-06,3.545362e-07,3.169920e-05,1.986699e-05,7.863920e-06,-2.092433e-06,-1.202446e-05,-1.661516e-05,-1.253898e-05,-9.961952e-06,-1.411628e-05,-2.103827e-05,-2.829227e-05,-3.442873e-05,-4.040241e-05,-4.659426e-05,-5.132968e-05,-5.416975e-05,-5.556378e-05,-5.693515e-05,1.221450e-03,1.184895e-03,1.148338e-03,1.111794e-03,1.075201e-03,1.038365e-03,9.995271e-04,9.608712e-04,9.228641e-04,8.856816e-04,8.493879e-04,8.139709e-04,7.791902e-04,7.448107e-04,7.106532e-04,6.765874e-04,6.425319e-04,6.084711e-04,-1.119063e-04,-1.028989e-04,-9.389170e-05,-8.476440e-05,-7.514443e-05,-6.499806e-05,-5.460049e-05,-4.441877e-05,-3.487932e-05,-2.611243e-05,-1.815660e-05,-1.096362e-05,-4.510892e-06,1.293885e-06,6.661054e-06,1.175775e-05,1.669656e-05,2.163926e-05,-9.955322e-04,-9.628980e-04,-9.302530e-04,-8.976285e-04,-8.653263e-04,-8.334855e-04,-8.023908e-04,-7.720100e-04,-7.423161e-04,-7.130948e-04,-6.844958e-04,-6.566069e-04,-6.293272e-04,-6.024366e-04,-5.758129e-04,-5.494493e-04,-5.232324e-04,-4.970032e-04,6.570687e-05,5.927627e-05,5.284703e-05,4.638116e-05,3.976339e-05,3.307757e-05,2.662365e-05,2.076477e-05,1.586336e-05,1.208193e-05,9.424766e-06,7.726566e-06,6.716452e-06,6.251205e-06,6.300585e-06,6.708012e-06,7.210696e-06,7.701657e-06
-1.257340e-04,3.983504e-06,7.018477e-07,2.256448e-05,1.268466e-05,2.674199e-06,-5.680915e-06,-1.403188e-05,-1.815962e-05,-1.561341e-05,-1.529131e-05,-2.155636e-05,-3.002793e-05,-3.744126e-05,-4.122891e-05,-4.158779e-05,-3.955811e-05,-3.504805e-05,-2.897710e-05,-2.203708e-05,-1.505532e-05,1.102084e-03,1.081654e-03,1.061224e-03,1.040790e-03,1.020377e-03,9.995271e-04,9.779127e-04,9.531519e-04,9.273226e-04,9.005943e-04,8.734743e-04,8.462775e-04,8.190859e-04,7.918724e-04,7.646393e-04,7.374255e-04,7.102259e-04,6.830212e-04,-9.548595e-05,-8.749493e-05,-7.950405e-05,-7.141267e-05,-6.291991e-05,-5.400314e-05,-4.488496e-05,-3.595860e-05,-2.758107e-05,-1.982288e-05,-1.267306e-05,-6.068317e-06,4.238562e-08,5.740820e-06,1.117209e-05,1.643572e-05,2.159608e-05,2.675781e-05,-1.004074e-03,-9.702454e-04,-9.364061e-04,-9.025819e-04,-8.690571e-04,-8.359589e-04,-8.035615e-04,-7.718366e-04,-7.407632e-04,-7.101334e-04,-6.801049e-04,-6.507761e-04,-6.220543e-04,-5.937210e-04,-5.656550e-04,-5.378549e-04,-5.102062e-04,-4.825447e-04,6.385921e-05,5.759847e-05,5.133914e-05,4.504475e-05,3.861050e-05,3.212227e-05,2.587206e-05,2.021362e-05,1.550111e-05,1.188894e-05,9.375425e-06,7.796180e-06,6.880892e-06,6.489190e-06,6.599762e-06,7.062711e-06,7.616554e-06,8.158973e-06
-1.254542e-04,3.904292e-06,1.044136e-06,1.406325e-05,5.988180e-06,-2.179709e-06,-9.059355e-06,-1.597821e-05,-1.978820e-05,-1.888589e-05,-2.085360e-05,-2.918258e-05,-3.911873e-05,-4.657282e-05,-4.787090e-05,-4.245238e-05,-3.202474e-05,-1.809097e-05,-2.944151e-06,1.247920e-05,2.796400e-05,9.941388e-04,9.875433e-04,9.809476e-04,9.743531e-04,9.677566e-04,9.608712e-04,9.531519e-04,9.437740e-04,9.302951e-04,9.145229e-04,8.969692e-04,8.783966e-04,8.591817e-04,8.395164e-04,8.195852e-04,7.995998e-04,7.796323e-04,7.596603e-04,-8.028616e-05,-7.327300e-05,-6.625990e-05,-5.916477e-05,-5.175299e-05,-4.401069e-05,-3.610779e-05,-2.836351e-05,-2.106538e-05,-1.422441e-05,-7.781476e-06,-1.658840e-06,4.222284e-06,9.932245e-06,1.554983e-05,2.110540e-05,2.661375e-05,3.212090e-05,-1.012250e-03,-9.772487e-04,-9.422373e-04,-9.072356e-04,-8.725105e-04,-8.381766e-04,-8.044964e-04,-7.714447e-04,-7.390065e-04,-7.069804e-04,-6.755324e-04,-6.447718e-04,-6.146147e-04,-5.848442e-04,-5.553410e-04,-5.261091e-04,-4.970334e-04,-4.679442e-04,6.206806e-05,5.598000e-05,4.989340e-05,4.377319e-05,3.752427e-05,3.123438e-05,2.518753e-05,1.972802e-05,1.520172e-05,1.175506e-05,9.380588e-06,7.914953e-06,7.088501e-06,6.763785e-06,6.928498e-06,7.439589e-06,8.037047e-06,8.623392e-06
-1.251493e-04,3.820966e-06,1.391221e-06,6.203091e-06,-2.790456e-07,-6.819316e-06,-1.240513e-05,-1.808108e-05,-2.173970e-05,-2.257954e-05,-2.682954e-05,-3.709741e-05,-4.832243e-05,-5.560991e-05,-5.420200e-05,-4.278102e-05,-2.372912e-05,-1.560794e-07,2.425412e-05,4.832069e-05,7.246963e-05,8.967781e-04,9.020427e-04,9.073072e-04,9.125723e-04,9.178374e-04,9.228641e-04,9.273226e-04,9.302951e-04,9.309444e-04,9.265868e-04,9.193831e-04,9.101062e-04,8.995499e-04,8.880975e-04,8.761287e-04,8.640293e-04,8.519520e-04,8.398705e-04,-6.644167e-05,-6.039580e-05,-5.434991e-05,-4.823873e-05,-4.188723e-05,-3.528665e-05,-2.855255e-05,-2.192841e-05,-1.563047e-05,-9.610549e-06,-3.763774e-06,2.000595e-06,7.787535e-06,1.365416e-05,1.961087e-05,2.561623e-05,3.163289e-05,3.764566e-05,-1.020142e-03,-9.839890e-04,-9.478266e-04,-9.116686e-04,-8.757642e-04,-8.402150e-04,-8.052705e-04,-7.709077e-04,-7.371168e-04,-7.037032e-04,-6.708409e-04,-6.386508e-04,-6.070582e-04,-5.758488e-04,-5.449053e-04,-5.142382e-04,-4.837319e-04,-4.532116e-04,6.024039e-05,5.433328e-05,4.842767e-05,4.248970e-05,3.643313e-05,3.034722e-05,2.450796e-05,1.925000e-05,1.491074e-05,1.162871e-05,9.391056e-06,8.035642e-06,7.293676e-06,7.030811e-06,7.243898e-06,7.796957e-06,8.431633e-06,9.055524e-06
-1.248174e-04,3.718738e-06,1.731149e-06,-1.080334e-06,-6.137421e-06,-1.122129e-05,-1.564999e-05,-2.021192e-05,-2.380927e-05,-2.639733e-05,-3.283405e-05,-4.484403e-05,-5.713482e-05,-6.402862e-05,-5.970884e-05,-4.209404e-05,-1.423762e-05,1.913732e-05,5.293859e-05,8.573922e-05,1.186448e-04,8.084108e-04,8.238995e-04,8.393878e-04,8.548776e-04,8.703632e-04,8.856816e-04,9.005943e-04,9.145229e-04,9.265868e-04,9.357384e-04,9.396588e-04,9.407756e-04,9.398648e-04,9.376245e-04,9.346023e-04,9.313718e-04,9.281674e-04,9.249594e-04,-5.370323e-05,-4.865205e-05,-4.360076e-05,-3.849909e-05,-3.322516e-05,-2.777127e-05,-2.219646e-05,-1.666623e-05,-1.132338e-05,-6.059958e-06,-7.282135e-07,4.774327e-06,1.057753e-05,1.672362e-05,2.315230e-05,2.974694e-05,3.641474e-05,4.307580e-05,-1.027733e-03,-9.904515e-04,-9.531610e-04,-9.158695e-04,-8.788087e-04,-8.420662e-04,-8.058779e-04,-7.702219e-04,-7.350926e-04,-7.003018e-04,-6.660316e-04,-6.324150e-04,-5.993871e-04,-5.667369e-04,-5.343501e-04,-5.022440e-04,-4.703032e-04,-4.383479e-04,5.824754e-05,5.253346e-05,4.682093e-05,4.107716e-05,3.522401e-05,2.935199e-05,2.372896e-05,1.867972e-05,1.453298e-05,1.141936e-05,9.321039e-06,8.077164e-06,7.419840e-06,7.217875e-06,7.477424e-06,8.069897e-06,8.738916e-06,9.397501e-06
