3.986775e-05,-6.296262e-07,-1.657238e-07,1.033695e-06,1.589540e-06,2.119845e-06,2.218548e-06,2.184811e-06,2.394939e-06,3.766566e-06,3.923922e-06,2.415158e-06,1.433910e-06,1.210085e-06,5.087831e-07,1.254770e-06,4.600315e-06,7.566464e-06,1.017273e-05,1.285181e-05,1.523185e-05,-2.482720e-04,-2.488884e-04,-2.495033e-04,-2.501245e-04,-2.507231e-04,-2.510736e-04,-2.510763e-04,-2.504816e-04,-2.495169e-04,-2.481495e-04,-2.466341e-04,-2.452154e-04,-2.438008e-04,-2.422614e-04,-2.405970e-04,-2.389287e-04,-2.373456e-04,-2.357431e-04,1.858535e-06,2.853653e-06,3.847901e-06,4.792608e-06,5.589212e-06,6.286952e-06,6.755512e-06,7.039641e-06,7.112610e-06,6.897615e-06,6.571607e-06,6.211282e-06,6.031153e-06,6.076420e-06,6.192342e-06,6.313765e-06,6.521211e-06,6.737269e-06,3.422862e-04,3.282993e-04,3.142907e-04,3.002076e-04,2.865752e-04,2.734337e-04,2.612605e-04,2.497594e-04,2.388045e-04,2.278585e-04,2.175575e-04,2.083812e-04,2.002627e-04,1.927408e-04,1.856454e-04,1.791538e-04,1.730749e-04,1.669614e-04,-2.855507e-05,-2.401827e-05,-1.949056e-05,-1.483308e-05,-9.668281e-06,-4.051579e-06,1.487085e-06,6.221823e-06,9.363378e-06,1.054638e-05,9.730447e-06,7.288857e-06,3.865422e-06,-3.358120e-07,-5.529149e-06,-1.149486e-05,-1.764347e-05,-2.376650e-05
-6.296262e-07,3.794944e-05,-9.944135e-08,3.192850e-06,2.249388e-06,1.977563e-06,1.365627e-06,4.657401e-07,5.492204e-07,1.789512e-06,2.193040e-06,2.296168e-06,6.822475e-07,-1.159742e-06,-3.568405e-06,-4.066996e-06,-3.148384e-06,8.739311e-08,5.778154e-06,1.138323e-05,1.676237e-05,6.955226e-06,7.144259e-06,7.335113e-06,7.519984e-06,7.726424e-06,8.144134e-06,8.710840e-06,9.377068e-06,9.920874e-06,1.004559e-05,9.738091e-06,9.023954e-06,8.066788e-06,6.906010e-06,5.455387e-06,3.781703e-06,2.047256e-06,3.245167e-07,-2.437781e-04,-2.424506e-04,-2.410969e-04,-2.395454e-04,-2.380181e-04,-2.363837e-04,-2.347970e-04,-2.332932e-04,-2.318950e-04,-2.306056e-04,-2.296781e-04,-2.289540e-04,-2.284075e-04,-2.281130e-04,-2.279453e-04,-2.277560e-04,-2.275077e-04,-2.272457e-04,-2.718303e-05,-2.282948e-05,-1.848359e-05,-1.402438e-05,-9.115328e-06,-3.793435e-06,1.434058e-06,5.873602e-06,8.802746e-06,9.869330e-06,9.045281e-06,6.690210e-06,3.433666e-06,-5.045291e-07,-5.325274e-06,-1.084471e-05,-1.652059e-05,-2.217232e-05,2.503401e-04,2.543511e-04,2.583489e-04,2.617923e-04,2.642041e-04,2.644478e-04,2.620019e-04,2.564249e-04,2.483742e-04,2.384102e-04,2.278956e-04,2.171046e-04,2.063524e-04,1.960863e-04,1.862405e-04,1.763634e-04,1.662732e-04,1.561813e-04
-1.657238e-07,-9.944135e-08,8.097846e-06,-6.699760e-05,-6.816697e-05,-6.904588e-05,-6.826282e-05,-6.865310e-05,-6.805848e-05,-6.900648e-05,-6.808776e-05,-6.693716e-05,-6.213113e-05,-5.849761e-05,-5.631490e-05,-5.512593e-05,-5.496884e-05,-5.547899e-05,-5.638368e-05,-5.751849e-05,-5.850855e-05,-5.336422e-06,-4.360547e-06,-3.383961e-06,-2.408656e-06,-1.425741e-06,-7.464491e-07,-5.256421e-07,-2.743536e-07,2.772009e-07,9.063366e-07,1.482246e-06,1.941193e-06,2.332223e-06,2.703764e-06,3.042423e-06,3.399100e-06,3.794003e-06,4.181133e-06,3.108551e-06,2.083603e-06,1.045275e-06,3.311864e-07,9.109933e-08,-8.318475e-08,-3.724544e-07,-7.843963e-07,-1.369757e-06,-1.863476e-06,-2.046134e-06,-2.005749e-06,-1.790542e-06,-1.513773e-06,-1.206451e-06,-8.637144e-07,-5.406647e-07,-2.232697e-07,1.548482e-06,1.459416e-07,-1.257697e-06,-2.651668e-06,-4.075301e-06,-5.224784e-06,-5.886675e-06,-6.417589e-06,-6.851736e-06,-6.636716e-06,-5.345860e-06,-2.771019e-06,1.057772e-06,5.835155e-06,1.107580e-05,1.642664e-05,2.174780e-05,2.706516e-05,-3.565697e-06,-2.453021e-06,-1.307846e-06,-5.211799e-07,-2.876926e-07,-2.390709e-07,-2.305272e-07,-2.508503e-07,-2.392580e-07,-4.737925e-07,-1.079169e-06,-1.719912e-06,-1.906480e-06,-1.316244e-06,1.154683e-07,2.159986e-06,4.410151e-06,6.641997e-06
1.033695e-06,3.192850e-06,-6.699760e-05,3.827711e-03,2.001283e-03,7.416096e-04,2.886318e-04,3.157736e-04,4.266622e-04,5.493377e-04,5.987703e-04,5.973987e-04,5.509915e-04,4.916673e-04,4.338338e-04,3.891883e-04,3.763455e-04,3.958433e-04,4.387899e-04,4.958645e-04,5.509687e-04,3.845517e-04,3.439684e-04,3.034183e-04,2.626194e-04,2.215128e-04,1.791123e-04,1.383845e-04,1.008796e-04,6.581692e-05,3.458684e-05,7.349792e-06,-1.628918e-05,-3.760891e-05,-5.740622e-05,-7.620446e-05,-9.486423e-05,-1.140310e-04,-1.331153e-04,-1.260127e-03,-1.013957e-03,-7.657805e-04,-5.425077e-04,-3.564075e-04,-2.062059e-04,-8.999653e-05,-2.889452e-06,5.940114e-05,9.914554e-05,1.198267e-04,1.260069e-04,1.215797e-04,1.109463e-04,9.652038e-05,7.953696e-05,6.167742e-05,4.392602e-05,-2.782546e-05,-1.375928e-05,3.121584e-07,1.405602e-05,2.770252e-05,3.943713e-05,4.735218e-05,5.362287e-05,5.833815e-05,5.696553e-05,4.608181e-05,2.410975e-05,-8.554727e-06,-4.931130e-05,-9.405637e-05,-1.398028e-04,-1.853024e-04,-2.307732e-04,8.964824e-05,6.601368e-05,4.184977e-05,2.321706e-05,1.263310e-05,6.998093e-06,4.692970e-06,4.674951e-06,5.840218e-06,9.930858e-06,1.749676e-05,2.550781e-05,2.975828e-05,2.746048e-05,1.811868e-05,3.686774e-06,-1.242338e-05,-2.838358e-05
1.589540e-06,2.249388e-06,-6.816697e-05,2.001283e-03,1.466961e-03,8.000693e-04,5.111554e-04,4.666667e-04,4.951932e-04,5.592946e-04,5.855129e-04,5.878457e-04,5.498913e-04,5.053410e-04,4.641777e-04,4.319305e-04,4.198653e-04,4.266406e-04,4.477003e-04,4.774625e-04,5.055736e-04,2.851837e-04,2.499296e-04,2.146859e-04,1.793168e-04,1.435201e-04,1.093778e-04,7.981936e-05,5.362741e-05,2.891063e-05,6.812336e-06,-1.229017e-05,-2.847640e-05,-4.275278e-05,-5.584096e-05,-6.809980e-05,-8.033208e-05,-9.299269e-05,-1.055777e-04,-6.974866e-04,-5.501037e-04,-4.012559e-04,-2.704928e-04,-1.666563e-04,-8.528683e-05,-2.363142e-05,2.150314e-05,5.326588e-05,7.229497e-05,7.986504e-05,7.878659e-05,7.136042e-05,6.039717e-05,4.721245e-05,3.247719e-05,1.733384e-05,2.272368e-06,-2.036611e-05,-6.739960e-06,6.894095e-06,2.028815e-05,3.376783e-05,4.498530e-05,5.199849e-05,5.742816e-05,6.152508e-05,5.972412e-05,4.852054e-05,2.625072e-05,-6.748113e-06,-4.786865e-05,-9.297574e-05,-1.390507e-04,-1.848689e-04,-2.306569e-04,6.683441e-05,4.829830e-05,2.930027e-05,1.513949e-05,8.144101e-06,4.869666e-06,3.718501e-06,4.008788e-06,4.821285e-06,8.136824e-06,1.472287e-05,2.162908e-05,2.466425e-05,2.106051e-05,1.031272e-05,-5.617114e-06,-2.326871e-05,-4.076663e-05
2.119845e-06,1.977563e-06,-6.904588e-05,7.416096e-04,8.000693e-04,9.058501e-04,7.255399e-04,6.189377e-04,5.600380e-04,5.659883e-04,5.686689e-04,5.755338e-04,5.466790e-04,5.172549e-04,4.930841e-04,4.736364e-04,4.624926e-04,4.561130e-04,4.543630e-04,4.555912e-04,4.555063e-04,1.741003e-04,1.458095e-04,1.175058e-04,8.920008e-05,6.034921e-05,3.606291e-05,1.905853e-05,5.286227e-06,-8.277147e-06,-2.072177e-05,-3.139073e-05,-3.996961e-05,-4.712823e-05,-5.348219e-05,-5.920325e-05,-6.501662e-05,-7.117500e-05,-7.726509e-05,-1.157392e-04,-6.995104e-05,-2.325414e-05,1.196494e-05,3.049042e-05,4.019196e-05,4.475447e-05,4.571475e-05,4.513705e-05,4.203645e-05,3.544217e-05,2.634226e-05,1.538198e-05,3.705269e-06,-8.535027e-06,-2.126332e-05,-3.390636e-05,-4.649524e-05,-1.400429e-05,-6.742070e-07,1.266602e-05,2.583924e-05,3.925944e-05,5.005153e-05,5.625739e-05,6.093193e-05,6.448115e-05,6.232202e-05,5.087862e-05,2.840908e-05,-4.800515e-06,-4.614259e-05,-9.147129e-05,-1.377451e-04,-1.837574e-04,-2.297378e-04,4.636895e-05,3.340921e-05,2.005777e-05,1.083870e-05,7.835119e-06,7.215613e-06,7.392573e-06,8.043123e-06,8.450492e-06,1.084242e-05,1.623462e-05,2.178552e-05,2.335111e-05,1.821157e-05,5.860305e-06,-1.174643e-05,-3.111668e-05,-5.033008e-05
2.218548e-06,1.365627e-06,-6.826282e-05,2.886318e-04,5.111554e-04,7.255399e-04,9.134484e-04,7.360656e-04,6.202811e-04,5.690256e-04,5.500085e-04,5.550601e-04,5.316652e-04,5.138032e-04,5.015828e-04,4.897542e-04,4.783976e-04,4.648589e-04,4.519220e-04,4.393481e-04,4.256371e-04,1.716941e-04,1.363731e-04,1.010172e-04,6.576820e-05,2.986093e-05,1.636443e-06,-1.490304e-05,-2.588226e-05,-3.526638e-05,-4.268992e-05,-4.786407e-05,-5.076684e-05,-5.219857e-05,-5.286460e-05,-5.295000e-05,-5.320762e-05,-5.376625e-05,-5.426132e-05,1.525766e-04,1.458453e-04,1.395552e-04,1.264612e-04,1.027136e-04,7.811595e-05,5.688011e-05,3.913587e-05,2.595658e-05,1.532060e-05,4.938062e-06,-5.121911e-06,-1.506665e-05,-2.456349e-05,-3.390850e-05,-4.326086e-05,-5.231072e-05,-6.131933e-05,-1.444339e-05,-8.028400e-07,1.284909e-05,2.637765e-05,4.028778e-05,5.126628e-05,5.721790e-05,6.147877e-05,6.459440e-05,6.211640e-05,5.055377e-05,2.819776e-05,-4.684069e-06,-4.552846e-05,-9.025785e-05,-1.358800e-04,-1.812375e-04,-2.265635e-04,3.064334e-05,2.115276e-05,1.133923e-05,5.062986e-06,4.350603e-06,5.207311e-06,6.074719e-06,6.889218e-06,7.091055e-06,9.020761e-06,1.381408e-05,1.872731e-05,1.970564e-05,1.408992e-05,1.365756e-06,-1.655114e-05,-3.621605e-05,-5.572558e-05
2.184811e-06,4.657401e-07,-6.865310e-05,3.157736e-04,4.666667e-04,6.189377e-04,7.360656e-04,8.933892e-04,7.337151e-04,6.304734e-04,5.632871e-04,5.433620e-04,5.078914e-04,4.923041e-04,4.893579e-04,4.907516e-04,4.931758e-04,4.948700e-04,4.951499e-04,4.936156e-04,4.910630e-04,-1.028685e-05,-2.441736e-05,-3.858790e-05,-5.261478e-05,-6.723109e-05,-7.352620e-05,-6.751774e-05,-5.836452e-05,-5.066681e-05,-4.340200e-05,-3.612519e-05,-2.863545e-05,-2.127147e-05,-1.434067e-05,-7.537008e-06,-1.097892e-06,5.067300e-06,1.129461e-05,1.418234e-04,1.193455e-04,9.698780e-05,7.137099e-05,4.012818e-05,1.302762e-05,-6.167010e-06,-1.839840e-05,-2.356269e-05,-2.450095e-05,-2.417260e-05,-2.267236e-05,-2.044160e-05,-1.731370e-05,-1.342402e-05,-9.146708e-06,-4.377168e-06,4.233206e-07,-1.170268e-05,1.359650e-06,1.443442e-05,2.741428e-05,4.079540e-05,5.112375e-05,5.626794e-05,5.996146e-05,6.281045e-05,6.025739e-05,4.878338e-05,2.665554e-05,-5.910510e-06,-4.636919e-05,-9.065288e-05,-1.358063e-04,-1.806968e-04,-2.255553e-04,1.917655e-05,1.154385e-05,3.632060e-06,-1.143945e-06,-8.677375e-07,5.026067e-07,1.511628e-06,2.250468e-06,2.269218e-06,4.025713e-06,8.710490e-06,1.356391e-05,1.450669e-05,8.850136e-06,-3.970068e-06,-2.201766e-05,-4.182883e-05,-6.148310e-05
2.394939e-06,5.492204e-07,-6.805848e-05,4.266622e-04,4.951932e-04,5.600380e-04,6.202811e-04,7.337151e-04,8.904726e-04,7.213691e-04,6.107223e-04,5.405131e-04,4.800919e-04,4.547151e-04,4.541997e-04,4.674462e-04,4.868270e-04,5.085574e-04,5.267687e-04,5.418305e-04,5.559681e-04,-1.680411e-04,-1.572436e-04,-1.464738e-04,-1.356039e-04,-1.250897e-04,-1.077121e-04,-7.916428e-05,-5.163957e-05,-3.092605e-05,-1.452372e-05,-1.283138e-06,9.653699e-06,1.868528e-05,2.605178e-05,3.266395e-05,3.886132e-05,4.480660e-05,5.081225e-05,7.868386e-05,5.928040e-05,3.989833e-05,1.845074e-05,-6.735139e-06,-2.783686e-05,-4.137263e-05,-4.762144e-05,-4.600913e-05,-3.970331e-05,-3.162659e-05,-2.184510e-05,-1.092127e-05,1.235688e-06,1.461140e-05,2.862532e-05,4.324532e-05,5.788801e-05,-6.004593e-06,5.900545e-06,1.781694e-05,2.964675e-05,4.181237e-05,5.108721e-05,5.526192e-05,5.838072e-05,6.115580e-05,5.883538e-05,4.784510e-05,2.641889e-05,-5.278589e-06,-4.475186e-05,-8.800229e-05,-1.321380e-04,-1.760231e-04,-2.198753e-04,1.836460e-05,1.114562e-05,3.663540e-06,-8.517597e-07,-5.772978e-07,8.454643e-07,2.020806e-06,2.909244e-06,2.983670e-06,4.722009e-06,9.301549e-06,1.399144e-05,1.477465e-05,8.998843e-06,-3.913222e-06,-2.202200e-05,-4.188905e-05,-6.159972e-05
3.766566e-06,1.789512e-06,-6.900648e-05,5.493377e-04,5.592946e-04,5.659883e-04,5.690256e-04,6.304734e-04,7.213691e-04,8.866002e-04,7.281564e-04,6.017950e-04,4.853646e-04,4.270703e-04,4.126318e-04,4.275950e-04,4.596048e-04,5.011970e-04,5.415797e-04,5.822528e-04,6.218190e-04,-9.669466e-05,-7.911661e-05,-6.154942e-05,-4.394806e-05,-2.645010e-05,-5.133631e-06,2.254681e-05,4.364196e-05,5.263896e-05,5.511035e-05,5.365647e-05,4.974631e-05,4.391363e-05,3.650432e-05,2.861316e-05,2.065945e-05,1.241056e-05,4.225225e-06,-1.538881e-05,-2.072971e-05,-2.602745e-05,-3.323695e-05,-4.290595e-05,-4.935732e-05,-4.988289e-05,-4.423914e-05,-3.144722e-05,-1.616001e-05,-1.269218e-06,1.356687e-05,2.803170e-05,4.256911e-05,5.753842e-05,7.253754e-05,8.784940e-05,1.031973e-04,1.000262e-05,2.038397e-05,3.077529e-05,4.107398e-05,5.163468e-05,5.964303e-05,6.307431e-05,6.603935e-05,6.915336e-05,6.710911e-05,5.610438e-05,3.433521e-05,2.016524e-06,-3.830089e-05,-8.255948e-05,-1.277963e-04,-1.727781e-04,-2.177270e-04,2.888656e-05,2.142393e-05,1.369211e-05,8.925682e-06,8.772398e-06,9.828935e-06,1.073949e-05,1.131523e-05,1.092937e-05,1.225175e-05,1.648217e-05,2.083362e-05,2.126091e-05,1.508189e-05,1.687717e-06,-1.695771e-05,-3.737266e-05,-5.762988e-05
3.923922e-06,2.193040e-06,-6.808776e-05,5.987703e-04,5.855129e-04,5.686689e-04,5.500085e-04,5.632871e-04,6.107223e-04,7.281564e-04,8.818238e-04,6.962170e-04,5.468951e-04,4.449260e-04,4.026595e-04,3.967182e-04,4.185664e-04,4.594728e-04,5.076418e-04,5.617472e-04,6.144116e-04,1.419834e-05,2.308330e-05,3.196526e-05,4.085032e-05,4.973759e-05,6.067210e-05,7.450302e-05,8.050517e-05,7.309494e-05,6.034216e-05,4.624193e-05,3.200391e-05,1.728445e-05,2.023199e-06,-1.310403e-05,-2.808883e-05,-4.344930e-05,-5.873954e-05,-6.928709e-05,-6.404349e-05,-5.872177e-05,-5.536983e-05,-5.371975e-05,-4.898338e-05,-3.882155e-05,-2.276412e-05,6.403138e-07,2.363450e-05,4.168463e-05,5.578431e-05,6.645391e-05,7.501180e-05,8.239841e-05,8.876965e-05,9.496922e-05,1.012318e-04,1.331481e-05,2.300312e-05,3.270080e-05,4.230699e-05,5.214296e-05,5.969775e-05,6.321399e-05,6.646485e-05,7.011317e-05,6.854096e-05,5.779497e-05,3.612638e-05,3.858144e-06,-3.644185e-05,-8.072189e-05,-1.260045e-04,-1.710301e-04,-2.160248e-04,3.371770e-05,2.609026e-05,1.819313e-05,1.322062e-05,1.264994e-05,1.322085e-05,1.360693e-05,1.356574e-05,1.239011e-05,1.308882e-05,1.705280e-05,2.144427e-05,2.217909e-05,1.653203e-05,3.864659e-06,-1.392048e-05,-3.341599e-05,-5.275873e-05
2.415158e-06,2.296168e-06,-6.693716e-05,5.973987e-04,5.878457e-04,5.755338e-04,5.550601e-04,5.433620e-04,5.405131e-04,6.017950e-04,6.962170e-04,8.797085e-04,7.338083e-04,6.128687e-04,5.039741e-04,4.203645e-04,3.738546e-04,3.594528e-04,3.728058e-04,4.019180e-04,4.288708e-04,1.244355e-04,1.057050e-04,8.697305e-05,6.823617e-05,4.950569e-05,3.212584e-05,1.566112e-05,-6.662920e-06,-3.850367e-05,-7.010300e-05,-9.625059e-05,-1.162945e-04,-1.325375e-04,-1.462338e-04,-1.584329e-04,-1.706155e-04,-1.833500e-04,-1.959956e-04,-1.008062e-04,-7.133063e-05,-4.174663e-05,-1.446141e-05,1.023357e-05,3.556447e-05,6.229792e-05,8.941042e-05,1.170107e-04,1.347323e-04,1.362838e-04,1.245973e-04,1.031249e-04,7.565447e-05,4.385217e-05,9.168736e-06,-2.650436e-05,-6.205784e-05,-1.873366e-06,8.681581e-06,1.924513e-05,2.973255e-05,4.046654e-05,4.910538e-05,5.413200e-05,5.885115e-05,6.376579e-05,6.315304e-05,5.293398e-05,3.137446e-05,-1.028792e-06,-4.164483e-05,-8.631247e-05,-1.319571e-04,-1.773402e-04,-2.226961e-04,4.306415e-05,3.362316e-05,2.391530e-05,1.709025e-05,1.455577e-05,1.318135e-05,1.175334e-05,1.019318e-05,7.960337e-06,8.354028e-06,1.298876e-05,1.881095e-05,2.143559e-05,1.793272e-05,7.692919e-06,-7.485286e-06,-2.428944e-05,-4.094857e-05
1.433910e-06,6.822475e-07,-6.213113e-05,5.509915e-04,5.498913e-04,5.466790e-04,5.316652e-04,5.078914e-04,4.800919e-04,4.853646e-04,5.468951e-04,7.338083e-04,9.676456e-04,8.324272e-04,6.757579e-04,4.876343e-04,3.374783e-04,2.216516e-04,1.568225e-04,1.190328e-04,7.839158e-05,2.524145e-04,2.007281e-04,1.490411e-04,9.734556e-05,4.565252e-05,-5.336688e-06,-5.725571e-05,-1.147162e-04,-1.792490e-04,-2.401335e-04,-2.884800e-04,-3.214260e-04,-3.430302e-04,-3.564956e-04,-3.658952e-04,-3.752981e-04,-3.854262e-04,-3.954512e-04,-1.027492e-04,-5.801642e-05,-1.316266e-05,2.929706e-05,6.869159e-05,1.069095e-04,1.431591e-04,1.748783e-04,2.004789e-04,2.085738e-04,1.890670e-04,1.459389e-04,8.642829e-05,1.679921e-05,-6.096184e-05,-1.437721e-04,-2.285594e-04,-3.131636e-04,-9.721248e-06,4.100198e-07,1.054893e-05,2.062360e-05,3.093577e-05,3.942592e-05,4.493146e-05,5.043496e-05,5.629467e-05,5.710758e-05,4.856583e-05,2.863352e-05,-2.091304e-06,-4.100811e-05,-8.392657e-05,-1.277170e-04,-1.712401e-04,-2.147432e-04,3.863853e-05,2.800096e-05,1.711592e-05,8.924944e-06,4.699919e-06,1.606630e-06,-1.376259e-06,-4.154368e-06,-7.066224e-06,-6.870229e-06,-1.533488e-06,5.907163e-06,1.085935e-05,1.028526e-05,3.664575e-06,-7.434505e-06,-1.996383e-05,-3.236464e-05
1.210085e-06,-1.159742e-06,-5.849761e-05,4.916673e-04,5.053410e-04,5.172549e-04,5.138032e-04,4.923041e-04,4.547151e-04,4.270703e-04,4.449260e-04,6.128687e-04,8.324272e-04,1.099176e-03,9.454427e-04,7.075716e-04,4.363818e-04,1.661110e-04,-5.007381e-05,-2.376968e-04,-4.281960e-04,4.012132e-04,3.135126e-04,2.258116e-04,1.380995e-04,5.038715e-05,-3.696435e-05,-1.257870e-04,-2.192651e-04,-3.164848e-04,-4.064227e-04,-4.770685e-04,-5.222983e-04,-5.457937e-04,-5.534864e-04,-5.535836e-04,-5.536695e-04,-5.544661e-04,-5.551679e-04,-4.734538e-05,-1.764220e-05,1.219294e-05,3.941350e-05,6.299264e-05,8.403569e-05,1.011865e-04,1.116151e-04,1.131288e-04,9.612284e-05,4.929772e-05,-2.326118e-05,-1.122605e-04,-2.111163e-04,-3.192222e-04,-4.326579e-04,-5.482481e-04,-6.636416e-04,-1.252528e-05,-2.735962e-06,7.059488e-06,1.679970e-05,2.679608e-05,3.522020e-05,4.112913e-05,4.731595e-05,5.394508e-05,5.597409e-05,4.892159e-05,3.033114e-05,6.552918e-07,-3.744311e-05,-7.959127e-05,-1.224730e-04,-1.650757e-04,-2.076623e-04,2.766566e-05,1.666455e-05,5.429565e-06,-3.217134e-06,-8.041973e-06,-1.160779e-05,-1.480698e-05,-1.749099e-05,-1.990780e-05,-1.913270e-05,-1.302885e-05,-4.541441e-06,1.668342e-06,2.588546e-06,-2.125144e-06,-1.108900e-05,-2.138336e-05,-3.155735e-05
5.087831e-07,-3.568405e-06,-5.631490e-05,4.338338e-04,4.641777e-04,4.930841e-04,5.015828e-04,4.893579e-04,4.541997e-04,4.126318e-04,4.026595e-04,5.039741e-04,6.757579e-04,9.454427e-04,1.198742e-03,9.773885e-04,6.587885e-04,2.492891e-04,-1.313301e-04,-5.024701e-04,-8.748778e-04,4.502785e-04,3.498077e-04,2.493358e-04,1.488537e-04,4.835615e-05,-5.163076e-05,-1.522760e-04,-2.558243e-04,-3.596291e-04,-4.536452e-04,-5.265448e-04,-5.717940e-04,-5.887257e-04,-5.846987e-04,-5.710749e-04,-5.576843e-04,-5.446756e-04,-5.316124e-04,3.934687e-05,4.276931e-05,4.632973e-05,4.691599e-05,4.274472e-05,3.418000e-05,1.960894e-05,-3.745444e-06,-3.831887e-05,-9.097877e-05,-1.707412e-04,-2.712912e-04,-3.815918e-04,-4.952700e-04,-6.138608e-04,-7.344436e-04,-8.557594e-04,-9.769602e-04,-1.907324e-05,-9.302567e-06,4.736655e-07,1.019359e-05,2.016050e-05,2.863397e-05,3.470147e-05,4.104499e-05,4.769028e-05,5.000959e-05,4.381117e-05,2.664983e-05,-1.651928e-06,-3.845875e-05,-7.921790e-05,-1.205258e-04,-1.615608e-04,-2.025759e-04,1.173120e-05,1.794703e-07,-1.159803e-05,-2.080475e-05,-2.612473e-05,-2.985761e-05,-3.276531e-05,-3.463232e-05,-3.562637e-05,-3.316903e-05,-2.542945e-05,-1.551761e-05,-8.230245e-06,-6.600284e-06,-1.077149e-05,-1.935595e-05,-2.934464e-05,-3.920653e-05
1.254770e-06,-4.066996e-06,-5.512593e-05,3.891883e-04,4.319305e-04,4.736364e-04,4.897542e-04,4.907516e-04,4.674462e-04,4.275950e-04,3.967182e-04,4.203645e-04,4.876343e-04,7.075716e-04,9.773885e-04,1.213084e-03,9.448822e-04,5.286730e-04,5.864306e-05,-4.408146e-04,-9.395848e-04,3.144719e-04,2.370678e-04,1.596602e-04,8.225019e-05,4.787641e-06,-7.128166e-05,-1.455532e-04,-2.190847e-04,-2.880673e-04,-3.443174e-04,-3.791827e-04,-3.879375e-04,-3.690067e-04,-3.299519e-04,-2.828771e-04,-2.369140e-04,-1.906323e-04,-1.443700e-04,1.067876e-04,8.955347e-05,7.245159e-05,5.207545e-05,2.556611e-05,-7.181362e-06,-4.760269e-05,-9.806047e-05,-1.608083e-04,-2.396372e-04,-3.396829e-04,-4.522888e-04,-5.650134e-04,-6.703862e-04,-7.694074e-04,-8.624524e-04,-9.527381e-04,-1.043107e-03,-1.568104e-05,-5.592567e-06,4.499726e-06,1.453989e-05,2.487222e-05,3.369699e-05,3.994865e-05,4.611734e-05,5.206380e-05,5.350268e-05,4.670610e-05,2.955244e-05,1.751598e-06,-3.408695e-05,-7.337473e-05,-1.129105e-04,-1.521831e-04,-1.914251e-04,5.340593e-06,-6.122076e-06,-1.780657e-05,-2.691584e-05,-3.196435e-05,-3.509692e-05,-3.703139e-05,-3.755097e-05,-3.678274e-05,-3.250016e-05,-2.332212e-05,-1.252702e-05,-4.990059e-06,-3.878022e-06,-9.472074e-06,-2.013999e-05,-3.251706e-05,-4.474283e-05
4.600315e-06,-3.148384e-06,-5.496884e-05,3.763455e-04,4.198653e-04,4.624926e-04,4.783976e-04,4.931758e-04,4.868270e-04,4.596048e-04,4.185664e-04,3.738546e-04,3.374783e-04,4.363818e-04,6.587885e-04,9.448822e-04,1.175385e-03,9.155333e-04,5.547358e-04,9.507501e-05,-3.563584e-04,4.827591e-05,1.765224e-05,-1.297846e-05,-4.359784e-05,-7.431577e-05,-1.022835e-04,-1.249983e-04,-1.420483e-04,-1.489198e-04,-1.390609e-04,-1.066100e-04,-4.852456e-05,3.588200e-05,1.381601e-04,2.462992e-04,3.533125e-04,4.616022e-04,5.697654e-04,1.263933e-04,1.014303e-04,7.657959e-05,4.846997e-05,1.362269e-05,-2.753542e-05,-7.522727e-05,-1.304296e-04,-1.941387e-04,-2.670119e-04,-3.497322e-04,-4.333390e-04,-5.065085e-04,-5.617208e-04,-5.956106e-04,-6.131013e-04,-6.233835e-04,-6.340141e-04,8.765678e-06,1.869273e-05,2.862044e-05,3.850555e-05,4.879392e-05,5.753069e-05,6.340704e-05,6.866880e-05,7.302022e-05,7.232546e-05,6.328956e-05,4.415840e-05,1.487302e-05,-2.179059e-05,-6.124506e-05,-1.006440e-04,-1.397576e-04,-1.788281e-04,2.881261e-06,-7.142629e-06,-1.738879e-05,-2.504299e-05,-2.843059e-05,-2.970728e-05,-2.970247e-05,-2.834620e-05,-2.588283e-05,-2.044241e-05,-1.114925e-05,-1.193141e-06,4.834552e-06,3.787537e-06,-5.285033e-06,-2.038079e-05,-3.760168e-05,-5.463717e-05
7.566464e-06,8.739311e-08,-5.547899e-05,3.958433e-04,4.266406e-04,4.561130e-04,4.648589e-04,4.948700e-04,5.085574e-04,5.011970e-04,4.594728e-04,3.594528e-04,2.216516e-04,1.661110e-04,2.492891e-04,5.286730e-04,9.155333e-04,1.353511e-03,1.330304e-03,1.204091e-03,1.077714e-03,-2.289453e-04,-2.080303e-04,-1.871260e-04,-1.661934e-04,-1.453985e-04,-1.203277e-04,-8.600542e-05,-4.036549e-05,2.166461e-05,1.054959e-04,2.146190e-04,3.513740e-04,5.166998e-04,7.022936e-04,8.969499e-04,1.095181e-03,1.295921e-03,1.496374e-03,9.375267e-05,6.550430e-05,3.733672e-05,6.381577e-06,-3.033952e-05,-7.022428e-05,-1.105113e-04,-1.489199e-04,-1.832718e-04,-2.099037e-04,-2.236704e-04,-2.162855e-04,-1.789214e-04,-1.056825e-04,6.804937e-06,1.470252e-04,2.989423e-04,4.501831e-04,2.753467e-05,3.801860e-05,4.849969e-05,5.896841e-05,7.001644e-05,7.952253e-05,8.585893e-05,9.100140e-05,9.448109e-05,9.216046e-05,8.103850e-05,5.957712e-05,2.781225e-05,-1.142161e-05,-5.359336e-05,-9.605686e-05,-1.382542e-04,-1.803894e-04,7.601535e-06,1.245882e-06,-5.336685e-06,-9.331209e-06,-8.934796e-06,-6.491656e-06,-3.082834e-06,1.052645e-06,5.404710e-06,1.139208e-05,1.922989e-05,2.585041e-05,2.700409e-05,1.969770e-05,2.795505e-06,-2.111694e-05,-4.755721e-05,-7.377582e-05
1.017273e-05,5.778154e-06,-5.638368e-05,4.387899e-04,4.477003e-04,4.543630e-04,4.519220e-04,4.951499e-04,5.267687e-04,5.415797e-04,5.076418e-04,3.728058e-04,1.568225e-04,-5.007381e-05,-1.313301e-04,5.864306e-05,5.547358e-04,1.330304e-03,2.161532e-03,2.629652e-03,3.153727e-03,-4.258550e-04,-3.656900e-04,-3.055383e-04,-2.453437e-04,-1.853034e-04,-1.197749e-04,-4.164217e-05,5.231281e-05,1.671448e-04,3.072290e-04,4.738980e-04,6.692260e-04,8.955041e-04,1.146853e-03,1.415146e-03,1.697256e-03,1.983473e-03,2.269169e-03,1.846667e-05,-1.224596e-05,-4.291008e-05,-7.557165e-05,-1.116676e-04,-1.453272e-04,-1.697998e-04,-1.784683e-04,-1.648674e-04,-1.205145e-04,-3.404213e-05,1.022789e-04,2.947204e-04,5.474892e-04,8.611953e-04,1.215144e-03,1.585322e-03,1.954413e-03,4.356351e-05,5.469864e-05,6.582802e-05,7.698114e-05,8.889773e-05,9.931469e-05,1.062693e-04,1.114805e-04,1.143191e-04,1.105625e-04,9.742528e-05,7.351528e-05,3.883683e-05,-3.955496e-06,-5.059565e-05,-9.865264e-05,-1.465245e-04,-1.943062e-04,2.408291e-05,2.285852e-05,2.139935e-05,2.248917e-05,2.795167e-05,3.510821e-05,4.253828e-05,4.958785e-05,5.541466e-05,6.097780e-05,6.583666e-05,6.697083e-05,6.039442e-05,4.325386e-05,1.457170e-05,-2.217524e-05,-6.184380e-05,-1.012503e-04
1.285181e-05,1.138323e-05,-5.751849e-05,4.958645e-04,4.774625e-04,4.555912e-04,4.393481e-04,4.936156e-04,5.418305e-04,5.822528e-04,5.617472e-04,4.019180e-04,1.190328e-04,-2.376968e-04,-5.024701e-04,-4.408146e-04,9.507501e-05,1.204091e-03,2.629652e-03,4.361213e-03,5.969326e-03,-5.799860e-04,-4.857100e-04,-3.914488e-04,-2.971328e-04,-2.029717e-04,-1.023821e-04,1.352823e-05,1.483959e-04,3.062411e-04,4.895533e-04,6.966014e-04,9.283532e-04,1.187935e-03,1.472886e-03,1.779254e-03,2.107645e-03,2.441771e-03,2.775165e-03,-7.270203e-05,-1.048814e-04,-1.370451e-04,-1.702521e-04,-2.038049e-04,-2.280478e-04,-2.318624e-04,-2.039260e-04,-1.330913e-04,-5.906976e-06,1.954384e-04,4.782931e-04,8.464045e-04,1.302642e-03,1.844744e-03,2.442025e-03,3.061402e-03,3.679240e-03,6.273947e-05,7.404744e-05,8.534784e-05,9.669917e-05,1.089588e-04,1.197231e-04,1.267025e-04,1.314215e-04,1.331917e-04,1.277733e-04,1.126934e-04,8.681455e-05,5.018686e-05,5.215290e-06,-4.415240e-05,-9.582256e-05,-1.473824e-04,-1.988229e-04,3.720990e-05,4.173872e-05,4.602319e-05,5.282301e-05,6.394838e-05,7.637073e-05,8.834090e-05,9.879411e-05,1.065418e-04,1.120966e-04,1.143388e-04,1.102477e-04,9.605109e-05,6.895458e-05,2.811224e-05,-2.205570e-05,-7.566070e-05,-1.289568e-04
1.523185e-05,1.676237e-05,-5.850855e-05,5.509687e-04,5.055736e-04,4.555063e-04,4.256371e-04,4.910630e-04,5.559681e-04,6.218190e-04,6.144116e-04,4.288708e-04,7.839158e-05,-4.281960e-04,-8.748778e-04,-9.395848e-04,-3.563584e-04,1.077714e-03,3.153727e-03,5.969326e-03,9.361502e-03,-7.350279e-04,-6.062548e-04,-4.774983e-04,-3.486747e-04,-2.200079e-04,-8.396556e-05,7.013636e-05,2.463915e-04,4.478350e-04,6.750881e-04,9.233732e-04,1.192562e-03,1.486604e-03,1.806371e-03,2.152004e-03,2.527752e-03,2.910754e-03,3.292832e-03,-1.613024e-04,-1.950770e-04,-2.288690e-04,-2.627565e-04,-2.939394e-04,-3.090182e-04,-2.925350e-04,-2.284891e-04,-1.010809e-04,1.081095e-04,4.233367e-04,8.515744e-04,1.394061e-03,2.052332e-03,2.821315e-03,3.660399e-03,4.527527e-03,5.392687e-03,7.935892e-05,9.091234e-05,1.024565e-04,1.140795e-04,1.267524e-04,1.379370e-04,1.450224e-04,1.493392e-04,1.501451e-04,1.432021e-04,1.263563e-04,9.872538e-05,6.040705e-05,1.356370e-05,-3.817459e-05,-9.305598e-05,-1.478724e-04,-2.025423e-04,4.907881e-05,5.927653e-05,6.922107e-05,8.164430e-05,9.834370e-05,1.159579e-04,1.324220e-04,1.462737e-04,1.559878e-04,1.616302e-04,1.613980e-04,1.522768e-04,1.307141e-04,9.397876e-05,4.135339e-05,-2.181231e-05,-8.891417e-05,-1.556635e-04
-2.482720e-04,6.955226e-06,-5.336422e-06,3.845517e-04,2.851837e-04,1.741003e-04,1.716941e-04,-1.028685e-05,-1.680411e-04,-9.669466e-05,1.419834e-05,1.244355e-04,2.524145e-04,4.012132e-04,4.502785e-04,3.144719e-04,4.827591e-05,-2.289453e-04,-4.258550e-04,-5.799860e-04,-7.350279e-04,8.230717e-03,6.873904e-03,5.571893e-03,4.379070e-03,3.351553e-03,2.510951e-03,1.866053e-03,1.399140e-03,1.086901e-03,8.989696e-04,8.069244e-04,7.807669e-04,7.946209e-04,8.331108e-04,8.831698e-04,9.339128e-04,9.845366e-04,1.035089e-03,-5.476345e-04,-5.787613e-04,-6.095747e-04,-6.362182e-04,-6.315611e-04,-5.899280e-04,-5.218584e-04,-4.421417e-04,-3.646006e-04,-2.998246e-04,-2.600305e-04,-2.445083e-04,-2.535022e-04,-2.836829e-04,-3.288841e-04,-3.822519e-04,-4.399160e-04,-4.973813e-04,-1.939967e-03,-1.861742e-03,-1.783283e-03,-1.705391e-03,-1.634897e-03,-1.572303e-03,-1.520613e-03,-1.475974e-03,-1.435818e-03,-1.395353e-03,-1.357626e-03,-1.324703e-03,-1.296005e-03,-1.269189e-03,-1.243550e-03,-1.220203e-03,-1.198843e-03,-1.177327e-03,2.162919e-04,1.912245e-04,1.661666e-04,1.399855e-04,1.065798e-04,6.575445e-05,2.268627e-05,-1.629502e-05,-4.466963e-05,-5.864865e-05,-5.652845e-05,-4.130933e-05,-1.785881e-05,1.178639e-05,4.820397e-05,8.946621e-05,1.320061e-04,1.743742e-04
-2.488884e-04,7.144259e-06,-4.360547e-06,3.439684e-04,2.499296e-04,1.458095e-04,1.363731e-04,-2.441736e-05,-1.572436e-04,-7.911661e-05,2.308330e-05,1.057050e-04,2.007281e-04,3.135126e-04,3.498077e-04,2.370678e-04,1.765224e-05,-2.080303e-04,-3.656900e-04,-4.857100e-04,-6.062548e-04,6.873904e-03,5.893607e-03,4.898710e-03,3.962245e-03,3.135133e-03,2.444865e-03,1.906046e-03,1.508971e-03,1.237514e-03,1.067738e-03,9.771629e-04,9.416935e-04,9.398740e-04,9.587652e-04,9.874896e-04,1.017056e-03,1.046595e-03,1.076053e-03,-4.897566e-04,-5.124774e-04,-5.349344e-04,-5.536717e-04,-5.452851e-04,-5.049117e-04,-4.418043e-04,-3.692714e-04,-2.996792e-04,-2.419865e-04,-2.060553e-04,-1.912015e-04,-1.977050e-04,-2.226939e-04,-2.607387e-04,-3.059566e-04,-3.550301e-04,-4.039400e-04,-1.971442e-03,-1.889899e-03,-1.808134e-03,-1.726807e-03,-1.652334e-03,-1.585349e-03,-1.529084e-03,-1.480069e-03,-1.435953e-03,-1.392013e-03,-1.351351e-03,-1.316110e-03,-1.285640e-03,-1.257435e-03,-1.230706e-03,-1.206552e-03,-1.184484e-03,-1.162249e-03,2.156385e-04,1.900012e-04,1.643811e-04,1.376571e-04,1.042365e-04,6.397607e-05,2.183518e-05,-1.604551e-05,-4.330445e-05,-5.639253e-05,-5.391347e-05,-3.878058e-05,-1.573456e-05,1.331185e-05,4.906629e-05,8.968882e-05,1.315785e-04,1.732972e-04
-2.495033e-04,7.335113e-06,-3.383961e-06,3.034183e-04,2.146859e-04,1.175058e-04,1.010172e-04,-3.858790e-05,-1.464738e-04,-6.154942e-05,3.196526e-05,8.697305e-05,1.490411e-04,2.258116e-04,2.493358e-04,1.596602e-04,-1.297846e-05,-1.871260e-04,-3.055383e-04,-3.914488e-04,-4.774983e-04,5.571893e-03,4.898710e-03,4.229508e-03,3.544408e-03,2.919024e-03,2.378720e-03,1.946066e-03,1.618796e-03,1.388121e-03,1.236494e-03,1.147387e-03,1.102603e-03,1.085108e-03,1.084400e-03,1.091789e-03,1.100178e-03,1.108630e-03,1.116995e-03,-4.318875e-04,-4.462024e-04,-4.603031e-04,-4.711342e-04,-4.590184e-04,-4.199047e-04,-3.617592e-04,-2.964099e-04,-2.347664e-04,-1.841570e-04,-1.520892e-04,-1.379045e-04,-1.419188e-04,-1.617174e-04,-1.926073e-04,-2.296773e-04,-2.701621e-04,-3.105185e-04,-2.002908e-03,-1.918046e-03,-1.832974e-03,-1.748212e-03,-1.669761e-03,-1.598384e-03,-1.537544e-03,-1.484153e-03,-1.436078e-03,-1.388664e-03,-1.345067e-03,-1.307507e-03,-1.275267e-03,-1.245673e-03,-1.217854e-03,-1.192893e-03,-1.170118e-03,-1.147165e-03,2.149956e-04,1.887889e-04,1.626073e-04,1.353409e-04,1.019058e-04,6.221053e-05,2.099698e-05,-1.578327e-05,-4.192688e-05,-5.412453e-05,-5.128723e-05,-3.624122e-05,-1.360036e-05,1.484672e-05,4.993754e-05,8.991992e-05,1.311589e-04,1.722279e-04
-2.501245e-04,7.519984e-06,-2.408656e-06,2.626194e-04,1.793168e-04,8.920008e-05,6.576820e-05,-5.261478e-05,-1.356039e-04,-4.394806e-05,4.085032e-05,6.823617e-05,9.734556e-05,1.380995e-04,1.488537e-04,8.225019e-05,-4.359784e-05,-1.661934e-04,-2.453437e-04,-2.971328e-04,-3.486747e-04,4.379070e-03,3.962245e-03,3.544408e-03,3.130645e-03,2.701691e-03,2.312824e-03,1.985987e-03,1.728654e-03,1.538756e-03,1.405302e-03,1.317672e-03,1.263583e-03,1.230419e-03,1.210114e-03,1.196171e-03,1.183385e-03,1.170754e-03,1.158027e-03,-3.741143e-04,-3.800020e-04,-3.857250e-04,-3.886304e-04,-3.727673e-04,-3.348985e-04,-2.817043e-04,-2.235307e-04,-1.698299e-04,-1.262987e-04,-9.808917e-05,-8.456832e-05,-8.608745e-05,-1.006893e-04,-1.244171e-04,-1.533315e-04,-1.852198e-04,-2.170149e-04,-2.034419e-03,-1.946239e-03,-1.857859e-03,-1.769662e-03,-1.687232e-03,-1.611464e-03,-1.546048e-03,-1.488281e-03,-1.436245e-03,-1.385355e-03,-1.338820e-03,-1.298941e-03,-1.264928e-03,-1.233942e-03,-1.205031e-03,-1.179262e-03,-1.155776e-03,-1.132105e-03,2.143184e-04,1.875400e-04,1.607944e-04,1.329836e-04,9.953227e-05,6.040113e-05,2.011473e-05,-1.556444e-05,-4.059137e-05,-5.189661e-05,-4.869874e-05,-3.373711e-05,-1.149891e-05,1.635112e-05,5.078047e-05,9.012483e-05,1.307153e-04,1.711367e-04
-2.507231e-04,7.726424e-06,-1.425741e-06,2.215128e-04,1.435201e-04,6.034921e-05,2.986093e-05,-6.723109e-05,-1.250897e-04,-2.645010e-05,4.973759e-05,4.950569e-05,4.565252e-05,5.038715e-05,4.835615e-05,4.787641e-06,-7.431577e-05,-1.453985e-04,-1.853034e-04,-2.029717e-04,-2.200079e-04,3.351553e-03,3.135133e-03,2.919024e-03,2.701691e-03,2.489016e-03,2.246054e-03,2.026325e-03,1.838423e-03,1.689314e-03,1.573938e-03,1.487747e-03,1.424318e-03,1.375463e-03,1.335547e-03,1.300259e-03,1.266287e-03,1.232562e-03,1.198731e-03,-3.167869e-04,-3.142048e-04,-3.115079e-04,-3.064429e-04,-2.867915e-04,-2.501283e-04,-2.018449e-04,-1.508101e-04,-1.050220e-04,-6.854817e-05,-4.418638e-05,-3.132782e-05,-3.035811e-05,-3.977576e-05,-5.635888e-05,-7.713783e-05,-1.004512e-04,-1.237063e-04,-2.065771e-03,-1.974273e-03,-1.882587e-03,-1.790956e-03,-1.704548e-03,-1.624387e-03,-1.554396e-03,-1.492255e-03,-1.436263e-03,-1.381903e-03,-1.332439e-03,-1.290247e-03,-1.254468e-03,-1.222097e-03,-1.192101e-03,-1.165529e-03,-1.141339e-03,-1.116953e-03,2.137821e-04,1.864355e-04,1.591297e-04,1.307771e-04,9.731162e-05,5.874565e-05,1.938548e-05,-1.519552e-05,-3.911042e-05,-4.952956e-05,-4.597833e-05,-3.110870e-05,-9.280325e-06,1.796652e-05,5.172904e-05,9.043031e-05,1.303672e-04,1.701361e-04
-2.510736e-04,8.144134e-06,-7.464491e-07,1.791123e-04,1.093778e-04,3.606291e-05,1.636443e-06,-7.352620e-05,-1.077121e-04,-5.133631e-06,6.067210e-05,3.212584e-05,-5.336688e-06,-3.696435e-05,-5.163076e-05,-7.128166e-05,-1.022835e-04,-1.203277e-04,-1.197749e-04,-1.023821e-04,-8.396556e-05,2.510951e-03,2.444865e-03,2.378720e-03,2.312824e-03,2.246054e-03,2.173098e-03,2.058608e-03,1.944375e-03,1.837792e-03,1.742160e-03,1.658486e-03,1.586494e-03,1.522488e-03,1.463349e-03,1.407019e-03,1.352143e-03,1.297607e-03,1.242958e-03,-2.615142e-04,-2.507140e-04,-2.398437e-04,-2.270688e-04,-2.037485e-04,-1.683391e-04,-1.249810e-04,-8.103032e-05,-4.301394e-05,-1.335687e-05,7.501759e-06,2.014638e-05,2.415459e-05,2.056241e-05,1.184808e-05,-2.110260e-08,-1.395878e-05,-2.787439e-05,-2.094389e-03,-1.999764e-03,-1.904964e-03,-1.810092e-03,-1.719908e-03,-1.635537e-03,-1.561114e-03,-1.494685e-03,-1.434781e-03,-1.376991e-03,-1.324656e-03,-1.280243e-03,-1.242825e-03,-1.209228e-03,-1.178320e-03,-1.151127e-03,-1.126414e-03,-1.101494e-03,2.147684e-04,1.868742e-04,1.590268e-04,1.301621e-04,9.670549e-05,5.871889e-05,2.028688e-05,-1.321558e-05,-3.606313e-05,-4.565618e-05,-4.181642e-05,-2.711690e-05,-5.802320e-06,2.070329e-05,5.362199e-05,9.147341e-05,1.305383e-04,1.694371e-04
-2.510763e-04,8.710840e-06,-5.256421e-07,1.383845e-04,7.981936e-05,1.905853e-05,-1.490304e-05,-6.751774e-05,-7.916428e-05,2.254681e-05,7.450302e-05,1.566112e-05,-5.725571e-05,-1.257870e-04,-1.522760e-04,-1.455532e-04,-1.249983e-04,-8.600542e-05,-4.164217e-05,1.352823e-05,7.013636e-05,1.866053e-03,1.906046e-03,1.946066e-03,1.985987e-03,2.026325e-03,2.058608e-03,2.078002e-03,2.039001e-03,1.981773e-03,1.909630e-03,1.831685e-03,1.753422e-03,1.676050e-03,1.599084e-03,1.522896e-03,1.448245e-03,1.374032e-03,1.299698e-03,-2.118782e-04,-1.942917e-04,-1.766721e-04,-1.575682e-04,-1.314264e-04,-9.745417e-05,-5.865696e-05,-2.097244e-05,1.043839e-05,3.472061e-05,5.372875e-05,6.801842e-05,7.712398e-05,8.159833e-05,8.318228e-05,8.276902e-05,8.081265e-05,7.883954e-05,-2.118177e-03,-2.020868e-03,-1.923394e-03,-1.825732e-03,-1.732249e-03,-1.644125e-03,-1.565627e-03,-1.495123e-03,-1.431404e-03,-1.370242e-03,-1.315093e-03,-1.268542e-03,-1.229607e-03,-1.194937e-03,-1.163292e-03,-1.135655e-03,-1.110595e-03,-1.085317e-03,2.167648e-04,1.884780e-04,1.602414e-04,1.310280e-04,9.769687e-05,6.033209e-05,2.280626e-05,-9.689737e-06,-3.157952e-05,-4.046652e-05,-3.644970e-05,-2.203859e-05,-1.385975e-06,2.418321e-05,5.600330e-05,9.270571e-05,1.305819e-04,1.682953e-04
-2.504816e-04,9.377068e-06,-2.743536e-07,1.008796e-04,5.362741e-05,5.286227e-06,-2.588226e-05,-5.836452e-05,-5.163957e-05,4.364196e-05,8.050517e-05,-6.662920e-06,-1.147162e-04,-2.192651e-04,-2.558243e-04,-2.190847e-04,-1.420483e-04,-4.036549e-05,5.231281e-05,1.483959e-04,2.463915e-04,1.399140e-03,1.508971e-03,1.618796e-03,1.728654e-03,1.838423e-03,1.944375e-03,2.039001e-03,2.108859e-03,2.106726e-03,2.068465e-03,2.002989e-03,1.924237e-03,1.838135e-03,1.747299e-03,1.654771e-03,1.563736e-03,1.473247e-03,1.382630e-03,-1.706701e-04,-1.487111e-04,-1.267478e-04,-1.036359e-04,-7.625900e-05,-4.436427e-05,-9.937527e-06,2.238775e-05,4.868347e-05,6.963115e-05,8.925291e-05,1.080620e-04,1.255564e-04,1.417743e-04,1.577148e-04,1.730633e-04,1.875174e-04,2.019100e-04,-2.134012e-03,-2.034831e-03,-1.935496e-03,-1.835868e-03,-1.739949e-03,-1.648897e-03,-1.566998e-03,-1.492863e-03,-1.425575e-03,-1.361130e-03,-1.303124e-03,-1.254281e-03,-1.213603e-03,-1.177585e-03,-1.144896e-03,-1.116501e-03,-1.090779e-03,-1.064829e-03,2.188376e-04,1.904900e-04,1.621953e-04,1.329541e-04,9.997472e-05,6.335385e-05,2.677421e-05,-4.746470e-06,-2.576582e-05,-3.408133e-05,-3.004688e-05,-1.610226e-05,3.697431e-06,2.812676e-05,5.861902e-05,9.392360e-05,1.303509e-04,1.666196e-04
-2.495169e-04,9.920874e-06,2.772009e-07,6.581692e-05,2.891063e-05,-8.277147e-06,-3.526638e-05,-5.066681e-05,-3.092605e-05,5.263896e-05,7.309494e-05,-3.850367e-05,-1.792490e-04,-3.164848e-04,-3.596291e-04,-2.880673e-04,-1.489198e-04,2.166461e-05,1.671448e-04,3.062411e-04,4.478350e-04,1.086901e-03,1.237514e-03,1.388121e-03,1.538756e-03,1.689314e-03,1.837792e-03,1.981773e-03,2.106726e-03,2.197839e-03,2.203467e-03,2.164816e-03,2.096033e-03,2.010629e-03,1.914129e-03,1.812815e-03,1.712688e-03,1.613245e-03,1.513664e-03,-1.345402e-04,-1.125192e-04,-9.051478e-05,-6.760337e-05,-4.241949e-05,-1.497083e-05,1.381173e-05,4.067482e-05,6.298287e-05,8.288138e-05,1.062178e-04,1.334095e-04,1.638923e-04,1.971155e-04,2.333112e-04,2.707481e-04,3.081518e-04,3.454391e-04,-2.143370e-03,-2.043186e-03,-1.942856e-03,-1.842140e-03,-1.744713e-03,-1.651632e-03,-1.567101e-03,-1.489899e-03,-1.419360e-03,-1.351708e-03,-1.290676e-03,-1.239152e-03,-1.196173e-03,-1.158133e-03,-1.123649e-03,-1.093720e-03,-1.066563e-03,-1.039166e-03,2.190457e-04,1.910413e-04,1.630926e-04,1.342103e-04,1.018653e-04,6.617533e-05,3.065593e-05,1.500740e-07,-2.003530e-05,-2.788366e-05,-2.396093e-05,-1.062289e-05,8.186573e-06,3.134662e-05,6.037483e-05,9.414017e-05,1.289675e-04,1.636412e-04
-2.481495e-04,1.004559e-05,9.063366e-07,3.458684e-05,6.812336e-06,-2.072177e-05,-4.268992e-05,-4.340200e-05,-1.452372e-05,5.511035e-05,6.034216e-05,-7.010300e-05,-2.401335e-04,-4.064227e-04,-4.536452e-04,-3.443174e-04,-1.390609e-04,1.054959e-04,3.072290e-04,4.895533e-04,6.750881e-04,8.989696e-04,1.067738e-03,1.236494e-03,1.405302e-03,1.573938e-03,1.742160e-03,1.909630e-03,2.068465e-03,2.203467e-03,2.295385e-03,2.297672e-03,2.257167e-03,2.186949e-03,2.098303e-03,2.000632e-03,1.903475e-03,1.807156e-03,1.710693e-03,-9.946656e-05,-8.208658e-05,-6.473802e-05,-4.664839e-05,-2.760835e-05,-7.611312e-06,1.354820e-05,3.411637e-05,5.285344e-05,7.339552e-05,1.029445e-04,1.418211e-04,1.894586e-04,2.447091e-04,3.070119e-04,3.729637e-04,4.400367e-04,5.069258e-04,-2.145984e-03,-2.045672e-03,-1.945223e-03,-1.844308e-03,-1.746313e-03,-1.652138e-03,-1.565827e-03,-1.486239e-03,-1.412894e-03,-1.342194e-03,-1.278004e-03,-1.223399e-03,-1.177520e-03,-1.136717e-03,-1.099599e-03,-1.067246e-03,-1.037768e-03,-1.008038e-03,2.154257e-04,1.880685e-04,1.607692e-04,1.325473e-04,1.010736e-04,6.649528e-05,3.218048e-05,2.796103e-06,-1.649875e-05,-2.386900e-05,-2.003395e-05,-7.271703e-06,1.056733e-05,3.244862e-05,5.995527e-05,9.208943e-05,1.252035e-04,1.581703e-04
-2.466341e-04,9.738091e-06,1.482246e-06,7.349792e-06,-1.229017e-05,-3.139073e-05,-4.786407e-05,-3.612519e-05,-1.283138e-06,5.365647e-05,4.624193e-05,-9.625059e-05,-2.884800e-04,-4.770685e-04,-5.265448e-04,-3.791827e-04,-1.066100e-04,2.146190e-04,4.738980e-04,6.966014e-04,9.233732e-04,8.069244e-04,9.771629e-04,1.147387e-03,1.317672e-03,1.487747e-03,1.658486e-03,1.831685e-03,2.002989e-03,2.164816e-03,2.297672e-03,2.387231e-03,2.392804e-03,2.359911e-03,2.297616e-03,2.221334e-03,2.144191e-03,2.068103e-03,1.991859e-03,-6.395066e-05,-5.511171e-05,-4.631364e-05,-3.689567e-05,-2.735672e-05,-1.749758e-05,-5.958131e-06,7.049337e-06,2.171143e-05,4.316332e-05,7.967818e-05,1.317306e-04,1.989390e-04,2.796831e-04,3.725856e-04,4.722755e-04,5.746198e-04,6.766981e-04,-2.144345e-03,-2.044606e-03,-1.944737e-03,-1.844337e-03,-1.746535e-03,-1.652041e-03,-1.564690e-03,-1.483335e-03,-1.407612e-03,-1.334037e-03,-1.266564e-03,-1.208445e-03,-1.159009e-03,-1.114623e-03,-1.073926e-03,-1.038141e-03,-1.005335e-03,-9.722637e-04,2.084104e-04,1.818234e-04,1.552958e-04,1.278619e-04,9.734689e-05,6.393899e-05,3.088382e-05,2.685367e-06,-1.564225e-05,-2.242768e-05,-1.850502e-05,-6.118332e-06,1.092891e-05,3.164838e-05,5.767263e-05,8.815814e-05,1.195087e-04,1.507206e-04
