9.075445e-08,-2.988611e-09,7.238919e-11,-5.617432e-09,-3.541753e-09,-1.455953e-09,-2.372140e-11,9.204952e-10,1.618724e-09,1.813062e-09,2.866801e-09,5.111595e-09,6.276193e-09,5.056688e-09,1.528499e-09,-8.426794e-11,1.484858e-09,3.623529e-09,8.570593e-09,1.378840e-08,1.895889e-08,-5.687969e-07,-5.697940e-07,-5.707918e-07,-5.717874e-07,-5.727932e-07,-5.737606e-07,-5.743847e-07,-5.745949e-07,-5.741956e-07,-5.729146e-07,-5.708624e-07,-5.681747e-07,-5.648234e-07,-5.610009e-07,-5.569127e-07,-5.529417e-07,-5.489904e-07,-5.450338e-07,1.890473e-08,2.031168e-08,2.171862e-08,2.306567e-08,2.430335e-08,2.534151e-08,2.626128e-08,2.694490e-08,2.731731e-08,2.743235e-08,2.730527e-08,2.683884e-08,2.602188e-08,2.494200e-08,2.357388e-08,2.203056e-08,2.048190e-08,1.893192e-08,7.873723e-07,7.609132e-07,7.344675e-07,7.078517e-07,6.812333e-07,6.549652e-07,6.288406e-07,6.032535e-07,5.784232e-07,5.539786e-07,5.303000e-07,5.072646e-07,4.842935e-07,4.613422e-07,4.385795e-07,4.163655e-07,3.943823e-07,3.723740e-07,-6.620146e-08,-6.041617e-08,-5.463641e-08,-4.878837e-08,-4.272886e-08,-3.623328e-08,-2.941059e-08,-2.243383e-08,-1.574822e-08,-9.832480e-09,-5.226377e-09,-2.115827e-09,-1.779610e-10,6.310230e-10,4.768591e-10,-2.168350e-10,-9.942693e-10,-1.762458e-09
-2.988611e-09,8.391446e-08,6.919095e-10,-2.728714e-09,-3.184855e-09,-3.481248e-09,-2.514873e-09,-3.859873e-09,-6.446738e-09,-1.005510e-08,-1.136118e-08,-1.157334e-08,-9.528120e-09,-7.281322e-09,-4.803391e-09,-3.910180e-09,-5.439499e-09,-7.078980e-09,-8.936324e-09,-1.233368e-08,-1.581570e-08,5.345958e-08,5.013611e-08,4.681200e-08,4.349158e-08,4.015880e-08,3.686770e-08,3.381201e-08,3.098091e-08,2.832313e-08,2.582435e-08,2.346278e-08,2.104915e-08,1.846382e-08,1.569589e-08,1.270833e-08,9.569814e-09,6.421216e-09,3.276383e-09,-5.396807e-07,-5.373699e-07,-5.350625e-07,-5.325632e-07,-5.299538e-07,-5.274312e-07,-5.249906e-07,-5.228565e-07,-5.212480e-07,-5.203609e-07,-5.201287e-07,-5.201197e-07,-5.200225e-07,-5.198059e-07,-5.194196e-07,-5.188466e-07,-5.181131e-07,-5.173739e-07,-6.426794e-08,-5.873572e-08,-5.320814e-08,-4.762070e-08,-4.185058e-08,-3.570684e-08,-2.924995e-08,-2.259360e-08,-1.613459e-08,-1.031761e-08,-5.638427e-09,-2.275974e-09,5.248802e-11,1.362980e-09,1.784830e-09,1.678687e-09,1.478209e-09,1.287302e-09,5.640146e-07,5.646418e-07,5.653093e-07,5.654559e-07,5.648832e-07,5.633022e-07,5.598469e-07,5.543461e-07,5.465741e-07,5.364675e-07,5.245469e-07,5.108291e-07,4.954877e-07,4.794688e-07,4.630172e-07,4.460951e-07,4.289259e-07,4.117739e-07
7.238919e-11,6.919095e-10,1.813360e-08,-1.445635e-07,-1.488086e-07,-1.532961e-07,-1.549160e-07,-1.548790e-07,-1.554185e-07,-1.531531e-07,-1.509340e-07,-1.490824e-07,-1.454335e-07,-1.441727e-07,-1.429459e-07,-1.376272e-07,-1.308519e-07,-1.233986e-07,-1.164342e-07,-1.092462e-07,-1.020071e-07,-1.746743e-08,-1.439532e-08,-1.132306e-08,-8.250250e-09,-5.171984e-09,-2.111352e-09,6.944316e-10,2.984452e-09,4.712443e-09,6.053137e-09,7.178508e-09,8.025414e-09,8.591225e-09,8.962236e-09,9.227912e-09,9.545865e-09,9.874640e-09,1.020050e-08,-7.667119e-09,-8.827350e-09,-9.999384e-09,-1.095509e-08,-1.142434e-08,-1.124405e-08,-1.058192e-08,-9.583632e-09,-8.264249e-09,-6.517456e-09,-4.392322e-09,-2.068098e-09,3.626518e-10,2.828768e-09,5.317633e-09,7.810259e-09,1.026819e-08,1.272435e-08,-7.897469e-09,-8.208572e-09,-8.520632e-09,-8.807110e-09,-9.014720e-09,-9.082165e-09,-8.737451e-09,-7.623879e-09,-5.590964e-09,-2.778606e-09,7.176320e-10,5.068200e-09,1.040573e-08,1.654636e-08,2.307286e-08,2.966988e-08,3.624973e-08,4.283141e-08,-3.803725e-09,-1.702258e-09,4.154386e-10,2.356883e-09,3.777424e-09,4.599243e-09,5.019531e-09,5.280659e-09,5.428843e-09,5.482629e-09,5.525663e-09,5.823571e-09,6.523227e-09,7.761307e-09,9.543136e-09,1.165355e-08,1.385628e-08,1.605039e-08
-5.617432e-09,-2.728714e-09,-1.445635e-07,6.869891e-06,4.586405e-06,2.700717e-06,1.436405e-06,8.316804e-07,7.018517e-07,7.672807e-07,8.927204e-07,1.022188e-06,1.092858e-06,1.120508e-06,1.107567e-06,1.050456e-06,9.981834e-07,9.817009e-07,1.009563e-06,1.052994e-06,1.094698e-06,1.213421e-06,1.099288e-06,9.851589e-07,8.709592e-07,7.563872e-07,6.414504e-07,5.275159e-07,4.155066e-07,3.092202e-07,2.115453e-07,1.251347e-07,5.046069e-08,-1.517855e-08,-7.561811e-08,-1.340191e-07,-1.933242e-07,-2.529693e-07,-3.125568e-07,-2.637473e-06,-2.260194e-06,-1.881977e-06,-1.515802e-06,-1.183389e-06,-8.912045e-07,-6.382722e-07,-4.255884e-07,-2.501741e-07,-1.093926e-07,5.855361e-10,8.646779e-08,1.558991e-07,2.157625e-07,2.698397e-07,3.203407e-07,3.696366e-07,4.190445e-07,-2.539397e-08,-1.557240e-08,-5.748756e-09,3.546614e-09,1.160688e-08,1.783957e-08,2.040118e-08,1.685040e-08,5.652477e-09,-1.258773e-08,-3.758918e-08,-7.060070e-08,-1.121859e-07,-1.603706e-07,-2.115468e-07,-2.630546e-07,-3.142983e-07,-3.655581e-07,1.159011e-07,7.933306e-08,4.251312e-08,8.087411e-09,-1.890423e-08,-3.752615e-08,-4.931579e-08,-5.589573e-08,-5.804989e-08,-5.639694e-08,-5.197602e-08,-4.744293e-08,-4.467220e-08,-4.527350e-08,-4.960487e-08,-5.610344e-08,-6.312943e-08,-7.009798e-08
-3.541753e-09,-3.184855e-09,-1.488086e-07,4.586405e-06,3.559904e-06,2.441042e-06,1.615817e-06,1.157730e-06,1.006103e-06,9.883689e-07,1.035152e-06,1.106145e-06,1.143036e-06,1.160245e-06,1.150022e-06,1.095884e-06,1.037350e-06,9.984668e-07,9.899644e-07,9.912313e-07,9.911914e-07,9.736379e-07,8.753598e-07,7.770843e-07,6.787524e-07,5.801236e-07,4.812041e-07,3.843203e-07,2.917801e-07,2.064069e-07,1.293017e-07,6.142188e-08,2.891536e-09,-4.832756e-08,-9.523388e-08,-1.403007e-07,-1.860823e-07,-2.321253e-07,-2.781207e-07,-1.697557e-06,-1.438443e-06,-1.178569e-06,-9.283129e-07,-7.051042e-07,-5.140118e-07,-3.528049e-07,-2.205545e-07,-1.147336e-07,-3.348870e-08,2.622895e-08,6.944275e-08,1.015066e-07,1.271897e-07,1.489888e-07,1.684140e-07,1.871359e-07,2.059374e-07,5.704747e-09,1.385188e-08,2.200269e-08,2.971099e-08,3.633871e-08,4.132228e-08,4.255652e-08,3.725538e-08,2.394967e-08,3.488443e-09,-2.361435e-08,-5.862724e-08,-1.022743e-07,-1.526801e-07,-2.062192e-07,-2.601847e-07,-3.139218e-07,-3.676754e-07,9.670242e-08,6.501262e-08,3.309358e-08,3.392360e-09,-1.944071e-08,-3.453551e-08,-4.364234e-08,-4.871441e-08,-5.047461e-08,-4.944951e-08,-4.661346e-08,-4.450364e-08,-4.478431e-08,-4.890479e-08,-5.710334e-08,-6.770595e-08,-7.892905e-08,-9.008878e-08
-1.455953e-09,-3.481248e-09,-1.532961e-07,2.700717e-06,2.441042e-06,2.217091e-06,1.793787e-06,1.490112e-06,1.312855e-06,1.211804e-06,1.179445e-06,1.191974e-06,1.195120e-06,1.201985e-06,1.194576e-06,1.143397e-06,1.078418e-06,1.016713e-06,9.712299e-07,9.296304e-07,8.871485e-07,7.308848e-07,6.487234e-07,5.665640e-07,4.843622e-07,4.019392e-07,3.192994e-07,2.397267e-07,1.669133e-07,1.026926e-07,4.636817e-08,-2.807847e-09,-4.505551e-08,-8.173637e-08,-1.150011e-07,-1.466269e-07,-1.787763e-07,-2.111078e-07,-2.434015e-07,-7.457947e-07,-6.063962e-07,-4.664259e-07,-3.336340e-07,-2.210984e-07,-1.324567e-07,-6.421532e-08,-1.350556e-08,2.174505e-08,4.260119e-08,5.132481e-08,5.123522e-08,4.536779e-08,3.635125e-08,2.537977e-08,1.325406e-08,9.344606e-10,-1.133815e-08,3.591306e-08,4.253009e-08,4.915236e-08,5.541263e-08,6.073810e-08,6.459160e-08,6.460099e-08,5.762970e-08,4.227359e-08,1.962887e-08,-9.554780e-09,-4.656664e-08,-9.229241e-08,-1.449528e-07,-2.008986e-07,-2.573702e-07,-3.136498e-07,-3.699461e-07,7.690784e-08,5.033993e-08,2.356593e-08,-1.173520e-09,-1.962593e-08,-3.099317e-08,-3.724531e-08,-4.067197e-08,-4.193491e-08,-4.146678e-08,-4.017411e-08,-4.047362e-08,-4.381506e-08,-5.148229e-08,-6.358975e-08,-7.834700e-08,-9.382085e-08,-1.092252e-07
-2.372140e-11,-2.514873e-09,-1.549160e-07,1.436405e-06,1.615817e-06,1.793787e-06,1.934346e-06,1.764498e-06,1.585694e-06,1.407680e-06,1.300362e-06,1.254924e-06,1.224172e-06,1.219730e-06,1.214044e-06,1.165930e-06,1.096562e-06,1.017111e-06,9.421652e-07,8.662457e-07,7.897982e-07,5.324556e-07,4.627648e-07,3.930757e-07,3.233536e-07,2.534825e-07,1.834688e-07,1.175910e-07,6.095143e-08,1.459383e-08,-2.385297e-08,-5.672465e-08,-8.464643e-08,-1.084775e-07,-1.296701e-07,-1.494106e-07,-1.695151e-07,-1.897350e-07,-2.099256e-07,2.908481e-08,7.030386e-08,1.119332e-07,1.481609e-07,1.696031e-07,1.737031e-07,1.651528e-07,1.486279e-07,1.258129e-07,9.708735e-08,6.404078e-08,2.858058e-08,-8.198891e-09,-4.545275e-08,-8.306681e-08,-1.208260e-07,-1.583600e-07,-1.958741e-07,5.193580e-08,5.812035e-08,6.431087e-08,7.018618e-08,7.521919e-08,7.889745e-08,7.862720e-08,7.098039e-08,5.461914e-08,3.085696e-08,6.523722e-10,-3.726456e-08,-8.387888e-08,-1.375038e-07,-1.945137e-07,-2.521344e-07,-3.095980e-07,-3.670780e-07,6.179870e-08,4.042938e-08,1.887607e-08,-8.128397e-10,-1.479455e-08,-2.233790e-08,-2.561210e-08,-2.719027e-08,-2.767254e-08,-2.739850e-08,-2.719023e-08,-2.932614e-08,-3.504679e-08,-4.545942e-08,-6.056399e-08,-7.849376e-08,-9.721326e-08,-1.158588e-07
9.204952e-10,-3.859873e-09,-1.548790e-07,8.316804e-07,1.157730e-06,1.490112e-06,1.764498e-06,1.949918e-06,1.794238e-06,1.587511e-06,1.415916e-06,1.313109e-06,1.243401e-06,1.223037e-06,1.215161e-06,1.169192e-06,1.099940e-06,1.014854e-06,9.287516e-07,8.393189e-07,7.495379e-07,3.965346e-07,3.340220e-07,2.715111e-07,2.089735e-07,1.463504e-07,8.364774e-08,2.611433e-08,-1.977230e-08,-5.327072e-08,-7.813280e-08,-9.800005e-08,-1.139286e-07,-1.266360e-07,-1.371963e-07,-1.464546e-07,-1.560086e-07,-1.656437e-07,-1.752542e-07,4.212145e-07,4.086991e-07,3.964641e-07,3.802413e-07,3.536224e-07,3.143213e-07,2.675324e-07,2.189942e-07,1.698225e-07,1.196103e-07,6.926594e-08,1.990205e-08,-2.850321e-08,-7.608093e-08,-1.232585e-07,-1.700978e-07,-2.165108e-07,-2.629171e-07,6.193084e-08,6.778813e-08,7.365173e-08,7.923880e-08,8.406094e-08,8.763575e-08,8.720764e-08,7.912805e-08,6.209780e-08,3.761437e-08,6.808760e-09,-3.155598e-08,-7.850967e-08,-1.324307e-07,-1.897368e-07,-2.476766e-07,-3.054749e-07,-3.632896e-07,3.959476e-08,2.154850e-08,3.336533e-09,-1.315041e-08,-2.443157e-08,-2.974147e-08,-3.130514e-08,-3.184306e-08,-3.186164e-08,-3.159409e-08,-3.179421e-08,-3.466529e-08,-4.132998e-08,-5.281790e-08,-6.908087e-08,-8.822775e-08,-1.081905e-07,-1.280780e-07
1.618724e-09,-6.446738e-09,-1.554185e-07,7.018517e-07,1.006103e-06,1.312855e-06,1.585694e-06,1.794238e-06,1.950218e-06,1.766007e-06,1.573383e-06,1.407743e-06,1.284185e-06,1.234572e-06,1.216927e-06,1.173223e-06,1.113902e-06,1.041387e-06,9.662492e-07,8.862540e-07,8.060327e-07,8.374881e-08,4.797997e-08,1.221244e-08,-2.357479e-08,-5.940411e-08,-9.524452e-08,-1.255460e-07,-1.433995e-07,-1.484144e-07,-1.455631e-07,-1.396416e-07,-1.317567e-07,-1.222480e-07,-1.116316e-07,-1.002618e-07,-8.926143e-08,-7.831311e-08,-6.734503e-08,4.989447e-07,4.680951e-07,4.374237e-07,4.039225e-07,3.635748e-07,3.143106e-07,2.610902e-07,2.097054e-07,1.605355e-07,1.123134e-07,6.533269e-08,2.057356e-08,-2.241756e-08,-6.407748e-08,-1.049971e-07,-1.453489e-07,-1.851497e-07,-2.249513e-07,7.151213e-08,7.654562e-08,8.158594e-08,8.638173e-08,9.047624e-08,9.340097e-08,9.232606e-08,8.351728e-08,6.571930e-08,4.060922e-08,9.473820e-09,-2.895231e-08,-7.577707e-08,-1.294537e-07,-1.864529e-07,-2.440838e-07,-3.015847e-07,-3.591016e-07,1.350100e-08,-2.513162e-09,-1.867967e-08,-3.321931e-08,-4.292411e-08,-4.699918e-08,-4.762836e-08,-4.754485e-08,-4.714606e-08,-4.654624e-08,-4.645706e-08,-4.910295e-08,-5.557559e-08,-6.691557e-08,-8.307462e-08,-1.021528e-07,-1.220634e-07,-1.418979e-07
1.813062e-09,-1.005510e-08,-1.531531e-07,7.672807e-07,9.883689e-07,1.211804e-06,1.407680e-06,1.587511e-06,1.766007e-06,1.895195e-06,1.715384e-06,1.516751e-06,1.330328e-06,1.238627e-06,1.199897e-06,1.153443e-06,1.104983e-06,1.050826e-06,9.947855e-07,9.330677e-07,8.712048e-07,-2.697490e-07,-2.724417e-07,-2.751340e-07,-2.778386e-07,-2.805698e-07,-2.832292e-07,-2.804093e-07,-2.655155e-07,-2.384158e-07,-2.052234e-07,-1.717941e-07,-1.389556e-07,-1.064469e-07,-7.415545e-08,-4.185612e-08,-1.006212e-08,2.170356e-08,5.348407e-08,4.451439e-07,4.153604e-07,3.856910e-07,3.539422e-07,3.175880e-07,2.747267e-07,2.297720e-07,1.879006e-07,1.488988e-07,1.107984e-07,7.350035e-08,3.836548e-08,4.949265e-09,-2.709540e-08,-5.833572e-08,-8.895282e-08,-1.189588e-07,-1.489694e-07,7.659887e-08,8.056060e-08,8.452965e-08,8.827621e-08,9.136847e-08,9.333675e-08,9.138332e-08,8.185991e-08,6.357229e-08,3.836776e-08,7.674819e-09,-2.981181e-08,-7.528582e-08,-1.273098e-07,-1.824875e-07,-2.382651e-07,-2.939230e-07,-3.495964e-07,-1.608749e-08,-3.100528e-08,-4.606577e-08,-5.957292e-08,-6.852635e-08,-7.212193e-08,-7.242173e-08,-7.203278e-08,-7.125499e-08,-7.009234e-08,-6.923512e-08,-7.095231e-08,-7.633989e-08,-8.648462e-08,-1.013632e-07,-1.191156e-07,-1.376912e-07,-1.561919e-07
2.866801e-09,-1.136118e-08,-1.509340e-07,8.927204e-07,1.035152e-06,1.179445e-06,1.300362e-06,1.415916e-06,1.573383e-06,1.715384e-06,1.827343e-06,1.627810e-06,1.410492e-06,1.268249e-06,1.195532e-06,1.131819e-06,1.080276e-06,1.032139e-06,9.859247e-07,9.348537e-07,8.835840e-07,-4.028689e-07,-3.907660e-07,-3.786635e-07,-3.665686e-07,-3.545015e-07,-3.423092e-07,-3.253748e-07,-2.981571e-07,-2.603288e-07,-2.184246e-07,-1.787399e-07,-1.413697e-07,-1.054169e-07,-7.047976e-08,-3.600670e-08,-2.173869e-09,3.162534e-08,6.543911e-08,3.454992e-07,3.288782e-07,3.123488e-07,2.940244e-07,2.719351e-07,2.440949e-07,2.136664e-07,1.843829e-07,1.557475e-07,1.255449e-07,9.368409e-08,6.242823e-08,3.184681e-08,2.045345e-09,-2.735398e-08,-5.637917e-08,-8.486882e-08,-1.133577e-07,8.828743e-08,9.081531e-08,9.335098e-08,9.567106e-08,9.735811e-08,9.794162e-08,9.475895e-08,8.436773e-08,6.556709e-08,4.027089e-08,9.972054e-09,-2.671852e-08,-7.108380e-08,-1.217577e-07,-1.754457e-07,-2.296876e-07,-2.838050e-07,-3.379380e-07,-2.392435e-08,-3.930664e-08,-5.482688e-08,-6.883547e-08,-7.843818e-08,-8.281987e-08,-8.384124e-08,-8.387353e-08,-8.318194e-08,-8.172919e-08,-8.021858e-08,-8.101345e-08,-8.526603e-08,-9.412235e-08,-1.075909e-07,-1.238606e-07,-1.409303e-07,-1.579269e-07
5.111595e-09,-1.157334e-08,-1.490824e-07,1.022188e-06,1.106145e-06,1.191974e-06,1.254924e-06,1.313109e-06,1.407743e-06,1.516751e-06,1.627810e-06,1.715847e-06,1.501042e-06,1.336820e-06,1.220898e-06,1.124415e-06,1.048582e-06,9.843198e-07,9.287435e-07,8.712678e-07,8.133670e-07,-2.554552e-07,-2.529806e-07,-2.505070e-07,-2.480388e-07,-2.456050e-07,-2.430244e-07,-2.369962e-07,-2.236621e-07,-2.029551e-07,-1.806287e-07,-1.621207e-07,-1.461241e-07,-1.310767e-07,-1.167455e-07,-1.027657e-07,-8.950311e-08,-7.631859e-08,-6.311328e-08,2.329017e-07,2.326365e-07,2.324608e-07,2.305487e-07,2.249760e-07,2.138250e-07,1.989152e-07,1.823013e-07,1.630850e-07,1.387809e-07,1.092149e-07,7.765506e-08,4.490629e-08,1.163730e-08,-2.216432e-08,-5.619407e-08,-8.993834e-08,-1.236657e-07,1.125414e-07,1.129201e-07,1.133073e-07,1.134750e-07,1.130067e-07,1.114301e-07,1.062990e-07,9.447299e-08,7.482268e-08,4.917488e-08,1.892556e-08,-1.746882e-08,-6.139741e-08,-1.115214e-07,-1.645770e-07,-2.181176e-07,-2.715062e-07,-3.249114e-07,-1.841299e-08,-3.519372e-08,-5.211017e-08,-6.754039e-08,-7.864393e-08,-8.463882e-08,-8.717733e-08,-8.837137e-08,-8.844171e-08,-8.730510e-08,-8.565155e-08,-8.593765e-08,-8.939689e-08,-9.724559e-08,-1.095384e-07,-1.245182e-07,-1.402509e-07,-1.559134e-07
6.276193e-09,-9.528120e-09,-1.454335e-07,1.092858e-06,1.143036e-06,1.195120e-06,1.224172e-06,1.243401e-06,1.284185e-06,1.330328e-06,1.410492e-06,1.501042e-06,1.575089e-06,1.417025e-06,1.285186e-06,1.144778e-06,1.023293e-06,9.132372e-07,8.181007e-07,7.246062e-07,6.304242e-07,-9.220330e-09,-2.875556e-08,-4.829193e-08,-6.783304e-08,-8.741467e-08,-1.068486e-07,-1.239815e-07,-1.363744e-07,-1.442629e-07,-1.519930e-07,-1.635689e-07,-1.763327e-07,-1.880349e-07,-1.988628e-07,-2.092571e-07,-2.203201e-07,-2.315232e-07,-2.426957e-07,1.452935e-07,1.529505e-07,1.607011e-07,1.667003e-07,1.688944e-07,1.655208e-07,1.574644e-07,1.455670e-07,1.287558e-07,1.045641e-07,7.276552e-08,3.716948e-08,-1.164846e-09,-4.141799e-08,-8.317794e-08,-1.258009e-07,-1.684397e-07,-2.110429e-07,1.241117e-07,1.232618e-07,1.224207e-07,1.213595e-07,1.196662e-07,1.168781e-07,1.107716e-07,9.849415e-08,7.899711e-08,5.389152e-08,2.436959e-08,-1.121914e-08,-5.434514e-08,-1.036870e-07,-1.559582e-07,-2.086653e-07,-2.611910e-07,-3.137344e-07,1.633064e-09,-1.607477e-08,-3.391461e-08,-5.031503e-08,-6.250703e-08,-6.977249e-08,-7.361356e-08,-7.593342e-08,-7.694077e-08,-7.655568e-08,-7.542890e-08,-7.600555e-08,-7.951589e-08,-8.716268e-08,-9.903731e-08,-1.134474e-07,-1.285494e-07,-1.435853e-07
5.056688e-09,-7.281322e-09,-1.441727e-07,1.120508e-06,1.160245e-06,1.201985e-06,1.219730e-06,1.223037e-06,1.234572e-06,1.238627e-06,1.268249e-06,1.336820e-06,1.417025e-06,1.547294e-06,1.420084e-06,1.254137e-06,1.065358e-06,8.760860e-07,7.020056e-07,5.323842e-07,3.618132e-07,2.077996e-07,1.623167e-07,1.168327e-07,7.134346e-08,2.581054e-08,-1.958197e-08,-6.320156e-08,-1.032684e-07,-1.398083e-07,-1.752769e-07,-2.119381e-07,-2.463299e-07,-2.756825e-07,-3.008275e-07,-3.238686e-07,-3.473289e-07,-3.709885e-07,-3.946065e-07,1.194566e-07,1.211411e-07,1.229256e-07,1.228841e-07,1.187810e-07,1.089433e-07,9.393804e-08,7.414086e-08,4.880203e-08,1.600788e-08,-2.417389e-08,-6.816054e-08,-1.153959e-07,-1.654690e-07,-2.175144e-07,-2.707385e-07,-3.241903e-07,-3.775940e-07,1.118020e-07,1.115047e-07,1.112158e-07,1.107087e-07,1.095713e-07,1.073455e-07,1.019159e-07,9.055278e-08,7.218453e-08,4.814772e-08,1.938525e-08,-1.580637e-08,-5.896278e-08,-1.087305e-07,-1.616213e-07,-2.149549e-07,-2.680846e-07,-3.212329e-07,2.102056e-08,2.875005e-09,-1.540115e-08,-3.225917e-08,-4.495048e-08,-5.280094e-08,-5.727343e-08,-6.019662e-08,-6.183357e-08,-6.218132e-08,-6.190222e-08,-6.336905e-08,-6.772813e-08,-7.611676e-08,-8.865389e-08,-1.036479e-07,-1.192953e-07,-1.348790e-07
1.528499e-09,-4.803391e-09,-1.429459e-07,1.107567e-06,1.150022e-06,1.194576e-06,1.214044e-06,1.215161e-06,1.216927e-06,1.199897e-06,1.195532e-06,1.220898e-06,1.285186e-06,1.420084e-06,1.573911e-06,1.408018e-06,1.191526e-06,9.314488e-07,6.787572e-07,4.280331e-07,1.766792e-07,2.873239e-07,2.315951e-07,1.758652e-07,1.201293e-07,6.434817e-08,8.699295e-09,-4.522529e-08,-9.572192e-08,-1.423677e-07,-1.860020e-07,-2.273272e-07,-2.625001e-07,-2.881331e-07,-3.054247e-07,-3.186540e-07,-3.318533e-07,-3.452445e-07,-3.585921e-07,1.277094e-07,1.209705e-07,1.143385e-07,1.057904e-07,9.292701e-08,7.398110e-08,4.941855e-08,1.948891e-08,-1.623618e-08,-5.917890e-08,-1.090131e-07,-1.624999e-07,-2.190080e-07,-2.778860e-07,-3.376935e-07,-3.980425e-07,-4.584595e-07,-5.188417e-07,7.661044e-08,7.830801e-08,8.001297e-08,8.150695e-08,8.237900e-08,8.216985e-08,7.879639e-08,6.954224e-08,5.325695e-08,3.103173e-08,3.552204e-09,-3.093691e-08,-7.402289e-08,-1.243046e-07,-1.780005e-07,-2.322285e-07,-2.862666e-07,-3.403232e-07,4.037630e-08,2.212856e-08,3.751588e-09,-1.322771e-08,-2.608013e-08,-3.415121e-08,-3.890940e-08,-4.216576e-08,-4.423552e-08,-4.518264e-08,-4.567858e-08,-4.803199e-08,-5.337323e-08,-6.282391e-08,-7.653962e-08,-9.276707e-08,-1.096664e-07,-1.265011e-07
-8.426794e-11,-3.910180e-09,-1.376272e-07,1.050456e-06,1.095884e-06,1.143397e-06,1.165930e-06,1.169192e-06,1.173223e-06,1.153443e-06,1.131819e-06,1.124415e-06,1.144778e-06,1.254137e-06,1.408018e-06,1.547423e-06,1.379928e-06,1.144340e-06,8.721091e-07,5.934945e-07,3.144872e-07,1.088821e-07,7.590255e-08,4.292209e-08,9.935246e-09,-2.309606e-08,-5.599916e-08,-8.677030e-08,-1.132627e-07,-1.342227e-07,-1.489036e-07,-1.564678e-07,-1.530798e-07,-1.357179e-07,-1.059759e-07,-7.028585e-08,-3.377805e-08,2.699784e-09,3.920025e-08,1.475897e-07,1.358904e-07,1.242990e-07,1.107923e-07,9.297547e-08,6.894203e-08,3.934704e-08,4.704798e-09,-3.486718e-08,-8.008184e-08,-1.301958e-07,-1.820925e-07,-2.342450e-07,-2.848769e-07,-3.322593e-07,-3.775765e-07,-4.220219e-07,-4.665020e-07,5.584914e-08,5.902513e-08,6.220770e-08,6.519026e-08,6.758162e-08,6.893999e-08,6.718849e-08,5.962032e-08,4.498679e-08,2.410611e-08,-2.592573e-09,-3.684209e-08,-8.012753e-08,-1.310125e-07,-1.855247e-07,-2.407265e-07,-2.958114e-07,-3.509133e-07,4.196176e-08,2.470117e-08,7.315717e-09,-8.720926e-09,-2.076866e-08,-2.817312e-08,-3.239771e-08,-3.523780e-08,-3.707842e-08,-3.807124e-08,-3.891108e-08,-4.181987e-08,-4.800228e-08,-5.866328e-08,-7.398674e-08,-9.208963e-08,-1.109805e-07,-1.298006e-07
1.484858e-09,-5.439499e-09,-1.308519e-07,9.981834e-07,1.037350e-06,1.078418e-06,1.096562e-06,1.099940e-06,1.113902e-06,1.104983e-06,1.080276e-06,1.048582e-06,1.023293e-06,1.065358e-06,1.191526e-06,1.379928e-06,1.612636e-06,1.535285e-06,1.396180e-06,1.218628e-06,1.045033e-06,-3.343460e-07,-3.114041e-07,-2.884631e-07,-2.655273e-07,-2.426332e-07,-2.196040e-07,-1.935289e-07,-1.612707e-07,-1.202065e-07,-6.764697e-08,-9.116789e-10,8.399850e-08,1.887735e-07,3.100763e-07,4.394305e-07,5.708673e-07,7.026170e-07,8.343422e-07,1.462835e-07,1.386823e-07,1.311783e-07,1.219186e-07,1.087700e-07,8.987119e-08,6.669791e-08,4.072962e-08,1.328916e-08,-1.495589e-08,-4.227088e-08,-6.531826e-08,-8.103129e-08,-8.648117e-08,-8.076949e-08,-6.798554e-08,-5.247386e-08,-3.713287e-08,6.312991e-08,6.650776e-08,6.989187e-08,7.308839e-08,7.574115e-08,7.744304e-08,7.606407e-08,6.886965e-08,5.447067e-08,3.336483e-08,5.724212e-09,-3.013849e-08,-7.549936e-08,-1.287451e-07,-1.858064e-07,-2.437911e-07,-3.017891e-07,-3.598024e-07,1.893493e-08,3.837433e-09,-1.137945e-08,-2.530071e-08,-3.539992e-08,-4.100934e-08,-4.362662e-08,-4.509254e-08,-4.593411e-08,-4.646673e-08,-4.748087e-08,-5.111648e-08,-5.875224e-08,-7.172464e-08,-9.016924e-08,-1.119678e-07,-1.347966e-07,-1.575410e-07
3.623529e-09,-7.078980e-09,-1.233986e-07,9.817009e-07,9.984668e-07,1.016713e-06,1.017111e-06,1.014854e-06,1.041387e-06,1.050826e-06,1.032139e-06,9.843198e-07,9.132372e-07,8.760860e-07,9.314488e-07,1.144340e-06,1.535285e-06,2.001916e-06,2.176295e-06,2.319806e-06,2.460365e-06,-8.528255e-07,-7.627787e-07,-6.727331e-07,-5.826894e-07,-4.926811e-07,-4.025213e-07,-3.081928e-07,-2.053483e-07,-8.979320e-08,4.312228e-08,1.978940e-07,3.787811e-07,5.861101e-07,8.143890e-07,1.053614e-06,1.296877e-06,1.540904e-06,1.784847e-06,7.412564e-08,8.139780e-08,8.873811e-08,9.473888e-08,9.788328e-08,9.689955e-08,9.492599e-08,9.524614e-08,1.012201e-07,1.157299e-07,1.422695e-07,1.847078e-07,2.478720e-07,3.354711e-07,4.454415e-07,5.694529e-07,6.987432e-07,8.276729e-07,7.919744e-08,8.185828e-08,8.452546e-08,8.702468e-08,8.903768e-08,9.019292e-08,8.828273e-08,8.052212e-08,6.535493e-08,4.294504e-08,1.321993e-08,-2.544750e-08,-7.410980e-08,-1.309044e-07,-1.917849e-07,-2.539335e-07,-3.162641e-07,-3.786085e-07,-9.755520e-09,-2.166833e-08,-3.369227e-08,-4.449707e-08,-5.170827e-08,-5.469557e-08,-5.507411e-08,-5.481314e-08,-5.467324e-08,-5.523131e-08,-5.745500e-08,-6.342013e-08,-7.471390e-08,-9.274076e-08,-1.173730e-07,-1.461583e-07,-1.763077e-07,-2.063534e-07
8.570593e-09,-8.936324e-09,-1.164342e-07,1.009563e-06,9.899644e-07,9.712299e-07,9.421652e-07,9.287516e-07,9.662492e-07,9.947855e-07,9.859247e-07,9.287435e-07,8.181007e-07,7.020056e-07,6.787572e-07,8.721091e-07,1.396180e-06,2.176295e-06,3.073039e-06,3.759959e-06,4.482227e-06,-1.280709e-06,-1.135000e-06,-9.892932e-07,-8.435829e-07,-6.978986e-07,-5.520414e-07,-4.010290e-07,-2.394647e-07,-6.179230e-08,1.381147e-07,3.660586e-07,6.262506e-07,9.177271e-07,1.233128e-06,1.562009e-06,1.897428e-06,2.234219e-06,2.570842e-06,-5.995618e-08,-3.272436e-08,-5.469360e-09,2.107411e-08,4.627897e-08,7.006905e-08,9.789001e-08,1.354043e-07,1.885908e-07,2.631090e-07,3.648078e-07,4.985672e-07,6.711952e-07,8.872600e-07,1.140372e-06,1.416541e-06,1.701295e-06,1.985437e-06,1.263777e-07,1.264479e-07,1.265255e-07,1.264524e-07,1.259422e-07,1.246565e-07,1.203145e-07,1.101008e-07,9.231481e-08,6.682895e-08,3.339977e-08,-9.506285e-09,-6.273383e-08,-1.241641e-07,-1.899243e-07,-2.574041e-07,-3.252800e-07,-3.931674e-07,-4.430278e-08,-5.202859e-08,-5.985592e-08,-6.654951e-08,-6.989778e-08,-6.936160e-08,-6.673009e-08,-6.415622e-08,-6.270121e-08,-6.328087e-08,-6.712854e-08,-7.633554e-08,-9.272649e-08,-1.177766e-07,-1.509811e-07,-1.894300e-07,-2.296893e-07,-2.698171e-07
1.378840e-08,-1.233368e-08,-1.092462e-07,1.052994e-06,9.912313e-07,9.296304e-07,8.662457e-07,8.393189e-07,8.862540e-07,9.330677e-07,9.348537e-07,8.712678e-07,7.246062e-07,5.323842e-07,4.280331e-07,5.934945e-07,1.218628e-06,2.319806e-06,3.759959e-06,5.465809e-06,7.080077e-06,-1.632198e-06,-1.439367e-06,-1.246539e-06,-1.053702e-06,-8.608795e-07,-6.678634e-07,-4.688514e-07,-2.575518e-07,-2.723042e-08,2.293807e-07,5.190539e-07,8.456745e-07,1.206924e-06,1.593722e-06,1.995600e-06,2.406158e-06,2.818796e-06,3.231171e-06,-2.098440e-07,-1.616513e-07,-1.134872e-07,-6.531915e-08,-1.677036e-08,3.356156e-08,9.365836e-08,1.717552e-07,2.766462e-07,4.169546e-07,6.010910e-07,8.351732e-07,1.128111e-06,1.485453e-06,1.896197e-06,2.340276e-06,2.796969e-06,3.252765e-06,1.819814e-07,1.785091e-07,1.750458e-07,1.714461e-07,1.674414e-07,1.627073e-07,1.548987e-07,1.411803e-07,1.197201e-07,9.012362e-08,5.200746e-08,3.957702e-09,-5.465621e-08,-1.214574e-07,-1.927958e-07,-2.663337e-07,-3.405493e-07,-4.147744e-07,-8.903645e-08,-9.237610e-08,-9.580723e-08,-9.819114e-08,-9.749470e-08,-9.330171e-08,-8.757807e-08,-8.267324e-08,-7.996940e-08,-8.075026e-08,-8.655993e-08,-9.954513e-08,-1.217883e-07,-1.548577e-07,-1.978509e-07,-2.473533e-07,-2.992209e-07,-3.509258e-07
1.895889e-08,-1.581570e-08,-1.020071e-07,1.094698e-06,9.911914e-07,8.871485e-07,7.897982e-07,7.495379e-07,8.060327e-07,8.712048e-07,8.835840e-07,8.133670e-07,6.304242e-07,3.618132e-07,1.766792e-07,3.144872e-07,1.045033e-06,2.460365e-06,4.482227e-06,7.080077e-06,1.007766e-05,-1.989514e-06,-1.748880e-06,-1.508248e-06,-1.267602e-06,-1.026960e-06,-7.861030e-07,-5.383999e-07,-2.766524e-07,7.065695e-09,3.211905e-07,6.734911e-07,1.067547e-06,1.499685e-06,1.959088e-06,2.435230e-06,2.922192e-06,3.411921e-06,3.901298e-06,-3.572329e-07,-2.881769e-07,-2.192007e-07,-1.495114e-07,-7.773563e-08,-1.012631e-09,9.115790e-08,2.095697e-07,3.658185e-07,5.714788e-07,8.375080e-07,1.171244e-06,1.583693e-06,2.081375e-06,2.648702e-06,3.259558e-06,3.887035e-06,4.513337e-06,2.373683e-07,2.303516e-07,2.233456e-07,2.162170e-07,2.087140e-07,2.005248e-07,1.892365e-07,1.719908e-07,1.468198e-07,1.130566e-07,7.017151e-08,1.686618e-08,-4.727754e-08,-1.196240e-07,-1.967395e-07,-2.765479e-07,-3.573215e-07,-4.381035e-07,-1.341719e-07,-1.331590e-07,-1.322275e-07,-1.303349e-07,-1.256269e-07,-1.178084e-07,-1.090202e-07,-1.018071e-07,-9.787152e-08,-9.886399e-08,-1.066382e-07,-1.233936e-07,-1.514696e-07,-1.925279e-07,-2.452692e-07,-3.057768e-07,-3.692026e-07,-4.324356e-07
-5.687969e-07,5.345958e-08,-1.746743e-08,1.213421e-06,9.736379e-07,7.308848e-07,5.324556e-07,3.965346e-07,8.374881e-08,-2.697490e-07,-4.028689e-07,-2.554552e-07,-9.220330e-09,2.077996e-07,2.873239e-07,1.088821e-07,-3.343460e-07,-8.528255e-07,-1.280709e-06,-1.632198e-06,-1.989514e-06,1.737653e-05,1.546464e-05,1.359121e-05,1.179471e-05,1.011372e-05,8.586125e-06,7.222467e-06,6.032714e-06,5.015716e-06,4.149052e-06,3.413119e-06,2.777532e-06,2.208705e-06,1.681860e-06,1.177161e-06,6.755020e-07,1.725419e-07,-3.302141e-07,-1.890014e-06,-1.837226e-06,-1.784706e-06,-1.728177e-06,-1.664275e-06,-1.575191e-06,-1.462645e-06,-1.331719e-06,-1.193693e-06,-1.062816e-06,-9.513882e-07,-8.628464e-07,-7.984333e-07,-7.583728e-07,-7.363289e-07,-7.259582e-07,-7.220260e-07,-7.176886e-07,-4.273758e-06,-4.151435e-06,-4.029128e-06,-3.906347e-06,-3.786338e-06,-3.674412e-06,-3.569344e-06,-3.474366e-06,-3.391263e-06,-3.316441e-06,-3.251547e-06,-3.194473e-06,-3.139823e-06,-3.086225e-06,-3.033600e-06,-2.982478e-06,-2.931707e-06,-2.880835e-06,8.203715e-07,7.696692e-07,7.190521e-07,6.674599e-07,6.132977e-07,5.523634e-07,4.858708e-07,4.160499e-07,3.474629e-07,2.845952e-07,2.322543e-07,1.914828e-07,1.602357e-07,1.384538e-07,1.246043e-07,1.158052e-07,1.084345e-07,1.009595e-07
-5.697940e-07,5.013611e-08,-1.439532e-08,1.099288e-06,8.753598e-07,6.487234e-07,4.627648e-07,3.340220e-07,4.797997e-08,-2.724417e-07,-3.907660e-07,-2.529806e-07,-2.875556e-08,1.623167e-07,2.315951e-07,7.590255e-08,-3.114041e-07,-7.627787e-07,-1.135000e-06,-1.439367e-06,-1.748880e-06,1.546464e-05,1.392347e-05,1.237200e-05,1.086175e-05,9.427808e-06,8.109025e-06,6.918390e-06,5.868850e-06,4.963000e-06,4.183750e-06,3.516743e-06,2.936972e-06,2.415350e-06,1.930258e-06,1.464435e-06,1.001373e-06,5.371705e-07,7.314472e-08,-1.725361e-06,-1.675654e-06,-1.626189e-06,-1.573049e-06,-1.513131e-06,-1.430366e-06,-1.326329e-06,-1.205492e-06,-1.078047e-06,-9.569563e-07,-8.534998e-07,-7.708026e-07,-7.095551e-07,-6.698256e-07,-6.459536e-07,-6.323769e-07,-6.245340e-07,-6.163296e-07,-4.350269e-06,-4.221601e-06,-4.092956e-06,-3.963775e-06,-3.837087e-06,-3.717912e-06,-3.605051e-06,-3.501709e-06,-3.409692e-06,-3.325573e-06,-3.251131e-06,-3.184348e-06,-3.119905e-06,-3.056471e-06,-2.994075e-06,-2.933437e-06,-2.873285e-06,-2.813024e-06,7.794773e-07,7.302044e-07,6.810129e-07,6.308870e-07,5.782776e-07,5.192642e-07,4.550184e-07,3.876786e-07,3.216589e-07,2.613220e-07,2.113872e-07,1.729633e-07,1.439472e-07,1.242233e-07,1.122969e-07,1.052734e-07,9.958706e-08,9.380088e-08
-5.707918e-07,4.681200e-08,-1.132306e-08,9.851589e-07,7.770843e-07,5.665640e-07,3.930757e-07,2.715111e-07,1.221244e-08,-2.751340e-07,-3.786635e-07,-2.505070e-07,-4.829193e-08,1.168327e-07,1.758652e-07,4.292209e-08,-2.884631e-07,-6.727331e-07,-9.892932e-07,-1.246539e-06,-1.508248e-06,1.359121e-05,1.237200e-05,1.115555e-05,9.928061e-06,8.742099e-06,7.631876e-06,6.614331e-06,5.704985e-06,4.910288e-06,4.218450e-06,3.620371e-06,3.096416e-06,2.621999e-06,2.178661e-06,1.751713e-06,1.327248e-06,9.018031e-07,4.765077e-07,-1.560694e-06,-1.514069e-06,-1.467661e-06,-1.417911e-06,-1.361977e-06,-1.285533e-06,-1.190007e-06,-1.079260e-06,-9.623959e-07,-8.510925e-07,-7.556076e-07,-6.787554e-07,-6.206738e-07,-5.812757e-07,-5.555759e-07,-5.387934e-07,-5.270401e-07,-5.149691e-07,-4.426786e-06,-4.291774e-06,-4.156790e-06,-4.021209e-06,-3.887841e-06,-3.761417e-06,-3.640763e-06,-3.529057e-06,-3.428125e-06,-3.334710e-06,-3.250719e-06,-3.174227e-06,-3.099991e-06,-3.026721e-06,-2.954553e-06,-2.884399e-06,-2.814865e-06,-2.745214e-06,7.385761e-07,6.907328e-07,6.429672e-07,5.943080e-07,5.432517e-07,4.861595e-07,4.241608e-07,3.593023e-07,2.958502e-07,2.380443e-07,1.905159e-07,1.544399e-07,1.276548e-07,1.099893e-07,9.998632e-08,9.473869e-08,9.073694e-08,8.663986e-08
-5.717874e-07,4.349158e-08,-8.250250e-09,8.709592e-07,6.787524e-07,4.843622e-07,3.233536e-07,2.089735e-07,-2.357479e-08,-2.778386e-07,-3.665686e-07,-2.480388e-07,-6.783304e-08,7.134346e-08,1.201293e-07,9.935246e-09,-2.655273e-07,-5.826894e-07,-8.435829e-07,-1.053702e-06,-1.267602e-06,1.179471e-05,1.086175e-05,9.928061e-06,8.997330e-06,8.055596e-06,7.154939e-06,6.310214e-06,5.541132e-06,4.857567e-06,4.253145e-06,3.723989e-06,3.255850e-06,2.828637e-06,2.427051e-06,2.038978e-06,1.653109e-06,1.266420e-06,8.798540e-07,-1.396161e-06,-1.352604e-06,-1.309239e-06,-1.262865e-06,-1.210902e-06,-1.140765e-06,-1.053739e-06,-9.530727e-07,-8.467816e-07,-7.452583e-07,-6.577394e-07,-5.867273e-07,-5.318073e-07,-4.927366e-07,-4.652054e-07,-4.452136e-07,-4.295464e-07,-4.136052e-07,-4.503287e-06,-4.361930e-06,-4.220608e-06,-4.078627e-06,-3.938580e-06,-3.804907e-06,-3.676460e-06,-3.556390e-06,-3.446544e-06,-3.343833e-06,-3.250294e-06,-3.164092e-06,-3.080064e-06,-2.996959e-06,-2.915019e-06,-2.835349e-06,-2.756433e-06,-2.677394e-06,6.977042e-07,6.512900e-07,6.049497e-07,5.577566e-07,5.082528e-07,4.530812e-07,3.933288e-07,3.309512e-07,2.700661e-07,2.147906e-07,1.696680e-07,1.359394e-07,1.113847e-07,9.577695e-08,8.769675e-08,8.422438e-08,8.190666e-08,7.949806e-08
-5.727932e-07,4.015880e-08,-5.171984e-09,7.563872e-07,5.801236e-07,4.019392e-07,2.534825e-07,1.463504e-07,-5.940411e-08,-2.805698e-07,-3.545015e-07,-2.456050e-07,-8.741467e-08,2.581054e-08,6.434817e-08,-2.309606e-08,-2.426332e-07,-4.926811e-07,-6.978986e-07,-8.608795e-07,-1.026960e-06,1.011372e-05,9.427808e-06,8.742099e-06,8.055596e-06,7.372158e-06,6.677287e-06,6.006385e-06,5.377292e-06,4.804929e-06,4.287901e-06,3.827672e-06,3.415346e-06,3.035336e-06,2.675502e-06,2.326304e-06,1.979030e-06,1.631098e-06,1.283260e-06,-1.231758e-06,-1.191247e-06,-1.150902e-06,-1.107883e-06,-1.059871e-06,-9.960238e-07,-9.174781e-07,-8.268745e-07,-7.311397e-07,-6.393812e-07,-5.598141e-07,-4.946294e-07,-4.428594e-07,-4.041052e-07,-3.747320e-07,-3.515208e-07,-3.319296e-07,-3.121082e-07,-4.579887e-06,-4.432182e-06,-4.284519e-06,-4.136133e-06,-3.989404e-06,-3.848478e-06,-3.712235e-06,-3.583798e-06,-3.465034e-06,-3.353022e-06,-3.249931e-06,-3.154016e-06,-3.060191e-06,-2.967245e-06,-2.875529e-06,-2.786338e-06,-2.698036e-06,-2.609602e-06,6.567290e-07,6.117449e-07,5.668311e-07,5.211054e-07,4.731554e-07,4.199060e-07,3.624019e-07,3.025072e-07,2.441917e-07,1.914498e-07,1.487365e-07,1.173594e-07,9.503993e-08,8.149493e-08,7.534293e-08,7.365148e-08,7.302352e-08,7.230916e-08
-5.737606e-07,3.686770e-08,-2.111352e-09,6.414504e-07,4.812041e-07,3.192994e-07,1.834688e-07,8.364774e-08,-9.524452e-08,-2.832292e-07,-3.423092e-07,-2.430244e-07,-1.068486e-07,-1.958197e-08,8.699295e-09,-5.599916e-08,-2.196040e-07,-4.025213e-07,-5.520414e-07,-6.678634e-07,-7.861030e-07,8.586125e-06,8.109025e-06,7.631876e-06,7.154939e-06,6.677287e-06,6.202311e-06,5.701488e-06,5.213415e-06,4.751997e-06,4.322447e-06,3.931135e-06,3.574635e-06,3.241834e-06,2.923760e-06,2.613441e-06,2.304768e-06,1.995597e-06,1.686494e-06,-1.067943e-06,-1.030435e-06,-9.930685e-07,-9.533613e-07,-9.092572e-07,-8.516566e-07,-7.815547e-07,-7.009825e-07,-6.157785e-07,-5.337644e-07,-4.621333e-07,-4.027634e-07,-3.541327e-07,-3.156852e-07,-2.844606e-07,-2.580206e-07,-2.344962e-07,-2.107852e-07,-4.656117e-06,-4.502077e-06,-4.348086e-06,-4.193311e-06,-4.039913e-06,-3.891749e-06,-3.747724e-06,-3.610933e-06,-3.483264e-06,-3.361966e-06,-3.249337e-06,-3.143722e-06,-3.040117e-06,-2.937348e-06,-2.835873e-06,-2.737178e-06,-2.639507e-06,-2.541697e-06,6.161383e-07,5.725747e-07,5.290775e-07,4.848091e-07,4.384026e-07,3.870645e-07,3.317977e-07,2.743750e-07,2.186178e-07,1.683977e-07,1.280817e-07,9.904286e-08,7.894431e-08,6.744690e-08,6.320696e-08,6.327961e-08,6.432434e-08,6.528717e-08
-5.743847e-07,3.381201e-08,6.944316e-10,5.275159e-07,3.843203e-07,2.397267e-07,1.175910e-07,2.611433e-08,-1.255460e-07,-2.804093e-07,-3.253748e-07,-2.369962e-07,-1.239815e-07,-6.320156e-08,-4.522529e-08,-8.677030e-08,-1.935289e-07,-3.081928e-07,-4.010290e-07,-4.688514e-07,-5.383999e-07,7.222467e-06,6.918390e-06,6.614331e-06,6.310214e-06,6.006385e-06,5.701488e-06,5.387463e-06,5.039128e-06,4.691955e-06,4.351693e-06,4.031236e-06,3.732226e-06,3.448192e-06,3.173346e-06,2.903332e-06,2.634676e-06,2.365686e-06,2.096735e-06,-9.075806e-07,-8.729413e-07,-8.384189e-07,-8.018861e-07,-7.615488e-07,-7.100173e-07,-6.481621e-07,-5.774204e-07,-5.025409e-07,-4.300554e-07,-3.661249e-07,-3.123020e-07,-2.665086e-07,-2.280292e-07,-1.945837e-07,-1.645245e-07,-1.366639e-07,-1.086612e-07,-4.728635e-06,-4.568441e-06,-4.408303e-06,-4.247320e-06,-4.087438e-06,-3.932223e-06,-3.780600e-06,-3.635629e-06,-3.499217e-06,-3.368778e-06,-3.246742e-06,-3.131552e-06,-3.018291e-06,-2.905830e-06,-2.794731e-06,-2.686669e-06,-2.579767e-06,-2.472718e-06,5.776277e-07,5.354497e-07,4.933345e-07,4.504887e-07,4.055934e-07,3.561316e-07,3.030650e-07,2.480742e-07,1.948305e-07,1.470808e-07,1.091015e-07,8.232537e-08,6.435610e-08,5.479854e-08,5.234745e-08,5.404978e-08,5.662861e-08,5.913034e-08
-5.745949e-07,3.098091e-08,2.984452e-09,4.155066e-07,2.917801e-07,1.669133e-07,6.095143e-08,-1.977230e-08,-1.433995e-07,-2.655155e-07,-2.981571e-07,-2.236621e-07,-1.363744e-07,-1.032684e-07,-9.572192e-08,-1.132627e-07,-1.612707e-07,-2.053483e-07,-2.394647e-07,-2.575518e-07,-2.766524e-07,6.032714e-06,5.868850e-06,5.704985e-06,5.541132e-06,5.377292e-06,5.213415e-06,5.039128e-06,4.849779e-06,4.617823e-06,4.372171e-06,4.126161e-06,3.888197e-06,3.656121e-06,3.427544e-06,3.200772e-06,2.975056e-06,2.749174e-06,2.523304e-06,-7.520083e-07,-7.200594e-07,-6.882029e-07,-6.546598e-07,-6.179000e-07,-5.721655e-07,-5.182215e-07,-4.569490e-07,-3.920102e-07,-3.286388e-07,-2.719447e-07,-2.231313e-07,-1.795637e-07,-1.403627e-07,-1.039413e-07,-6.946405e-08,-3.644320e-08,-3.325974e-09,-4.795940e-06,-4.629887e-06,-4.463896e-06,-4.297001e-06,-4.130939e-06,-3.968987e-06,-3.810076e-06,-3.657220e-06,-3.512333e-06,-3.372993e-06,-3.241755e-06,-3.117178e-06,-2.994451e-06,-2.872496e-06,-2.751974e-06,-2.634751e-06,-2.518825e-06,-2.402744e-06,5.416278e-07,5.007661e-07,4.599633e-07,4.184725e-07,3.750282e-07,3.273784e-07,2.764441e-07,2.238134e-07,1.730060e-07,1.276436e-07,9.190738e-08,6.727865e-08,5.129852e-08,4.351306e-08,4.265579e-08,4.577290e-08,4.966340e-08,5.348214e-08
-5.741956e-07,2.832313e-08,4.712443e-09,3.092202e-07,2.064069e-07,1.026926e-07,1.459383e-08,-5.327072e-08,-1.484144e-07,-2.384158e-07,-2.603288e-07,-2.029551e-07,-1.442629e-07,-1.398083e-07,-1.423677e-07,-1.342227e-07,-1.202065e-07,-8.979320e-08,-6.179230e-08,-2.723042e-08,7.065695e-09,5.015716e-06,4.963000e-06,4.910288e-06,4.857567e-06,4.804929e-06,4.751997e-06,4.691955e-06,4.617823e-06,4.523300e-06,4.375942e-06,4.212137e-06,4.041091e-06,3.866748e-06,3.689847e-06,3.511596e-06,3.334069e-06,3.156555e-06,2.979021e-06,-6.058585e-07,-5.765007e-07,-5.472127e-07,-5.165371e-07,-4.831901e-07,-4.428999e-07,-3.963053e-07,-3.437440e-07,-2.878166e-07,-2.324817e-07,-1.818006e-07,-1.366155e-07,-9.375575e-08,-5.218832e-08,-1.103869e-08,2.968120e-08,6.972732e-08,1.098218e-07,-4.855563e-06,-4.684099e-06,-4.512704e-06,-4.340349e-06,-4.168567e-06,-4.000351e-06,-3.834619e-06,-3.674318e-06,-3.521344e-06,-3.373433e-06,-3.233259e-06,-3.099516e-06,-2.967529e-06,-2.836287e-06,-2.706551e-06,-2.580381e-06,-2.455646e-06,-2.330750e-06,5.078508e-07,4.682897e-07,4.287834e-07,3.886325e-07,3.466285e-07,3.007646e-07,2.519186e-07,2.015833e-07,1.531295e-07,1.100567e-07,7.644751e-08,5.381951e-08,3.965052e-08,3.342440e-08,3.391334e-08,3.817170e-08,4.309010e-08,4.794277e-08
-5.729146e-07,2.582435e-08,6.053137e-09,2.115453e-07,1.293017e-07,4.636817e-08,-2.385297e-08,-7.813280e-08,-1.455631e-07,-2.052234e-07,-2.184246e-07,-1.806287e-07,-1.519930e-07,-1.752769e-07,-1.860020e-07,-1.489036e-07,-6.764697e-08,4.312228e-08,1.381147e-07,2.293807e-07,3.211905e-07,4.149052e-06,4.183750e-06,4.218450e-06,4.253145e-06,4.287901e-06,4.322447e-06,4.351693e-06,4.372171e-06,4.375942e-06,4.353515e-06,4.279721e-06,4.187275e-06,4.080395e-06,3.964829e-06,3.844432e-06,3.724420e-06,3.604607e-06,3.484744e-06,-4.724668e-07,-4.457987e-07,-4.191804e-07,-3.914385e-07,-3.615034e-07,-3.264152e-07,-2.866345e-07,-2.419439e-07,-1.938808e-07,-1.451291e-07,-9.868073e-08,-5.501931e-08,-1.050232e-08,3.602303e-08,8.468420e-08,1.345583e-07,1.846092e-07,2.346566e-07,-4.905104e-06,-4.728791e-06,-4.552554e-06,-4.375302e-06,-4.198371e-06,-4.024473e-06,-3.852490e-06,-3.685273e-06,-3.524674e-06,-3.368565e-06,-3.219723e-06,-3.077000e-06,-2.935896e-06,-2.795491e-06,-2.656658e-06,-2.521663e-06,-2.388250e-06,-2.254667e-06,4.755543e-07,4.373976e-07,3.992918e-07,3.605837e-07,3.201225e-07,2.761247e-07,2.294225e-07,1.814118e-07,1.353132e-07,9.450113e-08,6.294850e-08,4.219798e-08,2.967048e-08,2.478831e-08,2.636391e-08,3.147019e-08,3.710890e-08,4.268881e-08
