2.867939e-05,-4.526751e-07,-1.191433e-07,7.432482e-07,1.143264e-06,1.524905e-06,1.596014e-06,1.571853e-06,1.723126e-06,2.709895e-06,2.823194e-06,1.737592e-06,1.031120e-06,8.696186e-07,3.650642e-07,9.018438e-07,3.309194e-06,5.443391e-06,7.318519e-06,9.246097e-06,1.095852e-05,-1.785955e-04,-1.790392e-04,-1.794818e-04,-1.799290e-04,-1.803599e-04,-1.806124e-04,-1.806146e-04,-1.801870e-04,-1.794932e-04,-1.785097e-04,-1.774197e-04,-1.763992e-04,-1.753816e-04,-1.742742e-04,-1.730768e-04,-1.718767e-04,-1.707378e-04,-1.695849e-04,1.335700e-06,2.051561e-06,2.766795e-06,3.446384e-06,4.019419e-06,4.521322e-06,4.858348e-06,5.062675e-06,5.115063e-06,4.960291e-06,4.725658e-06,4.466350e-06,4.336715e-06,4.369278e-06,4.452663e-06,4.539998e-06,4.689216e-06,4.844630e-06,2.462235e-04,2.361629e-04,2.260867e-04,2.159570e-04,2.061514e-04,1.966988e-04,1.879425e-04,1.796694e-04,1.717891e-04,1.639151e-04,1.565051e-04,1.499042e-04,1.440641e-04,1.386531e-04,1.335489e-04,1.288790e-04,1.245061e-04,1.201082e-04,-2.053914e-05,-1.727555e-05,-1.401850e-05,-1.066809e-05,-6.952744e-06,-2.912357e-06,1.071839e-06,4.477681e-06,6.737408e-06,7.588172e-06,7.000914e-06,5.244166e-06,2.781100e-06,-2.414777e-07,-3.977750e-06,-8.269653e-06,-1.269314e-05,-1.709822e-05
-4.526751e-07,2.729989e-05,-7.132791e-08,2.297382e-06,1.618528e-06,1.422788e-06,9.825250e-07,3.350987e-07,3.952157e-07,1.287228e-06,1.577047e-06,1.650569e-06,4.891285e-07,-8.360729e-07,-2.568961e-06,-2.927490e-06,-2.265790e-06,6.241844e-08,4.156215e-06,8.188386e-06,1.205802e-05,5.004632e-06,5.140467e-06,5.277611e-06,5.410451e-06,5.558810e-06,5.859165e-06,6.266695e-06,6.745782e-06,7.136793e-06,7.226314e-06,7.004878e-06,6.490858e-06,5.801972e-06,4.966625e-06,3.922805e-06,2.718557e-06,1.470599e-06,2.310620e-07,-1.753653e-04,-1.744109e-04,-1.734377e-04,-1.723222e-04,-1.712241e-04,-1.700489e-04,-1.689080e-04,-1.678268e-04,-1.668215e-04,-1.658945e-04,-1.652278e-04,-1.647074e-04,-1.643146e-04,-1.641031e-04,-1.639826e-04,-1.638468e-04,-1.636684e-04,-1.634802e-04,-1.955119e-05,-1.641917e-05,-1.329265e-05,-1.008461e-05,-6.553015e-06,-2.724523e-06,1.035881e-06,4.229262e-06,6.335969e-06,7.102717e-06,6.509350e-06,4.814599e-06,2.471386e-06,-3.621484e-07,-3.830568e-06,-7.801619e-06,-1.188522e-05,-1.595145e-05,1.800864e-04,1.829721e-04,1.858483e-04,1.883258e-04,1.900611e-04,1.902367e-04,1.884774e-04,1.844656e-04,1.786742e-04,1.715065e-04,1.639426e-04,1.561799e-04,1.484451e-04,1.410600e-04,1.339773e-04,1.268720e-04,1.196135e-04,1.123537e-04
-1.191433e-07,-7.132791e-08,5.825374e-06,-4.819568e-05,-4.903704e-05,-4.966948e-05,-4.910635e-05,-4.938722e-05,-4.895951e-05,-4.964147e-05,-4.898053e-05,-4.815279e-05,-4.469555e-05,-4.208177e-05,-4.051163e-05,-3.965635e-05,-3.954330e-05,-3.991025e-05,-4.056104e-05,-4.137741e-05,-4.208965e-05,-3.839502e-06,-3.137394e-06,-2.434774e-06,-1.733079e-06,-1.025912e-06,-5.371650e-07,-3.782533e-07,-1.974459e-07,1.993320e-07,6.518890e-07,1.066130e-06,1.396205e-06,1.677395e-06,1.944549e-06,2.188038e-06,2.444482e-06,2.728427e-06,3.006780e-06,2.234488e-06,1.497189e-06,7.502654e-07,2.365782e-07,6.386201e-08,-6.151510e-08,-2.696021e-07,-5.659293e-07,-9.869999e-07,-1.342138e-06,-1.473505e-06,-1.444413e-06,-1.289546e-06,-1.090376e-06,-8.692171e-07,-6.225743e-07,-3.900903e-07,-1.616743e-07,1.115320e-06,1.063376e-07,-9.034352e-07,-1.906254e-06,-2.930412e-06,-3.757368e-06,-4.233596e-06,-4.615638e-06,-4.928086e-06,-4.773544e-06,-3.845059e-06,-1.992878e-06,7.613954e-07,4.198097e-06,7.968073e-06,1.181733e-05,1.564525e-05,1.947043e-05,-2.562571e-06,-1.762241e-06,-9.385330e-07,-3.727199e-07,-2.048470e-07,-1.699778e-07,-1.639629e-07,-1.787398e-07,-1.705750e-07,-3.394763e-07,-7.751490e-07,-1.236249e-06,-1.370590e-06,-9.460662e-07,8.383229e-08,1.554590e-06,3.173291e-06,4.778814e-06
7.432482e-07,2.297382e-06,-4.819568e-05,2.753571e-03,1.439682e-03,5.334989e-04,2.076316e-04,2.271516e-04,3.069208e-04,3.951722e-04,4.307343e-04,4.297483e-04,3.963657e-04,3.536909e-04,3.120873e-04,2.799698e-04,2.707294e-04,2.847539e-04,3.156479e-04,3.567059e-04,3.963464e-04,2.766827e-04,2.474799e-04,2.183010e-04,1.889433e-04,1.593650e-04,1.288568e-04,9.955323e-05,7.256950e-05,4.734409e-05,2.487685e-05,5.282977e-06,-1.172189e-05,-2.705785e-05,-4.129830e-05,-5.481986e-05,-6.824175e-05,-8.202842e-05,-9.575570e-05,-9.065129e-04,-7.294245e-04,-5.508924e-04,-3.902754e-04,-2.563990e-04,-1.483468e-04,-6.474762e-05,-2.083832e-06,4.272744e-05,7.131933e-05,8.619731e-05,9.064348e-05,8.745854e-05,7.980880e-05,6.943059e-05,5.721246e-05,4.436400e-05,3.159334e-05,-2.003287e-05,-9.912479e-06,2.116999e-07,1.010018e-05,1.991848e-05,2.836136e-05,3.405658e-05,3.856894e-05,4.196228e-05,4.097598e-05,3.314740e-05,1.734187e-05,-6.155773e-06,-3.547492e-05,-6.766347e-05,-1.005725e-04,-1.333039e-04,-1.660147e-04,6.448393e-05,4.748311e-05,3.010149e-05,1.669877e-05,9.085973e-06,5.033268e-06,3.375984e-06,3.363977e-06,4.203180e-06,7.146762e-06,1.259028e-05,1.835390e-05,2.141198e-05,1.975908e-05,1.303867e-05,2.656429e-06,-8.933159e-06,-2.041487e-05
1.143264e-06,1.618528e-06,-4.903704e-05,1.439682e-03,1.055300e-03,5.755510e-04,3.677098e-04,3.357027e-04,3.562230e-04,4.023371e-04,4.211988e-04,4.228773e-04,3.955752e-04,3.635281e-04,3.339166e-04,3.107184e-04,3.020377e-04,3.069104e-04,3.220596e-04,3.434699e-04,3.636923e-04,2.051880e-04,1.798210e-04,1.544613e-04,1.290116e-04,1.032549e-04,7.868888e-05,5.742142e-05,3.857682e-05,2.079450e-05,4.896756e-06,-8.845206e-06,-2.048875e-05,-3.075797e-05,-4.017215e-05,-4.898957e-05,-5.778784e-05,-6.689425e-05,-7.594625e-05,-5.017598e-04,-3.957361e-04,-2.886586e-04,-1.945906e-04,-1.198927e-04,-6.135675e-05,-1.700261e-05,1.546681e-05,3.831669e-05,5.200610e-05,5.745198e-05,5.667612e-05,5.133363e-05,4.344639e-05,3.396090e-05,2.335989e-05,1.246525e-05,1.629520e-06,-1.466433e-05,-4.860847e-06,4.948332e-06,1.458483e-05,2.428284e-05,3.235347e-05,3.739978e-05,4.130706e-05,4.425553e-05,4.296110e-05,3.490243e-05,1.888270e-05,-4.855486e-06,-3.443649e-05,-6.688551e-05,-1.000309e-04,-1.329916e-04,-1.659306e-04,4.807105e-05,3.473790e-05,2.107246e-05,1.088671e-05,5.855445e-06,3.500921e-06,2.673841e-06,2.883718e-06,3.469248e-06,5.855338e-06,1.059406e-05,1.556295e-05,1.774682e-05,1.515447e-05,7.422609e-06,-4.037244e-06,-1.673575e-05,-2.932370e-05
1.524905e-06,1.422788e-06,-4.966948e-05,5.334989e-04,5.755510e-04,6.516446e-04,5.219331e-04,4.452452e-04,4.028737e-04,4.071546e-04,4.090832e-04,4.140217e-04,3.932655e-04,3.720995e-04,3.547119e-04,3.407216e-04,3.327042e-04,3.281139e-04,3.268546e-04,3.277383e-04,3.276774e-04,1.252655e-04,1.049097e-04,8.454455e-05,6.417804e-05,4.341969e-05,2.594538e-05,1.371013e-05,3.800764e-06,-5.957522e-06,-1.491036e-05,-2.258532e-05,-2.875633e-05,-3.390528e-05,-3.847516e-05,-4.258961e-05,-4.677043e-05,-5.119945e-05,-5.557935e-05,-8.326152e-05,-5.032236e-05,-1.672946e-05,8.606715e-06,2.193408e-05,2.891370e-05,3.219632e-05,3.288746e-05,3.247202e-05,3.024150e-05,2.549755e-05,1.895097e-05,1.106589e-05,2.665204e-06,-6.141047e-06,-1.529844e-05,-2.439456e-05,-3.345170e-05,-1.008518e-05,-4.950481e-07,9.102388e-06,1.857966e-05,2.823458e-05,3.599897e-05,4.046435e-05,4.382831e-05,4.638275e-05,4.483064e-05,3.659944e-05,2.043603e-05,-3.453806e-06,-3.319423e-05,-6.580272e-05,-9.909121e-05,-1.321916e-04,-1.652690e-04,3.334725e-05,2.402556e-05,1.442210e-05,7.791275e-06,5.631617e-06,5.187026e-06,5.315443e-06,5.784585e-06,6.078783e-06,7.800557e-06,1.168055e-05,1.567454e-05,1.680130e-05,1.310415e-05,4.218782e-06,-8.447416e-06,-2.238230e-05,-3.620436e-05
1.596014e-06,9.825250e-07,-4.910635e-05,2.076316e-04,3.677098e-04,5.219331e-04,6.571103e-04,5.295064e-04,4.462137e-04,4.093417e-04,3.956611e-04,3.992949e-04,3.824662e-04,3.696174e-04,3.608266e-04,3.523175e-04,3.441473e-04,3.344073e-04,3.251005e-04,3.160553e-04,3.061921e-04,1.235240e-04,9.811263e-05,7.267612e-05,4.731661e-05,2.148368e-05,1.177708e-06,-1.072204e-05,-1.862134e-05,-2.537267e-05,-3.071319e-05,-3.443523e-05,-3.652300e-05,-3.755227e-05,-3.803053e-05,-3.809100e-05,-3.827532e-05,-3.867620e-05,-3.903134e-05,1.097625e-04,1.049203e-04,1.003955e-04,9.097626e-05,7.389323e-05,5.619847e-05,4.092197e-05,2.815707e-05,1.867591e-05,1.102423e-05,3.554791e-06,-3.682691e-06,-1.083741e-05,-1.767009e-05,-2.439366e-05,-3.112258e-05,-3.763393e-05,-4.411561e-05,-1.039878e-05,-5.856289e-07,9.235707e-06,1.896829e-05,2.897538e-05,3.687367e-05,4.115601e-05,4.422228e-05,4.646475e-05,4.468323e-05,3.636623e-05,2.028446e-05,-3.369646e-06,-3.275212e-05,-6.492955e-05,-9.774931e-05,-1.303787e-04,-1.629855e-04,2.203457e-05,1.520843e-05,8.149980e-06,3.636081e-06,3.124614e-06,3.741964e-06,4.367083e-06,4.954191e-06,5.100560e-06,6.489847e-06,9.939043e-06,1.347433e-05,1.417862e-05,1.013891e-05,9.852459e-07,-1.190413e-05,-2.605105e-05,-4.008618e-05
1.571853e-06,3.350987e-07,-4.938722e-05,2.271516e-04,3.357027e-04,4.452452e-04,5.295064e-04,6.426814e-04,5.278159e-04,4.535464e-04,4.052140e-04,3.908804e-04,3.653647e-04,3.541522e-04,3.520329e-04,3.530356e-04,3.547790e-04,3.559972e-04,3.561983e-04,3.550947e-04,3.532585e-04,-7.395200e-06,-1.756159e-05,-2.775676e-05,-3.784858e-05,-4.836436e-05,-5.289409e-05,-4.857279e-05,-4.198887e-05,-3.645167e-05,-3.122561e-05,-2.599069e-05,-2.060239e-05,-1.530431e-05,-1.031772e-05,-5.422484e-06,-7.894690e-07,3.646481e-06,8.127119e-06,1.020286e-04,8.585890e-05,6.977559e-05,5.134789e-05,2.887301e-05,9.377721e-06,-4.430513e-06,-1.322981e-05,-1.694540e-05,-1.762101e-05,-1.738549e-05,-1.630702e-05,-1.470314e-05,-1.245404e-05,-9.657013e-06,-6.581206e-06,-3.151330e-06,3.008131e-07,-8.425285e-06,9.716588e-07,1.037755e-05,1.971517e-05,2.934149e-05,3.677192e-05,4.047328e-05,4.313134e-05,4.518195e-05,4.334641e-05,3.509316e-05,1.917550e-05,-4.251465e-06,-3.335650e-05,-6.521335e-05,-9.769593e-05,-1.299895e-04,-1.622599e-04,1.378531e-05,8.295629e-06,2.605187e-06,-8.295300e-07,-6.298617e-07,3.569763e-07,1.083983e-06,1.616698e-06,1.631401e-06,2.896130e-06,6.267286e-06,9.759585e-06,1.043833e-05,6.369241e-06,-2.853517e-06,-1.583693e-05,-3.008909e-05,-4.422838e-05
1.723126e-06,3.952157e-07,-4.895951e-05,3.069208e-04,3.562230e-04,4.028737e-04,4.462137e-04,5.278159e-04,6.405826e-04,5.189343e-04,4.393378e-04,3.888314e-04,3.453670e-04,3.271120e-04,3.267412e-04,3.362704e-04,3.502119e-04,3.658437e-04,3.789443e-04,3.897796e-04,3.999499e-04,-1.208834e-04,-1.131167e-04,-1.053700e-04,-9.755118e-05,-8.998836e-05,-7.748812e-05,-5.695228e-05,-3.715216e-05,-2.225157e-05,-1.045211e-05,-9.269571e-07,6.941130e-06,1.343884e-05,1.873887e-05,2.349632e-05,2.795542e-05,3.223315e-05,3.655431e-05,5.660655e-05,4.264862e-05,2.870608e-05,1.327774e-05,-4.839809e-06,-2.001953e-05,-2.975680e-05,-3.425230e-05,-3.309294e-05,-2.855733e-05,-2.274785e-05,-1.571208e-05,-7.854646e-06,8.897088e-07,1.051071e-05,2.059077e-05,3.110679e-05,4.163914e-05,-4.324694e-06,4.239688e-06,1.281217e-05,2.132237e-05,3.007419e-05,3.674666e-05,3.975052e-05,4.199507e-05,4.399245e-05,4.232420e-05,3.441886e-05,1.900588e-05,-3.796310e-06,-3.219253e-05,-6.330612e-05,-9.505668e-05,-1.266270e-04,-1.581735e-04,1.320184e-05,8.009758e-06,2.628413e-06,-6.187826e-07,-4.203923e-07,6.041247e-07,1.450749e-06,2.091055e-06,2.145784e-06,3.397427e-06,6.692857e-06,1.006750e-05,1.063142e-05,6.476531e-06,-2.812333e-06,-1.583979e-05,-3.013218e-05,-4.431207e-05
2.709895e-06,1.287228e-06,-4.964147e-05,3.951722e-04,4.023371e-04,4.071546e-04,4.093417e-04,4.535464e-04,5.189343e-04,6.377966e-04,5.238166e-04,4.329160e-04,3.491601e-04,3.072251e-04,2.968382e-04,3.076023e-04,3.306288e-04,3.605487e-04,3.895988e-04,4.188582e-04,4.473213e-04,-6.955992e-05,-5.691546e-05,-4.427881e-05,-3.161758e-05,-1.903072e-05,-3.696938e-06,1.621497e-05,3.138986e-05,3.786193e-05,3.963987e-05,3.859429e-05,3.578193e-05,3.158680e-05,2.625763e-05,2.058192e-05,1.486125e-05,8.928216e-06,3.040908e-06,-1.106649e-05,-1.490816e-05,-1.871879e-05,-2.390459e-05,-3.085965e-05,-3.550018e-05,-3.587811e-05,-3.181826e-05,-2.261645e-05,-1.161974e-05,-9.082922e-07,9.763711e-06,2.016851e-05,3.062535e-05,4.139281e-05,5.218162e-05,6.319539e-05,7.423507e-05,7.191066e-06,1.465927e-05,2.213464e-05,2.954339e-05,3.714067e-05,4.290201e-05,4.537103e-05,4.750492e-05,4.974608e-05,4.827646e-05,4.036070e-05,2.470099e-05,1.451897e-06,-2.755159e-05,-5.939044e-05,-9.193309e-05,-1.242924e-04,-1.566279e-04,2.076943e-05,1.540207e-05,9.841072e-06,6.413224e-06,6.303908e-06,7.064978e-06,7.721137e-06,8.136524e-06,7.860190e-06,8.812663e-06,1.185702e-05,1.498826e-05,1.529622e-05,1.085133e-05,1.215693e-06,-1.219777e-05,-2.688426e-05,-4.145727e-05
2.823194e-06,1.577047e-06,-4.898053e-05,4.307343e-04,4.211988e-04,4.090832e-04,3.956611e-04,4.052140e-04,4.393378e-04,5.238166e-04,6.343606e-04,5.008407e-04,3.934234e-04,3.200698e-04,2.896642e-04,2.853900e-04,3.011064e-04,3.305329e-04,3.651843e-04,4.041066e-04,4.419922e-04,1.021322e-05,1.660396e-05,2.299253e-05,2.938336e-05,3.577577e-05,4.364091e-05,5.358973e-05,5.790701e-05,5.257609e-05,4.340217e-05,3.325919e-05,2.301735e-05,1.242943e-05,1.451926e-06,-9.429061e-06,-2.020755e-05,-3.125630e-05,-4.225453e-05,-4.983723e-05,-4.606477e-05,-4.223612e-05,-3.982437e-05,-3.863683e-05,-3.522918e-05,-2.791880e-05,-1.636751e-05,4.688274e-07,1.700989e-05,2.999422e-05,4.013659e-05,4.781129e-05,5.396671e-05,5.927945e-05,6.386167e-05,6.832037e-05,7.282443e-05,9.574996e-06,1.654456e-05,2.352088e-05,3.043137e-05,3.750721e-05,4.294217e-05,4.547220e-05,4.781159e-05,5.043701e-05,4.930690e-05,4.157724e-05,2.598987e-05,2.777105e-06,-2.621381e-05,-5.806803e-05,-9.064357e-05,-1.230342e-04,-1.554027e-04,2.424176e-05,1.875581e-05,1.307585e-05,9.499723e-06,9.090114e-06,9.501832e-06,9.780706e-06,9.752331e-06,8.907924e-06,9.411845e-06,1.226463e-05,1.542477e-05,1.595408e-05,1.189198e-05,2.779313e-06,-1.001516e-05,-2.404010e-05,-3.795514e-05
1.737592e-06,1.650569e-06,-4.815279e-05,4.297483e-04,4.228773e-04,4.140217e-04,3.992949e-04,3.908804e-04,3.888314e-04,4.329160e-04,5.008407e-04,6.328396e-04,5.278836e-04,4.408831e-04,3.625470e-04,3.024004e-04,2.689419e-04,2.585811e-04,2.681868e-04,2.891296e-04,3.085190e-04,8.951654e-05,7.604132e-05,6.256507e-05,4.908528e-05,3.561012e-05,2.310657e-05,1.126146e-05,-4.798420e-06,-2.770402e-05,-5.043562e-05,-6.924507e-05,-8.366341e-05,-9.534718e-05,-1.051988e-04,-1.139732e-04,-1.227357e-04,-1.318953e-04,-1.409909e-04,-7.250659e-05,-5.130256e-05,-3.002055e-05,-1.039212e-05,7.373057e-06,2.559564e-05,4.482707e-05,6.433105e-05,8.418579e-05,9.693395e-05,9.804968e-05,8.964225e-05,7.419495e-05,5.443273e-05,3.155416e-05,6.602909e-06,-1.906031e-05,-4.463747e-05,-1.352508e-06,6.240490e-06,1.383967e-05,2.138410e-05,2.910593e-05,3.532069e-05,3.893720e-05,4.233280e-05,4.586917e-05,4.542929e-05,3.807875e-05,2.256994e-05,-7.398477e-07,-2.995798e-05,-6.209088e-05,-9.492672e-05,-1.275744e-04,-1.602025e-04,3.096132e-05,2.417063e-05,1.718798e-05,1.227909e-05,1.045669e-05,9.468933e-06,8.442786e-06,7.321740e-06,5.716874e-06,6.001501e-06,9.336955e-06,1.352648e-05,1.541545e-05,1.289600e-05,5.529841e-06,-5.389082e-06,-1.747774e-05,-2.946206e-05
1.031120e-06,4.891285e-07,-4.469555e-05,3.963657e-04,3.955752e-04,3.932655e-04,3.824662e-04,3.653647e-04,3.453670e-04,3.491601e-04,3.934234e-04,5.278836e-04,6.960997e-04,5.988275e-04,4.861240e-04,3.507929e-04,2.427746e-04,1.594517e-04,1.128152e-04,8.563065e-05,5.639475e-05,1.815848e-04,1.444020e-04,1.072186e-04,7.002921e-05,3.284160e-05,-3.839671e-06,-4.118970e-05,-8.252583e-05,-1.289492e-04,-1.727477e-04,-2.075265e-04,-2.312261e-04,-2.467665e-04,-2.564519e-04,-2.632122e-04,-2.699750e-04,-2.772594e-04,-2.844697e-04,-7.390122e-05,-4.172171e-05,-9.455202e-06,2.108918e-05,4.942864e-05,7.692161e-05,1.029986e-04,1.258164e-04,1.442326e-04,1.500556e-04,1.360226e-04,1.049970e-04,6.218607e-05,1.209616e-05,-4.384375e-05,-1.034160e-04,-1.644105e-04,-2.252733e-04,-7.002552e-06,2.858247e-07,7.579702e-06,1.482736e-05,2.224589e-05,2.835382e-05,3.231494e-05,3.627485e-05,4.049116e-05,4.107696e-05,3.493314e-05,2.059501e-05,-1.507239e-06,-2.950287e-05,-6.037733e-05,-9.187913e-05,-1.231887e-04,-1.544838e-04,2.777597e-05,2.012433e-05,1.229468e-05,6.403012e-06,3.364341e-06,1.139945e-06,-1.004849e-06,-3.002128e-06,-5.095486e-06,-4.953074e-06,-1.112585e-06,4.241266e-06,7.804668e-06,7.392182e-06,2.629616e-06,-5.354780e-06,-1.436811e-05,-2.328900e-05
8.696186e-07,-8.360729e-07,-4.208177e-05,3.536909e-04,3.635281e-04,3.720995e-04,3.696174e-04,3.541522e-04,3.271120e-04,3.072251e-04,3.200698e-04,4.408831e-04,5.988275e-04,7.907191e-04,6.801286e-04,5.090109e-04,3.139247e-04,1.194990e-04,-3.601879e-05,-1.709895e-04,-3.080294e-04,2.886292e-04,2.255387e-04,1.624479e-04,9.934917e-05,3.625026e-05,-2.658903e-05,-9.048647e-05,-1.577327e-04,-2.276701e-04,-2.923688e-04,-3.431889e-04,-3.757251e-04,-3.926259e-04,-3.981585e-04,-3.982270e-04,-3.982872e-04,-3.988587e-04,-3.993622e-04,-3.404381e-05,-1.267638e-05,8.785972e-06,2.836754e-05,4.532967e-05,6.046738e-05,7.280508e-05,8.030685e-05,8.139547e-05,6.916144e-05,3.547626e-05,-1.672121e-05,-8.074555e-05,-1.518603e-04,-2.296295e-04,-3.112327e-04,-3.943860e-04,-4.773977e-04,-9.023672e-06,-1.981101e-06,5.065879e-06,1.207312e-05,1.926465e-05,2.532523e-05,2.957667e-05,3.402827e-05,3.879818e-05,4.025892e-05,3.518654e-05,2.181382e-05,4.662651e-07,-2.694054e-05,-5.726080e-05,-8.810882e-05,-1.187562e-04,-1.493919e-04,1.988250e-05,1.196921e-05,3.887691e-06,-2.331925e-06,-5.802198e-06,-8.366628e-06,-1.066713e-05,-1.259681e-05,-1.433413e-05,-1.377518e-05,-9.382883e-06,-3.276042e-06,1.192040e-06,1.854523e-06,-1.536172e-06,-7.984499e-06,-1.539001e-05,-2.270893e-05
3.650642e-07,-2.568961e-06,-4.051163e-05,3.120873e-04,3.339166e-04,3.547119e-04,3.608266e-04,3.520329e-04,3.267412e-04,2.968382e-04,2.896642e-04,3.625470e-04,4.861240e-04,6.801286e-04,8.623464e-04,7.031109e-04,4.739195e-04,1.793364e-04,-9.447149e-05,-3.614602e-04,-6.293607e-04,3.239254e-04,2.516484e-04,1.793707e-04,1.070855e-04,3.478942e-05,-3.713935e-05,-1.095416e-04,-1.840319e-04,-2.587064e-04,-3.263389e-04,-3.787804e-04,-4.113307e-04,-4.235100e-04,-4.206120e-04,-4.108102e-04,-4.011760e-04,-3.918166e-04,-3.824180e-04,2.832202e-05,3.078357e-05,3.334438e-05,3.376574e-05,3.076475e-05,2.460320e-05,1.412078e-05,-2.680207e-06,-2.755199e-05,-6.543478e-05,-1.228145e-04,-1.951483e-04,-2.744964e-04,-3.562742e-04,-4.415860e-04,-5.283308e-04,-6.156029e-04,-7.027922e-04,-1.373447e-05,-6.705290e-06,3.278934e-07,7.320570e-06,1.449092e-05,2.058703e-05,2.495257e-05,2.951693e-05,3.429852e-05,3.596816e-05,3.151025e-05,1.916564e-05,-1.193388e-06,-2.767105e-05,-5.699207e-05,-8.670794e-05,-1.162275e-04,-1.457328e-04,8.419163e-06,1.096797e-07,-8.362208e-06,-1.498478e-05,-1.881133e-05,-2.149602e-05,-2.358689e-05,-2.492890e-05,-2.564274e-05,-2.387364e-05,-1.830464e-05,-1.117307e-05,-5.929774e-06,-4.756663e-06,-7.757048e-06,-1.393238e-05,-2.111792e-05,-2.821225e-05
9.018438e-07,-2.927490e-06,-3.965635e-05,2.799698e-04,3.107184e-04,3.407216e-04,3.523175e-04,3.530356e-04,3.362704e-04,3.076023e-04,2.853900e-04,3.024004e-04,3.507929e-04,5.090109e-04,7.031109e-04,8.726634e-04,6.797273e-04,3.803172e-04,4.218946e-05,-3.171078e-04,-6.759105e-04,2.262295e-04,1.705460e-04,1.148600e-04,5.917237e-05,3.446936e-06,-5.127620e-05,-1.047060e-04,-1.576031e-04,-2.072276e-04,-2.476925e-04,-2.727735e-04,-2.790711e-04,-2.654524e-04,-2.373569e-04,-2.034919e-04,-1.704266e-04,-1.371321e-04,-1.038515e-04,7.683658e-05,6.443820e-05,5.213497e-05,3.747641e-05,1.840586e-05,-5.152248e-06,-3.423079e-05,-7.052938e-05,-1.156693e-04,-1.723775e-04,-2.443487e-04,-3.253555e-04,-4.064477e-04,-4.822510e-04,-5.534854e-04,-6.204207e-04,-6.853709e-04,-7.503814e-04,-1.129312e-05,-4.035320e-06,3.225231e-06,1.044828e-05,1.788151e-05,2.423032e-05,2.872834e-05,3.316692e-05,3.744577e-05,3.848203e-05,3.359380e-05,2.125469e-05,1.255974e-06,-2.452518e-05,-5.278778e-05,-8.122885e-05,-1.094807e-04,-1.377105e-04,3.823088e-06,-4.422346e-06,-1.282735e-05,-1.937984e-05,-2.301112e-05,-2.526398e-05,-2.665477e-05,-2.702751e-05,-2.647367e-05,-2.339160e-05,-1.678785e-05,-9.020921e-06,-3.598067e-06,-2.797517e-06,-6.821424e-06,-1.449549e-05,-2.339913e-05,-3.219391e-05
3.309194e-06,-2.265790e-06,-3.954330e-05,2.707294e-04,3.020377e-04,3.327042e-04,3.441473e-04,3.547790e-04,3.502119e-04,3.306288e-04,3.011064e-04,2.689419e-04,2.427746e-04,3.139247e-04,4.739195e-04,6.797273e-04,8.455440e-04,6.586118e-04,3.990621e-04,6.839260e-05,-2.563584e-04,3.473248e-05,1.270143e-05,-9.334666e-06,-3.136261e-05,-5.346139e-05,-7.358169e-05,-8.992315e-05,-1.021893e-04,-1.071331e-04,-1.000413e-04,-7.669724e-05,-3.491233e-05,2.580738e-05,9.938352e-05,1.771759e-04,2.541585e-04,3.320594e-04,4.098693e-04,9.093443e-05,7.297624e-05,5.509882e-05,3.487711e-05,9.808584e-06,-1.979982e-05,-5.410851e-05,-9.382014e-05,-1.396516e-04,-1.920755e-04,-2.515835e-04,-3.117294e-04,-3.643673e-04,-4.040873e-04,-4.284687e-04,-4.410530e-04,-4.484518e-04,-4.561013e-04,6.298160e-06,1.343977e-05,2.058185e-05,2.769328e-05,3.509482e-05,4.138027e-05,4.560822e-05,4.939428e-05,5.252559e-05,5.202679e-05,4.552746e-05,3.176560e-05,1.069877e-05,-1.567608e-05,-4.405877e-05,-7.240160e-05,-1.005392e-04,-1.286458e-04,2.059308e-06,-5.150946e-06,-1.252108e-05,-1.802669e-05,-2.046302e-05,-2.138073e-05,-2.137643e-05,-2.039979e-05,-1.862664e-05,-1.471185e-05,-8.025505e-06,-8.623339e-07,3.474593e-06,2.721821e-06,-3.804580e-06,-1.466406e-05,-2.705234e-05,-3.930726e-05
5.443391e-06,6.241844e-08,-3.991025e-05,2.847539e-04,3.069104e-04,3.281139e-04,3.344073e-04,3.559972e-04,3.658437e-04,3.605487e-04,3.305329e-04,2.585811e-04,1.594517e-04,1.194990e-04,1.793364e-04,3.803172e-04,6.586118e-04,9.736771e-04,9.569789e-04,8.661804e-04,7.752633e-04,-1.646940e-04,-1.496498e-04,-1.346132e-04,-1.195562e-04,-1.045983e-04,-8.656436e-05,-6.187512e-05,-2.904411e-05,1.557767e-05,7.588278e-05,1.543822e-04,2.527594e-04,3.716898e-04,5.052006e-04,6.452309e-04,7.878326e-04,9.322398e-04,1.076440e-03,6.744999e-05,4.712844e-05,2.686501e-05,4.596364e-06,-2.182010e-05,-5.051245e-05,-7.949428e-05,-1.071250e-04,-1.318378e-04,-1.509972e-04,-1.609021e-04,-1.555914e-04,-1.287149e-04,-7.603125e-05,4.886423e-06,1.057542e-04,2.150363e-04,3.238318e-04,1.980341e-05,2.734559e-05,3.488572e-05,4.241695e-05,5.036493e-05,5.720378e-05,6.176262e-05,6.546279e-05,6.796691e-05,6.629840e-05,5.829829e-05,4.286002e-05,2.000942e-05,-8.214470e-06,-3.855196e-05,-6.909942e-05,-9.945544e-05,-1.297667e-04,5.457531e-06,8.862317e-07,-3.848297e-06,-6.721107e-06,-6.435216e-06,-4.676899e-06,-2.223807e-06,7.521145e-07,3.883889e-06,8.192072e-06,1.383141e-05,1.859498e-05,1.942566e-05,1.417008e-05,2.011306e-06,-1.519059e-05,-3.421100e-05,-5.307194e-05
7.318519e-06,4.156215e-06,-4.056104e-05,3.156479e-04,3.220596e-04,3.268546e-04,3.251005e-04,3.561983e-04,3.789443e-04,3.895988e-04,3.651843e-04,2.681868e-04,1.128152e-04,-3.601879e-05,-9.447149e-05,4.218946e-05,3.990621e-04,9.569789e-04,1.554934e-03,1.891679e-03,2.268676e-03,-3.063458e-04,-2.630663e-04,-2.197963e-04,-1.764955e-04,-1.333056e-04,-8.616775e-05,-2.996260e-05,3.762473e-05,1.202305e-04,2.210022e-04,3.408983e-04,4.814111e-04,6.441888e-04,8.250021e-04,1.018005e-03,1.220947e-03,1.426844e-03,1.632366e-03,1.329047e-05,-8.803779e-06,-3.086313e-05,-5.435933e-05,-8.032606e-05,-1.045403e-04,-1.221457e-04,-1.283823e-04,-1.185992e-04,-8.669439e-05,-2.449032e-05,7.357311e-05,2.120077e-04,3.938397e-04,6.195079e-04,8.741250e-04,1.140417e-03,1.405928e-03,3.133625e-05,3.934687e-05,4.735336e-05,5.537692e-05,6.394971e-05,7.144379e-05,7.644733e-05,8.019690e-05,8.223974e-05,7.953817e-05,7.008825e-05,5.288848e-05,2.794190e-05,-2.841875e-06,-3.639384e-05,-7.096510e-05,-1.054032e-04,-1.397765e-04,1.731318e-05,1.643325e-05,1.538443e-05,1.616924e-05,2.009963e-05,2.524871e-05,3.059466e-05,3.566696e-05,3.985968e-05,4.386275e-05,4.735919e-05,4.817615e-05,4.344616e-05,3.111634e-05,1.048360e-05,-1.595085e-05,-4.448709e-05,-7.283476e-05
9.246097e-06,8.188386e-06,-4.137741e-05,3.567059e-04,3.434699e-04,3.277383e-04,3.160553e-04,3.550947e-04,3.897796e-04,4.188582e-04,4.041066e-04,2.891296e-04,8.563065e-05,-1.709895e-04,-3.614602e-04,-3.171078e-04,6.839260e-05,8.661804e-04,1.891679e-03,3.137303e-03,4.294123e-03,-4.172242e-04,-3.494062e-04,-2.815989e-04,-2.137521e-04,-1.460169e-04,-7.365711e-05,9.724015e-06,1.067426e-04,2.202906e-04,3.521591e-04,5.011025e-04,6.678173e-04,8.545526e-04,1.059538e-03,1.279931e-03,1.516167e-03,1.756529e-03,1.996363e-03,-5.229507e-05,-7.544436e-05,-9.858235e-05,-1.224708e-04,-1.466081e-04,-1.640481e-04,-1.667927e-04,-1.466968e-04,-9.574138e-05,-4.249955e-06,1.405904e-04,3.440659e-04,6.088723e-04,9.370735e-04,1.327043e-03,1.756706e-03,2.202265e-03,2.646716e-03,4.513367e-05,5.326859e-05,6.139806e-05,6.956418e-05,7.838372e-05,8.612757e-05,9.114892e-05,9.454425e-05,9.581842e-05,9.192128e-05,8.107384e-05,6.245763e-05,3.610874e-05,3.757201e-06,-3.175695e-05,-6.892752e-05,-1.060187e-04,-1.430241e-04,2.675572e-05,3.001459e-05,3.309769e-05,3.799022e-05,4.599441e-05,5.493167e-05,6.354372e-05,7.106458e-05,7.663918e-05,8.063635e-05,8.225053e-05,7.930867e-05,6.909704e-05,4.960535e-05,2.022512e-05,-1.586380e-05,-5.442531e-05,-9.276458e-05
1.095852e-05,1.205802e-05,-4.208965e-05,3.963464e-04,3.636923e-04,3.276774e-04,3.061921e-04,3.532585e-04,3.999499e-04,4.473213e-04,4.419922e-04,3.085190e-04,5.639475e-05,-3.080294e-04,-6.293607e-04,-6.759105e-04,-2.563584e-04,7.752633e-04,2.268676e-03,4.294123e-03,6.734342e-03,-5.287576e-04,-4.361235e-04,-3.435013e-04,-2.508308e-04,-1.582733e-04,-6.040986e-05,5.044507e-05,1.772365e-04,3.221477e-04,4.856257e-04,6.642337e-04,8.578794e-04,1.069404e-03,1.299435e-03,1.548075e-03,1.818378e-03,2.093900e-03,2.368757e-03,-1.160330e-04,-1.403298e-04,-1.646391e-04,-1.890170e-04,-2.114493e-04,-2.222968e-04,-2.104398e-04,-1.643677e-04,-7.271489e-05,7.776928e-05,3.045329e-04,6.125927e-04,1.002839e-03,1.476378e-03,2.029559e-03,2.633167e-03,3.256951e-03,3.879318e-03,5.709179e-05,6.540324e-05,7.370802e-05,8.206953e-05,9.118631e-05,9.923254e-05,1.043300e-04,1.074360e-04,1.080164e-04,1.030224e-04,9.090443e-05,7.102778e-05,4.346263e-05,9.764520e-06,-2.745504e-05,-6.693575e-05,-1.063697e-04,-1.456983e-04,3.529329e-05,4.263030e-05,4.978519e-05,5.872313e-05,7.073723e-05,8.340943e-05,9.525438e-05,1.052201e-04,1.122093e-04,1.162695e-04,1.161038e-04,1.095435e-04,9.403314e-05,6.760770e-05,2.975129e-05,-1.568764e-05,-6.395819e-05,-1.119751e-04
-1.785955e-04,5.004632e-06,-3.839502e-06,2.766827e-04,2.051880e-04,1.252655e-04,1.235240e-04,-7.395200e-06,-1.208834e-04,-6.955992e-05,1.021322e-05,8.951654e-05,1.815848e-04,2.886292e-04,3.239254e-04,2.262295e-04,3.473248e-05,-1.646940e-04,-3.063458e-04,-4.172242e-04,-5.287576e-04,5.920907e-03,4.944857e-03,4.008230e-03,3.150149e-03,2.410985e-03,1.806281e-03,1.342361e-03,1.006479e-03,7.818645e-04,6.466730e-04,5.804590e-04,5.616423e-04,5.716086e-04,5.992968e-04,6.353073e-04,6.718097e-04,7.082264e-04,7.445913e-04,-3.939624e-04,-4.163536e-04,-4.385193e-04,-4.576853e-04,-4.543342e-04,-4.243838e-04,-3.754158e-04,-3.180693e-04,-2.622877e-04,-2.156890e-04,-1.870617e-04,-1.758951e-04,-1.823649e-04,-2.040763e-04,-2.365930e-04,-2.749844e-04,-3.164664e-04,-3.578054e-04,-1.395492e-03,-1.339228e-03,-1.282795e-03,-1.226770e-03,-1.176066e-03,-1.131045e-03,-1.093866e-03,-1.061756e-03,-1.032872e-03,-1.003765e-03,-9.766277e-04,-9.529456e-04,-9.323029e-04,-9.130135e-04,-8.945703e-04,-8.777761e-04,-8.624110e-04,-8.469335e-04,1.555921e-04,1.375606e-04,1.195360e-04,1.007033e-04,7.667350e-05,4.730632e-05,1.632584e-05,-1.171475e-05,-3.212537e-05,-4.218029e-05,-4.065382e-05,-2.970430e-05,-1.283346e-05,8.493443e-06,3.469213e-05,6.437588e-05,9.497874e-05,1.254580e-04
-1.790392e-04,5.140467e-06,-3.137394e-06,2.474799e-04,1.798210e-04,1.049097e-04,9.811263e-05,-1.756159e-05,-1.131167e-04,-5.691546e-05,1.660396e-05,7.604132e-05,1.444020e-04,2.255387e-04,2.516484e-04,1.705460e-04,1.270143e-05,-1.496498e-04,-2.630663e-04,-3.494062e-04,-4.361235e-04,4.944857e-03,4.239662e-03,3.523963e-03,2.850299e-03,2.255300e-03,1.758742e-03,1.371133e-03,1.085490e-03,8.902125e-04,7.680812e-04,7.029249e-04,6.774094e-04,6.761005e-04,6.896901e-04,7.103531e-04,7.316215e-04,7.528702e-04,7.740612e-04,-3.523267e-04,-3.686708e-04,-3.848251e-04,-3.983035e-04,-3.922696e-04,-3.632253e-04,-3.178270e-04,-2.656483e-04,-2.155848e-04,-1.740816e-04,-1.482331e-04,-1.375472e-04,-1.422254e-04,-1.602019e-04,-1.875703e-04,-2.200989e-04,-2.554010e-04,-2.905854e-04,-1.418137e-03,-1.359485e-03,-1.300674e-03,-1.242178e-03,-1.188612e-03,-1.140431e-03,-1.099961e-03,-1.064704e-03,-1.032971e-03,-1.001364e-03,-9.721152e-04,-9.467653e-04,-9.248483e-04,-9.045593e-04,-8.853318e-04,-8.679569e-04,-8.520825e-04,-8.360883e-04,1.551218e-04,1.366802e-04,1.182511e-04,9.902771e-05,7.498705e-05,4.602615e-05,1.571264e-05,-1.153628e-05,-3.114436e-05,-4.055837e-05,-3.877373e-05,-2.788620e-05,-1.130628e-05,9.589973e-06,3.531173e-05,6.453543e-05,9.467067e-05,1.246830e-04
-1.794818e-04,5.277611e-06,-2.434774e-06,2.183010e-04,1.544613e-04,8.454455e-05,7.267612e-05,-2.775676e-05,-1.053700e-04,-4.427881e-05,2.299253e-05,6.256507e-05,1.072186e-04,1.624479e-04,1.793707e-04,1.148600e-04,-9.334666e-06,-1.346132e-04,-2.197963e-04,-2.815989e-04,-3.435013e-04,4.008230e-03,3.523963e-03,3.042560e-03,2.549721e-03,2.099839e-03,1.711161e-03,1.399924e-03,1.164496e-03,9.985564e-04,8.894808e-04,8.253802e-04,7.931641e-04,7.805791e-04,7.800692e-04,7.853840e-04,7.914179e-04,7.974981e-04,8.035146e-04,-3.106973e-04,-3.209944e-04,-3.311374e-04,-3.389283e-04,-3.302116e-04,-3.020736e-04,-2.602447e-04,-2.132336e-04,-1.688881e-04,-1.324803e-04,-1.094109e-04,-9.920629e-05,-1.020938e-04,-1.163364e-04,-1.385578e-04,-1.652249e-04,-1.943485e-04,-2.233797e-04,-1.440775e-03,-1.379736e-03,-1.318546e-03,-1.257578e-03,-1.201151e-03,-1.149811e-03,-1.106049e-03,-1.067645e-03,-1.033063e-03,-9.989568e-04,-9.675962e-04,-9.405789e-04,-9.173879e-04,-8.960994e-04,-8.760879e-04,-8.581326e-04,-8.417490e-04,-8.252384e-04,1.546590e-04,1.358077e-04,1.169745e-04,9.736085e-05,7.330963e-05,4.475521e-05,1.510871e-05,-1.134865e-05,-3.015443e-05,-3.892790e-05,-3.688554e-05,-2.606047e-05,-9.771939e-06,1.069327e-05,3.593776e-05,6.470109e-05,9.436840e-05,1.239135e-04
-1.799290e-04,5.410451e-06,-1.733079e-06,1.889433e-04,1.290116e-04,6.417804e-05,4.731661e-05,-3.784858e-05,-9.755118e-05,-3.161758e-05,2.938336e-05,4.908528e-05,7.002921e-05,9.934917e-05,1.070855e-04,5.917237e-05,-3.136261e-05,-1.195562e-04,-1.764955e-04,-2.137521e-04,-2.508308e-04,3.150149e-03,2.850299e-03,2.549721e-03,2.252073e-03,1.943498e-03,1.663759e-03,1.428643e-03,1.243526e-03,1.106921e-03,1.010918e-03,9.478800e-04,9.089695e-04,8.851122e-04,8.705056e-04,8.604744e-04,8.512758e-04,8.421894e-04,8.330333e-04,-2.691367e-04,-2.733715e-04,-2.774878e-04,-2.795772e-04,-2.681649e-04,-2.409224e-04,-2.026553e-04,-1.608061e-04,-1.221744e-04,-9.085840e-05,-7.056446e-05,-6.083724e-05,-6.192970e-05,-7.243387e-05,-8.950299e-05,-1.103031e-04,-1.332426e-04,-1.561149e-04,-1.463445e-03,-1.400019e-03,-1.336450e-03,-1.273011e-03,-1.213721e-03,-1.159222e-03,-1.112169e-03,-1.070616e-03,-1.033185e-03,-9.965781e-04,-9.631041e-04,-9.344179e-04,-9.099514e-04,-8.876620e-04,-8.668649e-04,-8.483279e-04,-8.314335e-04,-8.144052e-04,1.541715e-04,1.349089e-04,1.156698e-04,9.566443e-05,7.160144e-05,4.345271e-05,1.447308e-05,-1.119226e-05,-2.919476e-05,-3.732627e-05,-3.502450e-05,-2.426009e-05,-8.261164e-06,1.177464e-05,3.654341e-05,6.484791e-05,9.404882e-05,1.231282e-04
-1.803599e-04,5.558810e-06,-1.025912e-06,1.593650e-04,1.032549e-04,4.341969e-05,2.148368e-05,-4.836436e-05,-8.998836e-05,-1.903072e-05,3.577577e-05,3.561012e-05,3.284160e-05,3.625026e-05,3.478942e-05,3.446936e-06,-5.346139e-05,-1.045983e-04,-1.333056e-04,-1.460169e-04,-1.582733e-04,2.410985e-03,2.255300e-03,2.099839e-03,1.943498e-03,1.790507e-03,1.615728e-03,1.457663e-03,1.322492e-03,1.215229e-03,1.132231e-03,1.070228e-03,1.024599e-03,9.894540e-04,9.607394e-04,9.353535e-04,9.109141e-04,8.866527e-04,8.623157e-04,-2.278964e-04,-2.260383e-04,-2.240977e-04,-2.204534e-04,-2.063160e-04,-1.799408e-04,-1.452064e-04,-1.084927e-04,-7.555314e-05,-4.931400e-05,-3.178794e-05,-2.253708e-05,-2.183906e-05,-2.861378e-05,-4.054312e-05,-5.549078e-05,-7.226163e-05,-8.899060e-05,-1.486001e-03,-1.420188e-03,-1.354241e-03,-1.288331e-03,-1.226179e-03,-1.168520e-03,-1.118176e-03,-1.073477e-03,-1.033200e-03,-9.940969e-04,-9.585154e-04,-9.281657e-04,-9.024286e-04,-8.791427e-04,-8.575645e-04,-8.384498e-04,-8.210490e-04,-8.035069e-04,1.537855e-04,1.341139e-04,1.144717e-04,9.407648e-05,7.000323e-05,4.226096e-05,1.394756e-05,-1.092786e-05,-2.813045e-05,-3.562453e-05,-3.306856e-05,-2.237028e-05,-6.666102e-06,1.293588e-05,3.722506e-05,6.506708e-05,9.379801e-05,1.224081e-04
-1.806124e-04,5.859165e-06,-5.371650e-07,1.288568e-04,7.868888e-05,2.594538e-05,1.177708e-06,-5.289409e-05,-7.748812e-05,-3.696938e-06,4.364091e-05,2.310657e-05,-3.839671e-06,-2.658903e-05,-3.713935e-05,-5.127620e-05,-7.358169e-05,-8.656436e-05,-8.616775e-05,-7.365711e-05,-6.040986e-05,1.806281e-03,1.758742e-03,1.711161e-03,1.663759e-03,1.615728e-03,1.563248e-03,1.480888e-03,1.398712e-03,1.322041e-03,1.253246e-03,1.193054e-03,1.141265e-03,1.095220e-03,1.052677e-03,1.012154e-03,9.726777e-04,9.334454e-04,8.941319e-04,-1.881338e-04,-1.803640e-04,-1.725438e-04,-1.633534e-04,-1.465768e-04,-1.211037e-04,-8.991250e-05,-5.829494e-05,-3.094614e-05,-9.610737e-06,5.395296e-06,1.449231e-05,1.737623e-05,1.479226e-05,8.523552e-06,-1.461779e-08,-1.004082e-05,-2.005114e-05,-1.506591e-03,-1.438528e-03,-1.370340e-03,-1.302099e-03,-1.237231e-03,-1.176543e-03,-1.123010e-03,-1.075227e-03,-1.032135e-03,-9.905650e-04,-9.529183e-04,-9.209707e-04,-8.940548e-04,-8.698861e-04,-8.476528e-04,-8.280911e-04,-8.103134e-04,-7.923871e-04,1.544946e-04,1.344291e-04,1.143972e-04,9.363350e-05,6.956652e-05,4.224095e-05,1.459515e-05,-9.504457e-06,-2.593925e-05,-3.283908e-05,-3.007553e-05,-1.949959e-05,-4.164957e-06,1.490388e-05,3.858616e-05,6.581695e-05,9.392072e-05,1.219050e-04
-1.806146e-04,6.266695e-06,-3.782533e-07,9.955323e-05,5.742142e-05,1.371013e-05,-1.072204e-05,-4.857279e-05,-5.695228e-05,1.621497e-05,5.358973e-05,1.126146e-05,-4.118970e-05,-9.048647e-05,-1.095416e-04,-1.047060e-04,-8.992315e-05,-6.187512e-05,-2.996260e-05,9.724015e-06,5.044507e-05,1.342361e-03,1.371133e-03,1.399924e-03,1.428643e-03,1.457663e-03,1.480888e-03,1.494840e-03,1.466785e-03,1.425618e-03,1.373720e-03,1.317649e-03,1.261349e-03,1.205689e-03,1.150322e-03,1.095514e-03,1.041812e-03,9.884242e-04,9.349498e-04,-1.524259e-04,-1.397743e-04,-1.270990e-04,-1.133559e-04,-9.454977e-05,-7.011061e-05,-4.220053e-05,-1.509072e-05,7.506222e-06,2.497511e-05,3.864999e-05,4.893045e-05,5.548131e-05,5.870023e-05,5.983986e-05,5.954279e-05,5.813563e-05,5.671643e-05,-1.523706e-03,-1.453712e-03,-1.383600e-03,-1.313352e-03,-1.246111e-03,-1.182723e-03,-1.126258e-03,-1.075543e-03,-1.029708e-03,-9.857119e-04,-9.460411e-04,-9.125546e-04,-8.845473e-04,-8.596074e-04,-8.368427e-04,-8.169618e-04,-7.989343e-04,-7.807505e-04,1.559303e-04,1.355822e-04,1.152703e-04,9.425571e-05,7.027888e-05,4.340056e-05,1.640659e-05,-6.969042e-06,-2.271486e-05,-2.910678e-05,-2.621583e-05,-1.584732e-05,-9.888212e-07,1.740646e-05,4.029853e-05,6.670288e-05,9.395163e-05,1.210833e-04
-1.801870e-04,6.745782e-06,-1.974459e-07,7.256950e-05,3.857682e-05,3.800764e-06,-1.862134e-05,-4.198887e-05,-3.715216e-05,3.138986e-05,5.790701e-05,-4.798420e-06,-8.252583e-05,-1.577327e-04,-1.840319e-04,-1.576031e-04,-1.021893e-04,-2.904411e-05,3.762473e-05,1.067426e-04,1.772365e-04,1.006479e-03,1.085490e-03,1.164496e-03,1.243526e-03,1.322492e-03,1.398712e-03,1.466785e-03,1.517040e-03,1.515506e-03,1.487983e-03,1.440881e-03,1.384229e-03,1.322289e-03,1.256944e-03,1.190382e-03,1.124893e-03,1.059797e-03,9.946093e-04,-1.227804e-04,-1.069836e-04,-9.118362e-05,-7.455744e-05,-5.486298e-05,-3.191848e-05,-7.152491e-06,1.610194e-05,3.501918e-05,5.008928e-05,6.420558e-05,7.773724e-05,9.032283e-05,1.019897e-04,1.134570e-04,1.244985e-04,1.348966e-04,1.452504e-04,-1.535099e-03,-1.463759e-03,-1.392308e-03,-1.320646e-03,-1.251652e-03,-1.186158e-03,-1.127246e-03,-1.073919e-03,-1.025516e-03,-9.791585e-04,-9.374322e-04,-9.022975e-04,-8.730355e-04,-8.471261e-04,-8.236105e-04,-8.031843e-04,-7.846807e-04,-7.660130e-04,1.574206e-04,1.370287e-04,1.166749e-04,9.564028e-05,7.191642e-05,4.557319e-05,1.925983e-05,-3.414217e-06,-1.853388e-05,-2.451467e-05,-2.161099e-05,-1.157801e-05,2.666994e-06,2.024239e-05,4.217936e-05,6.757827e-05,9.378483e-05,1.198774e-04
-1.794932e-04,7.136793e-06,1.993320e-07,4.734409e-05,2.079450e-05,-5.957522e-06,-2.537267e-05,-3.645167e-05,-2.225157e-05,3.786193e-05,5.257609e-05,-2.770402e-05,-1.289492e-04,-2.276701e-04,-2.587064e-04,-2.072276e-04,-1.071331e-04,1.557767e-05,1.202305e-04,2.202906e-04,3.221477e-04,7.818645e-04,8.902125e-04,9.985564e-04,1.106921e-03,1.215229e-03,1.322041e-03,1.425618e-03,1.515506e-03,1.581050e-03,1.585099e-03,1.557295e-03,1.507814e-03,1.446376e-03,1.376957e-03,1.304074e-03,1.232045e-03,1.160508e-03,1.088872e-03,-9.678791e-05,-8.094664e-05,-6.511733e-05,-4.863548e-05,-3.051877e-05,-1.077277e-05,9.932861e-06,2.925787e-05,4.530644e-05,5.962176e-05,7.641025e-05,9.597208e-05,1.179012e-04,1.418012e-04,1.678395e-04,1.947708e-04,2.216781e-04,2.485016e-04,-1.541833e-03,-1.469770e-03,-1.397604e-03,-1.325159e-03,-1.255080e-03,-1.188127e-03,-1.127322e-03,-1.071788e-03,-1.021046e-03,-9.723812e-04,-9.284783e-04,-8.914152e-04,-8.604983e-04,-8.331334e-04,-8.083273e-04,-7.867969e-04,-7.672611e-04,-7.475529e-04,1.575694e-04,1.374244e-04,1.173194e-04,9.654280e-05,7.327534e-05,4.760170e-05,2.205100e-05,1.069611e-07,-1.441277e-05,-2.005747e-05,-1.723413e-05,-7.637446e-06,5.895290e-06,2.255769e-05,4.344156e-05,6.773330e-05,9.278904e-05,1.177342e-04
-1.785097e-04,7.226314e-06,6.518890e-07,2.487685e-05,4.896756e-06,-1.491036e-05,-3.071319e-05,-3.122561e-05,-1.045211e-05,3.963987e-05,4.340217e-05,-5.043562e-05,-1.727477e-04,-2.923688e-04,-3.263389e-04,-2.476925e-04,-1.000413e-04,7.588278e-05,2.210022e-04,3.521591e-04,4.856257e-04,6.466730e-04,7.680812e-04,8.894808e-04,1.010918e-03,1.132231e-03,1.253246e-03,1.373720e-03,1.487983e-03,1.585099e-03,1.651223e-03,1.652868e-03,1.623729e-03,1.573215e-03,1.509446e-03,1.439183e-03,1.369291e-03,1.300001e-03,1.230608e-03,-7.155536e-05,-5.905283e-05,-4.657290e-05,-3.355983e-05,-1.986294e-05,-5.477532e-06,9.744215e-06,2.454077e-05,3.802041e-05,5.279864e-05,7.405620e-05,1.020238e-04,1.362934e-04,1.760392e-04,2.208582e-04,2.683022e-04,3.165527e-04,3.646709e-04,-1.543715e-03,-1.471560e-03,-1.399308e-03,-1.326720e-03,-1.256233e-03,-1.188491e-03,-1.126406e-03,-1.069156e-03,-1.016396e-03,-9.655385e-04,-9.193632e-04,-8.800832e-04,-8.470804e-04,-8.177282e-04,-7.910269e-04,-7.677534e-04,-7.465475e-04,-7.251604e-04,1.549642e-04,1.352847e-04,1.156469e-04,9.534532e-05,7.270454e-05,4.783061e-05,2.314643e-05,2.009139e-06,-1.186997e-05,-1.717071e-05,-1.441040e-05,-5.227855e-06,7.606859e-06,2.334945e-05,4.313885e-05,6.625725e-05,9.008064e-05,1.137980e-04
-1.774197e-04,7.004878e-06,1.066130e-06,5.282977e-06,-8.845206e-06,-2.258532e-05,-3.443523e-05,-2.599069e-05,-9.269571e-07,3.859429e-05,3.325919e-05,-6.924507e-05,-2.075265e-04,-3.431889e-04,-3.787804e-04,-2.727735e-04,-7.669724e-05,1.543822e-04,3.408983e-04,5.011025e-04,6.642337e-04,5.804590e-04,7.029249e-04,8.253802e-04,9.478800e-04,1.070228e-03,1.193054e-03,1.317649e-03,1.440881e-03,1.557295e-03,1.652868e-03,1.717293e-03,1.721302e-03,1.697639e-03,1.652825e-03,1.597949e-03,1.542453e-03,1.487717e-03,1.432869e-03,-4.600446e-05,-3.964621e-05,-3.331736e-05,-2.654254e-05,-1.968058e-05,-1.258819e-05,-4.286935e-06,5.070587e-06,1.561871e-05,3.105135e-05,5.731989e-05,9.476567e-05,1.431140e-04,2.011991e-04,2.680306e-04,3.397447e-04,4.133683e-04,4.868004e-04,-1.542536e-03,-1.470794e-03,-1.398960e-03,-1.326742e-03,-1.256393e-03,-1.188423e-03,-1.125589e-03,-1.067068e-03,-1.012597e-03,-9.596711e-04,-9.111340e-04,-8.693264e-04,-8.337649e-04,-8.018354e-04,-7.725588e-04,-7.468161e-04,-7.232164e-04,-6.994260e-04,1.499163e-04,1.307908e-04,1.117081e-04,9.197336e-05,7.002219e-05,4.599015e-05,2.221210e-05,1.927932e-06,-1.125535e-05,-1.613534e-05,-1.331194e-05,-4.399492e-06,7.865716e-06,2.277262e-05,4.149573e-05,6.342825e-05,8.598311e-05,1.084382e-04
