1.160520e-08,-2.928779e-10,-1.268893e-12,-2.849568e-10,-1.240099e-10,3.743790e-11,1.761131e-10,2.969433e-10,3.863413e-10,4.476943e-10,4.488520e-10,3.995475e-10,3.590298e-10,3.573904e-10,4.123304e-10,5.431622e-10,7.494490e-10,9.778407e-10,1.242914e-09,1.533567e-09,1.819041e-09,-7.452491e-08,-7.433528e-08,-7.414563e-08,-7.395609e-08,-7.376621e-08,-7.357082e-08,-7.336590e-08,-7.314439e-08,-7.290742e-08,-7.265359e-08,-7.238525e-08,-7.210418e-08,-7.181169e-08,-7.150956e-08,-7.120120e-08,-7.089248e-08,-7.058531e-08,-7.027780e-08,2.975329e-09,2.923708e-09,2.872077e-09,2.818515e-09,2.759133e-09,2.692943e-09,2.617462e-09,2.533751e-09,2.441661e-09,2.340144e-09,2.231626e-09,2.116692e-09,1.997888e-09,1.875435e-09,1.747360e-09,1.614739e-09,1.481225e-09,1.347856e-09,9.621893e-08,9.305148e-08,8.988366e-08,8.671543e-08,8.355639e-08,8.040900e-08,7.728213e-08,7.417283e-08,7.108059e-08,6.799804e-08,6.493373e-08,6.189286e-08,5.887348e-08,5.586793e-08,5.287236e-08,4.988849e-08,4.691171e-08,4.393433e-08,-4.388202e-09,-3.989050e-09,-3.589928e-09,-3.189966e-09,-2.786566e-09,-2.384653e-09,-1.996527e-09,-1.636692e-09,-1.319770e-09,-1.052458e-09,-8.351771e-10,-6.607671e-10,-5.168142e-10,-3.965148e-10,-2.986896e-10,-2.165537e-10,-1.383944e-10,-5.974457e-11
-2.928779e-10,1.082186e-08,6.597312e-11,-2.431010e-10,-3.125031e-10,-3.728585e-10,-4.418383e-10,-5.118602e-10,-5.548932e-10,-5.735662e-10,-6.143286e-10,-6.858143e-10,-7.944574e-10,-8.914380e-10,-9.877507e-10,-1.047957e-09,-1.057112e-09,-1.012010e-09,-9.182233e-10,-8.277575e-10,-7.424669e-10,4.934513e-09,4.646665e-09,4.358847e-09,4.070927e-09,3.783370e-09,3.500238e-09,3.221678e-09,2.947180e-09,2.673237e-09,2.393368e-09,2.105660e-09,1.808943e-09,1.504671e-09,1.193971e-09,8.765372e-10,5.541026e-10,2.303907e-10,-9.309779e-11,-6.888409e-08,-6.868048e-08,-6.847663e-08,-6.827025e-08,-6.806560e-08,-6.786267e-08,-6.766542e-08,-6.747606e-08,-6.729667e-08,-6.712748e-08,-6.697259e-08,-6.682669e-08,-6.668660e-08,-6.654980e-08,-6.641456e-08,-6.627861e-08,-6.614119e-08,-6.600344e-08,-4.257706e-09,-3.865192e-09,-3.472688e-09,-3.079585e-09,-2.684139e-09,-2.290323e-09,-1.909315e-09,-1.554901e-09,-1.240226e-09,-9.712285e-10,-7.476952e-10,-5.625928e-10,-4.042294e-10,-2.664591e-10,-1.487426e-10,-4.543080e-11,5.402959e-11,1.539446e-10,8.089051e-08,7.930396e-08,7.771746e-08,7.612028e-08,7.450071e-08,7.283732e-08,7.111786e-08,6.933245e-08,6.748912e-08,6.559594e-08,6.367496e-08,6.173279e-08,5.977719e-08,5.781763e-08,5.585775e-08,5.389418e-08,5.192645e-08,4.995875e-08
-1.268893e-12,6.597312e-11,2.297863e-09,-1.958767e-08,-1.957432e-08,-1.955820e-08,-1.950408e-08,-1.943928e-08,-1.930955e-08,-1.912600e-08,-1.882308e-08,-1.842735e-08,-1.791362e-08,-1.739575e-08,-1.689779e-08,-1.642964e-08,-1.599563e-08,-1.559547e-08,-1.522960e-08,-1.487899e-08,-1.452504e-08,-1.241697e-09,-1.053811e-09,-8.659141e-10,-6.780296e-10,-4.900059e-10,-3.073080e-10,-1.332730e-10,3.723313e-11,2.069948e-10,3.732421e-10,5.340415e-10,6.889948e-10,8.392244e-10,9.866279e-10,1.132740e-09,1.279683e-09,1.427515e-09,1.575189e-09,-4.435549e-10,-4.916139e-10,-5.399099e-10,-5.827081e-10,-6.160697e-10,-6.445186e-10,-6.696253e-10,-6.903427e-10,-7.061804e-10,-7.128211e-10,-7.063246e-10,-6.888194e-10,-6.625936e-10,-6.301701e-10,-5.935472e-10,-5.541975e-10,-5.142412e-10,-4.744545e-10,-1.990133e-09,-1.742928e-09,-1.495800e-09,-1.247688e-09,-9.972232e-10,-7.377612e-10,-4.637948e-10,-1.781310e-10,1.202998e-10,4.401776e-10,7.874871e-10,1.164179e-09,1.568255e-09,1.993253e-09,2.429758e-09,2.870516e-09,3.311745e-09,3.752853e-09,1.563241e-10,2.220459e-10,2.882387e-10,3.490614e-10,4.010989e-10,4.490794e-10,4.948319e-10,5.385076e-10,5.810810e-10,6.187683e-10,6.498698e-10,6.793354e-10,7.145849e-10,7.605150e-10,8.183149e-10,8.846779e-10,9.538493e-10,1.022774e-09
-2.849568e-10,-2.431010e-10,-1.958767e-08,3.680784e-07,3.047193e-07,2.496155e-07,2.076149e-07,1.789400e-07,1.610152e-07,1.510368e-07,1.453347e-07,1.416710e-07,1.385016e-07,1.360896e-07,1.342881e-07,1.330587e-07,1.324186e-07,1.324330e-07,1.330264e-07,1.338920e-07,1.347207e-07,3.993370e-08,3.597494e-08,3.201598e-08,2.805651e-08,2.408558e-08,2.021141e-08,1.652791e-08,1.303693e-08,9.725852e-09,6.564217e-09,3.521461e-09,5.680311e-10,-2.324812e-09,-5.183331e-09,-8.027780e-09,-1.088091e-08,-1.374390e-08,-1.660534e-08,-3.967013e-08,-3.406397e-08,-2.843885e-08,-2.306869e-08,-1.812473e-08,-1.353001e-08,-9.251928e-09,-5.280277e-09,-1.602929e-09,1.802675e-09,4.959556e-09,7.911927e-09,1.069749e-08,1.336066e-08,1.594535e-08,1.848028e-08,2.099799e-08,2.351781e-08,1.183209e-08,1.017171e-08,8.512047e-09,6.838626e-09,5.138572e-09,3.346729e-09,1.406687e-09,-6.643709e-10,-2.877497e-09,-5.298569e-09,-7.971510e-09,-1.090726e-08,-1.408435e-08,-1.744432e-08,-2.090446e-08,-2.440147e-08,-2.790223e-08,-3.140190e-08,2.894784e-10,-3.605421e-10,-1.017065e-09,-1.604216e-09,-2.076137e-09,-2.479110e-09,-2.831838e-09,-3.138583e-09,-3.409893e-09,-3.620861e-09,-3.763507e-09,-3.882632e-09,-4.042716e-09,-4.286948e-09,-4.627598e-09,-5.038032e-09,-5.470791e-09,-5.901526e-09
-1.240099e-10,-3.125031e-10,-1.957432e-08,3.047193e-07,2.712464e-07,2.357707e-07,2.064815e-07,1.844888e-07,1.692391e-07,1.594286e-07,1.526961e-07,1.476466e-07,1.431075e-07,1.394475e-07,1.365285e-07,1.342600e-07,1.326018e-07,1.315521e-07,1.310291e-07,1.307489e-07,1.304330e-07,3.172897e-08,2.832254e-08,2.491586e-08,2.150903e-08,1.809200e-08,1.477068e-08,1.162894e-08,8.639620e-09,5.776879e-09,3.026157e-09,3.695841e-10,-2.213948e-09,-4.748119e-09,-7.255073e-09,-9.751063e-09,-1.225624e-08,-1.477089e-08,-1.728401e-08,-2.513877e-08,-2.116422e-08,-1.717420e-08,-1.339523e-08,-9.967882e-09,-6.807135e-09,-3.877166e-09,-1.171533e-09,1.320849e-09,3.602739e-09,5.678530e-09,7.583073e-09,9.346503e-09,1.100507e-08,1.259443e-08,1.413947e-08,1.566994e-08,1.720238e-08,1.371672e-08,1.193656e-08,1.015712e-08,8.365055e-09,6.548118e-09,4.641432e-09,2.590301e-09,4.160168e-10,-1.890517e-09,-4.397576e-09,-7.150935e-09,-1.016296e-08,-1.341338e-08,-1.684486e-08,-2.037568e-08,-2.394306e-08,-2.751419e-08,-3.108426e-08,-1.891720e-10,-7.974640e-10,-1.411744e-09,-1.961571e-09,-2.404670e-09,-2.788372e-09,-3.131673e-09,-3.438392e-09,-3.718973e-09,-3.946083e-09,-4.109522e-09,-4.253005e-09,-4.440180e-09,-4.713470e-09,-5.084373e-09,-5.525825e-09,-5.989988e-09,-6.452108e-09
3.743790e-11,-3.728585e-10,-1.955820e-08,2.496155e-07,2.357707e-07,2.226136e-07,2.052587e-07,1.901072e-07,1.774524e-07,1.678060e-07,1.600303e-07,1.535946e-07,1.476879e-07,1.427828e-07,1.387492e-07,1.354439e-07,1.327683e-07,1.306532e-07,1.290104e-07,1.275796e-07,1.261146e-07,2.341786e-08,2.057463e-08,1.773113e-08,1.488784e-08,1.203560e-08,9.278013e-09,6.688744e-09,4.211381e-09,1.806750e-09,-5.238598e-10,-2.785578e-09,-4.990965e-09,-7.158511e-09,-9.306133e-09,-1.144597e-08,-1.359551e-08,-1.575411e-08,-1.791121e-08,-1.036164e-08,-8.047613e-09,-5.721629e-09,-3.562816e-09,-1.680733e-09,1.802655e-11,1.572711e-09,2.986112e-09,4.268411e-09,5.402602e-09,6.374415e-09,7.209170e-09,7.929240e-09,8.562515e-09,9.136197e-09,9.671217e-09,1.019440e-08,1.071941e-08,1.559287e-08,1.369423e-08,1.179630e-08,9.886871e-09,7.954290e-09,5.933962e-09,3.772921e-09,1.496583e-09,-9.021764e-10,-3.494018e-09,-6.326562e-09,-9.413610e-09,-1.273608e-08,-1.623779e-08,-1.983801e-08,-2.347450e-08,-2.711475e-08,-3.075396e-08,-6.227159e-10,-1.187708e-09,-1.758170e-09,-2.269135e-09,-2.681990e-09,-3.045192e-09,-3.378070e-09,-3.684016e-09,-3.973376e-09,-4.216388e-09,-4.400604e-09,-4.568607e-09,-4.783167e-09,-5.085893e-09,-5.487474e-09,-5.960397e-09,-6.456437e-09,-6.950415e-09
1.761131e-10,-4.418383e-10,-1.950408e-08,2.076149e-07,2.064815e-07,2.052587e-07,2.032940e-07,1.946465e-07,1.851269e-07,1.758004e-07,1.671061e-07,1.593036e-07,1.520143e-07,1.458406e-07,1.406725e-07,1.363205e-07,1.326373e-07,1.294964e-07,1.268011e-07,1.243005e-07,1.217666e-07,1.630930e-08,1.391889e-08,1.152819e-08,9.138012e-09,6.740141e-09,4.435827e-09,2.290162e-09,2.199936e-10,-1.825436e-09,-3.828728e-09,-5.782791e-09,-7.692818e-09,-9.573521e-09,-1.143975e-08,-1.330073e-08,-1.517207e-08,-1.705227e-08,-1.893098e-08,6.235652e-10,1.658805e-09,2.702657e-09,3.619985e-09,4.328233e-09,4.925623e-09,5.452809e-09,5.907960e-09,6.299109e-09,6.589539e-09,6.747173e-09,6.790140e-09,6.735584e-09,6.605570e-09,6.421410e-09,6.201719e-09,5.971762e-09,5.743559e-09,1.715201e-08,1.515646e-08,1.316162e-08,1.115631e-08,9.129430e-09,7.016810e-09,4.767068e-09,2.409344e-09,-6.173132e-11,-2.719057e-09,-5.611889e-09,-8.755238e-09,-1.213101e-08,-1.568410e-08,-1.933467e-08,-2.302107e-08,-2.671117e-08,-3.040025e-08,-1.132216e-09,-1.657301e-09,-2.187354e-09,-2.662627e-09,-3.047722e-09,-3.391645e-09,-3.713762e-09,-4.016935e-09,-4.311247e-09,-4.564545e-09,-4.762242e-09,-4.945995e-09,-5.177893e-09,-5.498951e-09,-5.919328e-09,-6.411316e-09,-6.926590e-09,-7.439794e-09
2.969433e-10,-5.118602e-10,-1.943928e-08,1.789400e-07,1.844888e-07,1.901072e-07,1.946465e-07,1.972509e-07,1.914029e-07,1.834746e-07,1.742936e-07,1.653454e-07,1.567101e-07,1.492328e-07,1.428602e-07,1.373881e-07,1.326453e-07,1.284673e-07,1.247466e-07,1.212207e-07,1.176612e-07,9.484490e-09,7.518242e-09,5.551697e-09,3.585855e-09,1.613752e-09,-2.700715e-10,-2.010500e-09,-3.713614e-09,-5.438299e-09,-7.148670e-09,-8.824305e-09,-1.046333e-08,-1.207782e-08,-1.368093e-08,-1.528073e-08,-1.689199e-08,-1.851219e-08,-2.013088e-08,6.151902e-09,6.448055e-09,6.749969e-09,6.960268e-09,7.019496e-09,7.024272e-09,7.012794e-09,6.977594e-09,6.922890e-09,6.791808e-09,6.535237e-09,6.168136e-09,5.707038e-09,5.172462e-09,4.583658e-09,3.959195e-09,3.324553e-09,2.691670e-09,1.849812e-08,1.641690e-08,1.433636e-08,1.224627e-08,1.013595e-08,7.942335e-09,5.615853e-09,3.188808e-09,6.571292e-10,-2.054545e-09,-4.997139e-09,-8.186765e-09,-1.160613e-08,-1.520095e-08,-1.889215e-08,-2.261851e-08,-2.634842e-08,-3.007733e-08,-1.575349e-09,-2.077593e-09,-2.584374e-09,-3.040454e-09,-3.413258e-09,-3.751391e-09,-4.073756e-09,-4.382586e-09,-4.687482e-09,-4.953810e-09,-5.164882e-09,-5.361887e-09,-5.606784e-09,-5.940496e-09,-6.373124e-09,-6.877084e-09,-7.404246e-09,-7.929345e-09
3.863413e-10,-5.548932e-10,-1.930955e-08,1.610152e-07,1.692391e-07,1.774524e-07,1.851269e-07,1.914029e-07,1.948346e-07,1.893953e-07,1.811149e-07,1.715792e-07,1.618456e-07,1.530454e-07,1.452997e-07,1.384521e-07,1.323656e-07,1.268775e-07,1.218863e-07,1.171072e-07,1.122934e-07,6.122773e-09,4.252316e-09,2.381596e-09,5.115744e-10,-1.363134e-09,-3.159325e-09,-4.831655e-09,-6.501377e-09,-8.230769e-09,-9.963118e-09,-1.166335e-08,-1.332290e-08,-1.495316e-08,-1.656843e-08,-1.817915e-08,-1.980187e-08,-2.143380e-08,-2.306420e-08,8.638459e-09,8.562317e-09,8.489850e-09,8.351330e-09,8.103856e-09,7.834551e-09,7.575513e-09,7.313952e-09,7.049702e-09,6.706380e-09,6.219789e-09,5.606583e-09,4.888426e-09,4.089346e-09,3.230468e-09,2.332644e-09,1.423158e-09,5.155121e-10,1.941031e-08,1.727017e-08,1.513069e-08,1.298239e-08,1.081482e-08,8.566954e-09,6.191103e-09,3.721569e-09,1.154985e-09,-1.586513e-09,-4.555442e-09,-7.768780e-09,-1.120971e-08,-1.482448e-08,-1.853450e-08,-2.227890e-08,-2.602658e-08,-2.977327e-08,-1.766070e-09,-2.269873e-09,-2.777881e-09,-3.238371e-09,-3.620983e-09,-3.972684e-09,-4.311429e-09,-4.638889e-09,-4.964055e-09,-5.249944e-09,-5.477937e-09,-5.689161e-09,-5.945949e-09,-6.289590e-09,-6.730573e-09,-7.241844e-09,-7.775889e-09,-8.307901e-09
4.476943e-10,-5.735662e-10,-1.912600e-08,1.510368e-07,1.594286e-07,1.678060e-07,1.758004e-07,1.834746e-07,1.893953e-07,1.926077e-07,1.866127e-07,1.779903e-07,1.677310e-07,1.577904e-07,1.485209e-07,1.399553e-07,1.320776e-07,1.247978e-07,1.180627e-07,1.115702e-07,1.050420e-07,8.248422e-09,5.938166e-09,3.627700e-09,1.317808e-09,-9.953008e-10,-3.242341e-09,-5.388313e-09,-7.557410e-09,-9.807445e-09,-1.205893e-08,-1.426085e-08,-1.639869e-08,-1.848620e-08,-2.054334e-08,-2.258855e-08,-2.464454e-08,-2.671007e-08,-2.877406e-08,9.424237e-09,9.223856e-09,9.025795e-09,8.778172e-09,8.447929e-09,8.106711e-09,7.776752e-09,7.438795e-09,7.086529e-09,6.624836e-09,5.976646e-09,5.165590e-09,4.224979e-09,3.187822e-09,2.080948e-09,9.295192e-10,-2.363965e-10,-1.400339e-09,1.996797e-08,1.779067e-08,1.561401e-08,1.342904e-08,1.122539e-08,8.944591e-09,6.540937e-09,4.049062e-09,1.465309e-09,-1.290681e-09,-4.272920e-09,-7.498942e-09,-1.095191e-08,-1.457807e-08,-1.829875e-08,-2.205302e-08,-2.581019e-08,-2.956640e-08,-1.670621e-09,-2.206562e-09,-2.746470e-09,-3.241173e-09,-3.661900e-09,-4.053116e-09,-4.431385e-09,-4.797601e-09,-5.159832e-09,-5.478876e-09,-5.734362e-09,-5.967804e-09,-6.242536e-09,-6.600748e-09,-7.053764e-09,-7.575391e-09,-8.119053e-09,-8.660728e-09
4.488520e-10,-6.143286e-10,-1.882308e-08,1.453347e-07,1.526961e-07,1.600303e-07,1.671061e-07,1.742936e-07,1.811149e-07,1.866127e-07,1.892694e-07,1.830711e-07,1.738736e-07,1.634048e-07,1.527780e-07,1.422902e-07,1.322055e-07,1.226027e-07,1.135494e-07,1.047588e-07,9.593277e-08,1.078448e-08,7.916729e-09,5.048814e-09,2.181320e-09,-6.882738e-10,-3.502864e-09,-6.235542e-09,-9.000119e-09,-1.184345e-08,-1.466477e-08,-1.739727e-08,-2.002158e-08,-2.255649e-08,-2.503235e-08,-2.748175e-08,-2.993822e-08,-3.240417e-08,-3.486864e-08,1.041441e-08,1.012187e-08,9.830879e-09,9.499168e-09,9.096869e-09,8.677914e-09,8.253518e-09,7.797869e-09,7.298071e-09,6.643040e-09,5.745320e-09,4.639659e-09,3.376410e-09,2.001582e-09,5.495159e-10,-9.505736e-10,-2.467410e-09,-3.982203e-09,1.984596e-08,1.766690e-08,1.548846e-08,1.330206e-08,1.109733e-08,8.818344e-09,6.421201e-09,3.939033e-09,1.367214e-09,-1.376310e-09,-4.346614e-09,-7.561468e-09,-1.100367e-08,-1.461907e-08,-1.832856e-08,-2.207088e-08,-2.581574e-08,-2.955967e-08,-1.725144e-09,-2.306499e-09,-2.891652e-09,-3.433276e-09,-3.903542e-09,-4.343923e-09,-4.769392e-09,-5.179867e-09,-5.582308e-09,-5.935779e-09,-6.218493e-09,-6.472614e-09,-6.762829e-09,-7.132505e-09,-7.593979e-09,-8.122067e-09,-8.671314e-09,-9.218635e-09
3.995475e-10,-6.858143e-10,-1.842735e-08,1.416710e-07,1.476466e-07,1.535946e-07,1.593036e-07,1.653454e-07,1.715792e-07,1.779903e-07,1.830711e-07,1.857746e-07,1.791975e-07,1.698019e-07,1.584230e-07,1.461892e-07,1.337305e-07,1.214521e-07,1.096305e-07,9.805733e-08,8.645216e-08,1.041298e-08,7.194813e-09,3.976521e-09,7.585054e-10,-2.460886e-09,-5.633166e-09,-8.735305e-09,-1.186009e-08,-1.503596e-08,-1.814473e-08,-2.110547e-08,-2.389440e-08,-2.653653e-08,-2.907697e-08,-3.156869e-08,-3.406059e-08,-3.656107e-08,-3.906026e-08,1.285892e-08,1.236924e-08,1.188078e-08,1.135424e-08,1.075627e-08,1.012175e-08,9.450383e-09,8.709852e-09,7.879992e-09,6.841245e-09,5.501639e-09,3.910849e-09,2.140997e-09,2.540331e-10,-1.708279e-09,-3.715355e-09,-5.738883e-09,-7.760470e-09,1.916828e-08,1.701341e-08,1.485914e-08,1.269710e-08,1.051686e-08,8.264593e-09,5.897669e-09,3.446221e-09,9.037158e-10,-1.812513e-09,-4.758013e-09,-7.950566e-09,-1.137241e-08,-1.496857e-08,-1.865900e-08,-2.238180e-08,-2.610694e-08,-2.983117e-08,-2.022552e-09,-2.656941e-09,-3.295004e-09,-3.890686e-09,-4.416375e-09,-4.910314e-09,-5.385840e-09,-5.841789e-09,-6.283862e-09,-6.670393e-09,-6.978955e-09,-7.252612e-09,-7.557700e-09,-7.938931e-09,-8.409601e-09,-8.945337e-09,-9.501560e-09,-1.005591e-08
3.590298e-10,-7.944574e-10,-1.791362e-08,1.385016e-07,1.431075e-07,1.476879e-07,1.520143e-07,1.567101e-07,1.618456e-07,1.677310e-07,1.738736e-07,1.791975e-07,1.816345e-07,1.748792e-07,1.644779e-07,1.513674e-07,1.370617e-07,1.223371e-07,1.078133e-07,9.345537e-08,7.907459e-08,7.436880e-09,4.219337e-09,1.001700e-09,-2.215774e-09,-5.434215e-09,-8.610276e-09,-1.172096e-08,-1.483388e-08,-1.795571e-08,-2.095625e-08,-2.374072e-08,-2.627775e-08,-2.859619e-08,-3.075847e-08,-3.284232e-08,-3.491515e-08,-3.699425e-08,-3.907241e-08,1.574613e-08,1.491082e-08,1.407665e-08,1.320414e-08,1.225476e-08,1.124822e-08,1.017655e-08,9.004867e-09,7.708917e-09,6.171304e-09,4.301022e-09,2.161896e-09,-1.520454e-10,-2.564835e-09,-5.031853e-09,-7.527607e-09,-1.003433e-08,-1.253955e-08,1.849309e-08,1.635951e-08,1.422650e-08,1.208587e-08,9.927175e-09,7.698442e-09,5.357972e-09,2.932225e-09,4.123648e-10,-2.283549e-09,-5.211126e-09,-8.388431e-09,-1.179750e-08,-1.538259e-08,-1.906263e-08,-2.277507e-08,-2.648996e-08,-3.020395e-08,-2.647675e-09,-3.328238e-09,-4.012366e-09,-4.655127e-09,-5.228993e-09,-5.769270e-09,-6.288109e-09,-6.783759e-09,-7.261074e-09,-7.679179e-09,-8.015785e-09,-8.314450e-09,-8.642767e-09,-9.046370e-09,-9.538937e-09,-1.009629e-08,-1.067405e-08,-1.124996e-08
3.573904e-10,-8.914380e-10,-1.739575e-08,1.360896e-07,1.394475e-07,1.427828e-07,1.458406e-07,1.492328e-07,1.530454e-07,1.577904e-07,1.634048e-07,1.698019e-07,1.748792e-07,1.772677e-07,1.697154e-07,1.579514e-07,1.432678e-07,1.272880e-07,1.109973e-07,9.469668e-08,7.838817e-08,1.349442e-09,-1.275358e-09,-3.900240e-09,-6.525020e-09,-9.150608e-09,-1.173509e-08,-1.425132e-08,-1.673989e-08,-1.918530e-08,-2.145139e-08,-2.343287e-08,-2.508868e-08,-2.644626e-08,-2.758560e-08,-2.861086e-08,-2.960896e-08,-3.060911e-08,-3.160891e-08,1.784798e-08,1.653473e-08,1.522264e-08,1.387120e-08,1.243831e-08,1.093607e-08,9.356421e-09,7.669308e-09,5.853417e-09,3.805885e-09,1.446647e-09,-1.149535e-09,-3.872104e-09,-6.637680e-09,-9.407372e-09,-1.217102e-08,-1.493225e-08,-1.769290e-08,1.822867e-08,1.608930e-08,1.395050e-08,1.180417e-08,9.639911e-09,7.407059e-09,5.064187e-09,2.633643e-09,1.040237e-10,-2.605117e-09,-5.549052e-09,-8.746244e-09,-1.217910e-08,-1.579113e-08,-1.950001e-08,-2.324243e-08,-2.698793e-08,-3.073252e-08,-3.257800e-09,-3.972139e-09,-4.689950e-09,-5.367315e-09,-5.976934e-09,-6.552211e-09,-7.105163e-09,-7.634537e-09,-8.145385e-09,-8.599271e-09,-8.975399e-09,-9.317263e-09,-9.692852e-09,-1.014787e-08,-1.069529e-08,-1.130990e-08,-1.194601e-08,-1.258024e-08
4.123304e-10,-9.877507e-10,-1.689779e-08,1.342881e-07,1.365285e-07,1.387492e-07,1.406725e-07,1.428602e-07,1.452997e-07,1.485209e-07,1.527780e-07,1.584230e-07,1.644779e-07,1.697154e-07,1.718603e-07,1.639594e-07,1.519738e-07,1.372303e-07,1.215037e-07,1.054687e-07,8.945265e-08,-9.036078e-09,-1.018890e-08,-1.134179e-08,-1.249460e-08,-1.364825e-08,-1.475904e-08,-1.579226e-08,-1.676128e-08,-1.762999e-08,-1.826247e-08,-1.854912e-08,-1.844086e-08,-1.795702e-08,-1.719276e-08,-1.627718e-08,-1.531463e-08,-1.434798e-08,-1.338178e-08,1.887979e-08,1.716733e-08,1.545611e-08,1.370465e-08,1.186926e-08,9.961581e-09,7.980145e-09,5.906099e-09,3.727290e-09,1.365036e-09,-1.239782e-09,-4.002234e-09,-6.799856e-09,-9.547046e-09,-1.221784e-08,-1.482821e-08,-1.741438e-08,-2.000137e-08,1.856149e-08,1.638432e-08,1.420770e-08,1.202362e-08,9.821768e-09,7.552195e-09,5.173153e-09,2.702644e-09,1.266486e-10,-2.633253e-09,-5.631333e-09,-8.886171e-09,-1.238123e-08,-1.605946e-08,-1.983730e-08,-2.365088e-08,-2.746876e-08,-3.128571e-08,-3.945201e-09,-4.672071e-09,-5.402329e-09,-6.092997e-09,-6.717163e-09,-7.307318e-09,-7.876312e-09,-8.424367e-09,-8.957761e-09,-9.441895e-09,-9.858922e-09,-1.025216e-08,-1.068923e-08,-1.121515e-08,-1.184123e-08,-1.253985e-08,-1.326244e-08,-1.398303e-08
5.431622e-10,-1.047957e-09,-1.642964e-08,1.330587e-07,1.342600e-07,1.354439e-07,1.363205e-07,1.373881e-07,1.384521e-07,1.399553e-07,1.422902e-07,1.461892e-07,1.513674e-07,1.579514e-07,1.639594e-07,1.675386e-07,1.617507e-07,1.524951e-07,1.411176e-07,1.291129e-07,1.171422e-07,-2.483586e-08,-2.345174e-08,-2.206771e-08,-2.068356e-08,-1.930043e-08,-1.786997e-08,-1.634723e-08,-1.471823e-08,-1.292821e-08,-1.084626e-08,-8.362959e-09,-5.422789e-09,-2.036847e-09,1.687123e-09,5.598293e-09,9.578762e-09,1.357110e-08,1.756201e-08,1.816523e-08,1.642805e-08,1.469218e-08,1.291584e-08,1.105593e-08,9.129798e-09,7.148332e-09,5.109174e-09,3.014600e-09,8.170517e-10,-1.514686e-09,-3.887644e-09,-6.171594e-09,-8.281706e-09,-1.020801e-08,-1.200214e-08,-1.374276e-08,-1.548605e-08,1.964276e-08,1.739227e-08,1.514231e-08,1.288496e-08,1.061003e-08,8.267778e-09,5.815590e-09,3.266924e-09,6.051285e-10,-2.245921e-09,-5.339105e-09,-8.692792e-09,-1.229141e-08,-1.607742e-08,-1.996623e-08,-2.389389e-08,-2.782759e-08,-3.176035e-08,-4.444683e-09,-5.170889e-09,-5.900406e-09,-6.591199e-09,-7.216931e-09,-7.810152e-09,-8.385438e-09,-8.945332e-09,-9.498191e-09,-1.001427e-08,-1.047961e-08,-1.093701e-08,-1.145309e-08,-1.207164e-08,-1.280192e-08,-1.361284e-08,-1.445141e-08,-1.528781e-08
7.494490e-10,-1.057112e-09,-1.599563e-08,1.324186e-07,1.326018e-07,1.327683e-07,1.326373e-07,1.326453e-07,1.323656e-07,1.320776e-07,1.322055e-07,1.337305e-07,1.370617e-07,1.432678e-07,1.519738e-07,1.617507e-07,1.705155e-07,1.711604e-07,1.693828e-07,1.663247e-07,1.633873e-07,-4.501252e-08,-4.023623e-08,-3.546005e-08,-3.068367e-08,-2.590859e-08,-2.107962e-08,-1.613965e-08,-1.104777e-08,-5.732584e-09,-7.110027e-11,6.043744e-09,1.267435e-08,1.981889e-08,2.735798e-08,3.512106e-08,4.297915e-08,5.085816e-08,5.873463e-08,1.499484e-08,1.382103e-08,1.264856e-08,1.143680e-08,1.014617e-08,8.805994e-09,7.445146e-09,6.082884e-09,4.741135e-09,3.408691e-09,2.087092e-09,8.732909e-10,-1.005471e-10,-7.550563e-10,-1.098069e-09,-1.224258e-09,-1.262172e-09,-1.304925e-09,2.144876e-08,1.909217e-08,1.673612e-08,1.437275e-08,1.199213e-08,9.544295e-09,6.985404e-09,4.324315e-09,1.541826e-09,-1.435852e-09,-4.660097e-09,-8.148986e-09,-1.188794e-08,-1.581902e-08,-1.985665e-08,-2.393714e-08,-2.802580e-08,-3.211346e-08,-4.636365e-09,-5.352146e-09,-6.071159e-09,-6.752405e-09,-7.370423e-09,-7.958801e-09,-8.534703e-09,-9.103785e-09,-9.677272e-09,-1.023102e-08,-1.075561e-08,-1.129266e-08,-1.190702e-08,-1.264071e-08,-1.350065e-08,-1.445146e-08,-1.543452e-08,-1.641518e-08
9.778407e-10,-1.012010e-09,-1.559547e-08,1.324330e-07,1.315521e-07,1.306532e-07,1.294964e-07,1.284673e-07,1.268775e-07,1.247978e-07,1.226027e-07,1.214521e-07,1.223371e-07,1.272880e-07,1.372303e-07,1.524951e-07,1.711604e-07,1.908036e-07,2.038250e-07,2.158617e-07,2.278608e-07,-6.666456e-08,-5.812356e-08,-4.958267e-08,-4.104149e-08,-3.250193e-08,-2.390060e-08,-1.516723e-08,-6.235145e-09,2.981565e-09,1.259619e-08,2.271279e-08,3.340264e-08,4.467671e-08,5.640624e-08,6.840273e-08,8.052639e-08,9.268113e-08,1.048321e-07,8.770128e-09,8.815128e-09,8.861418e-09,8.871679e-09,8.814208e-09,8.737160e-09,8.693594e-09,8.730147e-09,8.894276e-09,9.216126e-09,9.734138e-09,1.054529e-08,1.177830e-08,1.350133e-08,1.567991e-08,1.816937e-08,2.078557e-08,2.339448e-08,2.354013e-08,2.105998e-08,1.858035e-08,1.609355e-08,1.358993e-08,1.101910e-08,8.335737e-09,5.544202e-09,2.622891e-09,-4.996960e-10,-3.873563e-09,-7.516714e-09,-1.141595e-08,-1.551309e-08,-1.972176e-08,-2.397852e-08,-2.824587e-08,-3.251213e-08,-4.440329e-09,-5.144449e-09,-5.851716e-09,-6.522352e-09,-7.132278e-09,-7.717140e-09,-8.297556e-09,-8.883112e-09,-9.488700e-09,-1.009645e-08,-1.070203e-08,-1.134534e-08,-1.208879e-08,-1.297186e-08,-1.399806e-08,-1.512686e-08,-1.629313e-08,-1.745672e-08
1.242914e-09,-9.182233e-10,-1.522960e-08,1.330264e-07,1.310291e-07,1.290104e-07,1.268011e-07,1.247466e-07,1.218863e-07,1.180627e-07,1.135494e-07,1.096305e-07,1.078133e-07,1.109973e-07,1.215037e-07,1.411176e-07,1.693828e-07,2.038250e-07,2.412422e-07,2.742119e-07,3.079189e-07,-8.766495e-08,-7.540605e-08,-6.314730e-08,-5.088812e-08,-3.863088e-08,-2.630354e-08,-1.382263e-08,-1.097729e-09,1.196906e-08,2.547977e-08,3.953474e-08,5.421532e-08,6.954830e-08,8.539900e-08,1.015642e-07,1.178953e-07,1.342686e-07,1.506367e-07,-3.835536e-11,1.715583e-09,3.470694e-09,5.194918e-09,6.868364e-09,8.563467e-09,1.036216e-08,1.234279e-08,1.458281e-08,1.715710e-08,2.014367e-08,2.363703e-08,2.775881e-08,3.256229e-08,3.797999e-08,4.381065e-08,4.980963e-08,5.579861e-08,2.603366e-08,2.340885e-08,2.078457e-08,1.815330e-08,1.550577e-08,1.279102e-08,9.962228e-09,7.019460e-09,3.938939e-09,6.514065e-10,-2.891848e-09,-6.708921e-09,-1.078833e-08,-1.507196e-08,-1.947298e-08,-2.392846e-08,-2.839717e-08,-3.286471e-08,-3.887148e-09,-4.579176e-09,-5.274260e-09,-5.934008e-09,-6.536187e-09,-7.119307e-09,-7.708109e-09,-8.316742e-09,-8.964384e-09,-9.639885e-09,-1.034431e-08,-1.111557e-08,-1.201317e-08,-1.307351e-08,-1.429596e-08,-1.563408e-08,-1.701538e-08,-1.839370e-08
1.533567e-09,-8.277575e-10,-1.487899e-08,1.338920e-07,1.307489e-07,1.275796e-07,1.243005e-07,1.212207e-07,1.171072e-07,1.115702e-07,1.047588e-07,9.805733e-08,9.345537e-08,9.469668e-08,1.054687e-07,1.291129e-07,1.663247e-07,2.158617e-07,2.742119e-07,3.385006e-07,4.008331e-07,-1.075086e-07,-9.169478e-08,-7.588110e-08,-6.006685e-08,-4.425486e-08,-2.836452e-08,-1.229966e-08,4.052205e-09,2.079895e-08,3.802977e-08,5.583992e-08,7.432031e-08,9.351418e-08,1.132827e-07,1.334099e-07,1.537402e-07,1.741241e-07,1.945015e-07,-9.869818e-09,-6.214506e-09,-2.558170e-09,1.073300e-09,4.673796e-09,8.342387e-09,1.219176e-08,1.633363e-08,2.087721e-08,2.594343e-08,3.165091e-08,3.809095e-08,4.537671e-08,5.354557e-08,6.249537e-08,7.196568e-08,8.164853e-08,9.131856e-08,2.883405e-08,2.604422e-08,2.325492e-08,2.045881e-08,1.764702e-08,1.476799e-08,1.177343e-08,8.659296e-09,5.399838e-09,1.928116e-09,-1.803222e-09,-5.812347e-09,-1.008959e-08,-1.457702e-08,-1.918754e-08,-2.385892e-08,-2.854634e-08,-3.323250e-08,-3.355379e-09,-4.031170e-09,-4.709925e-09,-5.354692e-09,-5.945296e-09,-6.523405e-09,-7.118120e-09,-7.748399e-09,-8.437987e-09,-9.182657e-09,-9.989073e-09,-1.089310e-08,-1.195122e-08,-1.319659e-08,-1.462421e-08,-1.618148e-08,-1.778806e-08,-1.939134e-08
1.819041e-09,-7.424669e-10,-1.452504e-08,1.347207e-07,1.304330e-07,1.261146e-07,1.217666e-07,1.176612e-07,1.122934e-07,1.050420e-07,9.593277e-08,8.645216e-08,7.907459e-08,7.838817e-08,8.945265e-08,1.171422e-07,1.633873e-07,2.278608e-07,3.079189e-07,4.008331e-07,5.020461e-07,-1.273582e-07,-1.079863e-07,-8.861449e-08,-6.924201e-08,-4.987211e-08,-3.041565e-08,-1.076371e-08,9.218312e-09,2.964837e-08,5.060284e-08,7.217199e-08,9.445626e-08,1.175153e-07,1.412059e-07,1.652992e-07,1.896328e-07,2.140314e-07,2.384220e-07,-1.960412e-08,-1.406112e-08,-8.517233e-09,-2.992242e-09,2.521427e-09,8.149322e-09,1.403475e-08,2.032271e-08,2.715401e-08,3.469558e-08,4.310658e-08,5.247516e-08,6.290613e-08,7.442107e-08,8.688327e-08,9.997334e-08,1.133201e-07,1.266513e-07,3.159876e-08,2.864364e-08,2.568906e-08,2.272785e-08,1.975151e-08,1.670791e-08,1.354725e-08,1.026139e-08,6.822574e-09,3.166189e-09,-7.537585e-10,-4.955521e-09,-9.431232e-09,-1.412315e-08,-1.894388e-08,-2.383189e-08,-2.873875e-08,-3.364428e-08,-2.854124e-09,-3.514645e-09,-4.178035e-09,-4.808786e-09,-5.388771e-09,-5.962787e-09,-6.564272e-09,-7.216977e-09,-7.949201e-09,-8.763639e-09,-9.672550e-09,-1.070978e-08,-1.192878e-08,-1.335947e-08,-1.499254e-08,-1.676916e-08,-1.860125e-08,-2.042971e-08
-7.452491e-08,4.934513e-09,-1.241697e-09,3.993370e-08,3.172897e-08,2.341786e-08,1.630930e-08,9.484490e-09,6.122773e-09,8.248422e-09,1.078448e-08,1.041298e-08,7.436880e-09,1.349442e-09,-9.036078e-09,-2.483586e-08,-4.501252e-08,-6.666456e-08,-8.766495e-08,-1.075086e-07,-1.273582e-07,1.039171e-06,9.699794e-07,9.015936e-07,8.348177e-07,7.704645e-07,7.090839e-07,6.510768e-07,5.963810e-07,5.447584e-07,4.957398e-07,4.488353e-07,4.035227e-07,3.592889e-07,3.157752e-07,2.726785e-07,2.297284e-07,1.867778e-07,1.438245e-07,-1.251910e-07,-1.167737e-07,-1.083569e-07,-9.987112e-08,-9.110693e-08,-8.203928e-08,-7.282169e-08,-6.370095e-08,-5.490533e-08,-4.654624e-08,-3.869211e-08,-3.134361e-08,-2.452872e-08,-1.820323e-08,-1.221573e-08,-6.432266e-09,-7.657764e-10,4.904472e-09,-5.545359e-07,-5.398344e-07,-5.251290e-07,-5.104365e-07,-4.958705e-07,-4.814850e-07,-4.673768e-07,-4.535310e-07,-4.399376e-07,-4.265269e-07,-4.133294e-07,-4.003496e-07,-3.875452e-07,-3.748491e-07,-3.622219e-07,-3.496531e-07,-3.371123e-07,-3.245683e-07,5.896672e-08,5.501442e-08,5.106246e-08,4.709702e-08,4.307169e-08,3.901630e-08,3.503801e-08,3.125791e-08,2.779590e-08,2.470806e-08,2.200513e-08,1.963569e-08,1.751715e-08,1.560175e-08,1.386784e-08,1.226205e-08,1.069957e-08,9.133265e-09
-7.433528e-08,4.646665e-09,-1.053811e-09,3.597494e-08,2.832254e-08,2.057463e-08,1.391889e-08,7.518242e-09,4.252316e-09,5.938166e-09,7.916729e-09,7.194813e-09,4.219337e-09,-1.275358e-09,-1.018890e-08,-2.345174e-08,-4.023623e-08,-5.812356e-08,-7.540605e-08,-9.169478e-08,-1.079863e-07,9.699794e-07,9.122030e-07,8.542111e-07,7.970816e-07,7.415530e-07,6.882171e-07,6.375056e-07,5.894331e-07,5.438501e-07,5.003863e-07,4.586531e-07,4.182295e-07,3.786944e-07,3.397508e-07,3.011494e-07,2.626702e-07,2.241913e-07,1.857099e-07,-1.148323e-07,-1.070573e-07,-9.928258e-08,-9.144484e-08,-8.335380e-08,-7.498749e-08,-6.648524e-08,-5.807336e-08,-4.996091e-08,-4.224458e-08,-3.498145e-08,-2.816733e-08,-2.182089e-08,-1.589949e-08,-1.026959e-08,-4.815436e-09,5.374066e-10,5.893470e-09,-5.593137e-07,-5.439068e-07,-5.284960e-07,-5.130968e-07,-4.978175e-07,-4.827089e-07,-4.678645e-07,-4.532698e-07,-4.389160e-07,-4.247349e-07,-4.107590e-07,-3.969957e-07,-3.834055e-07,-3.699228e-07,-3.565095e-07,-3.431576e-07,-3.298365e-07,-3.165120e-07,5.583286e-08,5.203245e-08,4.823239e-08,4.441957e-08,4.055072e-08,3.665616e-08,3.284067e-08,2.922302e-08,2.592089e-08,2.298860e-08,2.043550e-08,1.821086e-08,1.623174e-08,1.445024e-08,1.284620e-08,1.136704e-08,9.928860e-09,8.486947e-09
-7.414563e-08,4.358847e-09,-8.659141e-10,3.201598e-08,2.491586e-08,1.773113e-08,1.152819e-08,5.551697e-09,2.381596e-09,3.627700e-09,5.048814e-09,3.976521e-09,1.001700e-09,-3.900240e-09,-1.134179e-08,-2.206771e-08,-3.546005e-08,-4.958267e-08,-6.314730e-08,-7.588110e-08,-8.861449e-08,9.015936e-07,8.542111e-07,8.068866e-07,7.593302e-07,7.126458e-07,6.673492e-07,6.239347e-07,5.824851e-07,5.429418e-07,5.050327e-07,4.684708e-07,4.329362e-07,3.980997e-07,3.637263e-07,3.296201e-07,2.956117e-07,2.616044e-07,2.275948e-07,-1.044734e-07,-9.734061e-08,-9.020813e-08,-8.301847e-08,-7.560061e-08,-6.793568e-08,-6.014879e-08,-5.244582e-08,-4.501655e-08,-3.794303e-08,-3.127091e-08,-2.499121e-08,-1.911324e-08,-1.359597e-08,-8.323685e-09,-3.198870e-09,1.840298e-09,6.882150e-09,-5.640914e-07,-5.479790e-07,-5.318629e-07,-5.157569e-07,-4.997643e-07,-4.839327e-07,-4.683520e-07,-4.530085e-07,-4.378942e-07,-4.229427e-07,-4.081885e-07,-3.936416e-07,-3.792657e-07,-3.649964e-07,-3.507969e-07,-3.366620e-07,-3.225605e-07,-3.084555e-07,5.269922e-08,4.905071e-08,4.540253e-08,4.174234e-08,3.802996e-08,3.429622e-08,3.064354e-08,2.718832e-08,2.404607e-08,2.126931e-08,1.886605e-08,1.678621e-08,1.494651e-08,1.329889e-08,1.182471e-08,1.047217e-08,9.158294e-09,7.840765e-09
-7.395609e-08,4.070927e-09,-6.780296e-10,2.805651e-08,2.150903e-08,1.488784e-08,9.138012e-09,3.585855e-09,5.115744e-10,1.317808e-09,2.181320e-09,7.585054e-10,-2.215774e-09,-6.525020e-09,-1.249460e-08,-2.068356e-08,-3.068367e-08,-4.104149e-08,-5.088812e-08,-6.006685e-08,-6.924201e-08,8.348177e-07,7.970816e-07,7.593302e-07,7.216403e-07,6.837218e-07,6.464857e-07,6.103627e-07,5.755376e-07,5.420337e-07,5.096795e-07,4.782890e-07,4.476435e-07,4.175058e-07,3.877027e-07,3.580917e-07,3.285543e-07,2.990188e-07,2.694812e-07,-9.411697e-08,-8.762614e-08,-8.113557e-08,-7.459368e-08,-6.784871e-08,-6.088489e-08,-5.381309e-08,-4.681875e-08,-4.007242e-08,-3.364145e-08,-2.756011e-08,-2.181460e-08,-1.640488e-08,-1.129152e-08,-6.376641e-09,-1.580950e-09,3.144757e-09,7.872610e-09,-5.688699e-07,-5.520520e-07,-5.352307e-07,-5.184179e-07,-5.017120e-07,-4.851572e-07,-4.688403e-07,-4.527479e-07,-4.368732e-07,-4.211512e-07,-4.056185e-07,-3.902881e-07,-3.751264e-07,-3.600705e-07,-3.450848e-07,-3.301668e-07,-3.152849e-07,-3.003994e-07,4.956475e-08,4.606815e-08,4.257187e-08,3.906432e-08,3.550844e-08,3.193553e-08,2.844568e-08,2.515292e-08,2.217056e-08,1.954937e-08,1.729597e-08,1.536096e-08,1.366070e-08,1.214701e-08,1.080272e-08,9.576832e-09,8.387288e-09,7.194174e-09
-7.376621e-08,3.783370e-09,-4.900059e-10,2.408558e-08,1.809200e-08,1.203560e-08,6.740141e-09,1.613752e-09,-1.363134e-09,-9.953008e-10,-6.882738e-10,-2.460886e-09,-5.434215e-09,-9.150608e-09,-1.364825e-08,-1.930043e-08,-2.590859e-08,-3.250193e-08,-3.863088e-08,-4.425486e-08,-4.987211e-08,7.704645e-07,7.415530e-07,7.126458e-07,6.837218e-07,6.548629e-07,6.256075e-07,5.967963e-07,5.685892e-07,5.411256e-07,5.143253e-07,4.881056e-07,4.623485e-07,4.369088e-07,4.116753e-07,3.865590e-07,3.614920e-07,3.364276e-07,3.113613e-07,-8.376316e-08,-7.791422e-08,-7.206548e-08,-6.617129e-08,-6.009915e-08,-5.383635e-08,-4.747959e-08,-4.119383e-08,-3.513040e-08,-2.934195e-08,-2.385138e-08,-1.864004e-08,-1.369857e-08,-8.989116e-09,-4.431654e-09,3.490334e-11,4.447139e-09,8.860984e-09,-5.736458e-07,-5.561225e-07,-5.385959e-07,-5.210764e-07,-5.036572e-07,-4.863794e-07,-4.693263e-07,-4.524851e-07,-4.358500e-07,-4.193576e-07,-4.030466e-07,-3.869327e-07,-3.709853e-07,-3.551428e-07,-3.393709e-07,-3.236700e-07,-3.080078e-07,-2.923419e-07,4.643328e-08,4.308851e-08,3.974405e-08,3.638906e-08,3.298960e-08,2.957745e-08,2.625034e-08,2.311995e-08,2.029741e-08,1.783170e-08,1.572807e-08,1.393779e-08,1.237689e-08,1.099703e-08,9.782536e-09,8.683219e-09,7.617920e-09,6.549133e-09
-7.357082e-08,3.500238e-09,-3.073080e-10,2.021141e-08,1.477068e-08,9.278013e-09,4.435827e-09,-2.700715e-10,-3.159325e-09,-3.242341e-09,-3.502864e-09,-5.633166e-09,-8.610276e-09,-1.173509e-08,-1.475904e-08,-1.786997e-08,-2.107962e-08,-2.390060e-08,-2.630354e-08,-2.836452e-08,-3.041565e-08,7.090839e-07,6.882171e-07,6.673492e-07,6.464857e-07,6.256075e-07,6.046486e-07,5.830905e-07,5.615423e-07,5.401320e-07,5.189052e-07,4.978735e-07,4.770222e-07,4.562974e-07,4.356502e-07,4.150451e-07,3.944648e-07,3.738880e-07,3.533095e-07,-7.352415e-08,-6.831060e-08,-6.309720e-08,-5.784424e-08,-5.243833e-08,-4.686994e-08,-4.122160e-08,-3.563780e-08,-3.025062e-08,-2.509806e-08,-2.019165e-08,-1.550791e-08,-1.102811e-08,-6.715963e-09,-2.509288e-09,1.634779e-09,5.740202e-09,9.846697e-09,-5.783633e-07,-5.601376e-07,-5.419087e-07,-5.236854e-07,-5.055560e-07,-4.875581e-07,-4.697717e-07,-4.521845e-07,-4.347918e-07,-4.175317e-07,-4.004451e-07,-3.835504e-07,-3.668201e-07,-3.501937e-07,-3.336385e-07,-3.171573e-07,-3.007175e-07,-2.842740e-07,4.334607e-08,4.015156e-08,3.695734e-08,3.375334e-08,3.050870e-08,2.725572e-08,2.408973e-08,2.112008e-08,1.845569e-08,1.614377e-08,1.418824e-08,1.254101e-08,1.111776e-08,9.869986e-09,8.783524e-09,7.808971e-09,6.866099e-09,5.919824e-09
-7.336590e-08,3.221678e-09,-1.332730e-10,1.652791e-08,1.162894e-08,6.688744e-09,2.290162e-09,-2.010500e-09,-4.831655e-09,-5.388313e-09,-6.235542e-09,-8.735305e-09,-1.172096e-08,-1.425132e-08,-1.579226e-08,-1.634723e-08,-1.613965e-08,-1.516723e-08,-1.382263e-08,-1.229966e-08,-1.076371e-08,6.510768e-07,6.375056e-07,6.239347e-07,6.103627e-07,5.967963e-07,5.830905e-07,5.691360e-07,5.542214e-07,5.389376e-07,5.233291e-07,5.075362e-07,4.916384e-07,4.756760e-07,4.596620e-07,4.436146e-07,4.275674e-07,4.115246e-07,3.954801e-07,-6.355815e-08,-5.896471e-08,-5.437132e-08,-4.974425e-08,-4.498867e-08,-4.009814e-08,-3.514110e-08,-3.024160e-08,-2.551255e-08,-2.097741e-08,-1.663653e-08,-1.246158e-08,-8.424478e-09,-4.490509e-09,-6.153478e-10,3.225594e-09,7.043630e-09,1.086220e-08,-5.829689e-07,-5.640470e-07,-5.451221e-07,-5.262013e-07,-5.073680e-07,-4.886561e-07,-4.701425e-07,-4.518152e-07,-4.336704e-07,-4.156481e-07,-3.977913e-07,-3.801211e-07,-3.626131e-07,-3.452083e-07,-3.278749e-07,-3.106188e-07,-2.934067e-07,-2.761908e-07,4.031857e-08,3.727183e-08,3.422538e-08,3.116989e-08,2.807755e-08,2.498109e-08,2.197351e-08,1.916178e-08,1.665264e-08,1.449159e-08,1.268120e-08,1.117406e-08,9.885444e-09,8.766694e-09,7.805121e-09,6.952138e-09,6.128475e-09,5.301495e-09
-7.314439e-08,2.947180e-09,3.723313e-11,1.303693e-08,8.639620e-09,4.211381e-09,2.199936e-10,-3.713614e-09,-6.501377e-09,-7.557410e-09,-9.000119e-09,-1.186009e-08,-1.483388e-08,-1.673989e-08,-1.676128e-08,-1.471823e-08,-1.104777e-08,-6.235145e-09,-1.097729e-09,4.052205e-09,9.218312e-09,5.963810e-07,5.894331e-07,5.824851e-07,5.755376e-07,5.685892e-07,5.615423e-07,5.542214e-07,5.463627e-07,5.372509e-07,5.274037e-07,5.169631e-07,5.061375e-07,4.950527e-07,4.837863e-07,4.724103e-07,4.610097e-07,4.496143e-07,4.382175e-07,-5.399321e-08,-5.000177e-08,-4.601031e-08,-4.199082e-08,-3.786624e-08,-3.363284e-08,-2.934494e-08,-2.510615e-08,-2.101014e-08,-1.706594e-08,-1.326295e-08,-9.568102e-09,-5.944056e-09,-2.357842e-09,1.216848e-09,4.786107e-09,8.348410e-09,1.191070e-08,-5.874012e-07,-5.677919e-07,-5.481799e-07,-5.285704e-07,-5.090420e-07,-4.896250e-07,-4.703926e-07,-4.513332e-07,-4.324440e-07,-4.136668e-07,-3.950467e-07,-3.766077e-07,-3.583285e-07,-3.401514e-07,-3.220461e-07,-3.040212e-07,-2.860431e-07,-2.680609e-07,3.734643e-08,3.444582e-08,3.154549e-08,2.863684e-08,2.569496e-08,2.275304e-08,1.990169e-08,1.724552e-08,1.488904e-08,1.287606e-08,1.120789e-08,9.837740e-09,8.680555e-09,7.687496e-09,6.847367e-09,6.112422e-09,5.404392e-09,4.693131e-09
-7.290742e-08,2.673237e-09,2.069948e-10,9.725852e-09,5.776879e-09,1.806750e-09,-1.825436e-09,-5.438299e-09,-8.230769e-09,-9.807445e-09,-1.184345e-08,-1.503596e-08,-1.795571e-08,-1.918530e-08,-1.762999e-08,-1.292821e-08,-5.732584e-09,2.981565e-09,1.196906e-08,2.079895e-08,2.964837e-08,5.447584e-07,5.438501e-07,5.429418e-07,5.420337e-07,5.411256e-07,5.401320e-07,5.389376e-07,5.372509e-07,5.348185e-07,5.308624e-07,5.260007e-07,5.204439e-07,5.144383e-07,5.081174e-07,5.016102e-07,4.950532e-07,4.885023e-07,4.819501e-07,-4.487779e-08,-4.147432e-08,-3.807076e-08,-3.464450e-08,-3.113517e-08,-2.754118e-08,-2.390249e-08,-2.030193e-08,-1.681368e-08,-1.343239e-08,-1.013690e-08,-6.889662e-09,-3.644375e-09,-3.701024e-10,2.941098e-09,6.276419e-09,9.621118e-09,1.296525e-08,-5.916683e-07,-5.713809e-07,-5.510908e-07,-5.308019e-07,-5.105875e-07,-4.904744e-07,-4.705319e-07,-4.507487e-07,-4.311227e-07,-4.115976e-07,-3.922207e-07,-3.730191e-07,-3.539744e-07,-3.350306e-07,-3.161589e-07,-2.973706e-07,-2.786317e-07,-2.598888e-07,3.439798e-08,3.164326e-08,2.888880e-08,2.612671e-08,2.333484e-08,2.054679e-08,1.785075e-08,1.534892e-08,1.314357e-08,1.127682e-08,9.748757e-09,8.513250e-09,7.484911e-09,6.614773e-09,5.893158e-09,5.273193e-09,4.677672e-09,4.079010e-09
-7.265359e-08,2.393368e-09,3.732421e-10,6.564217e-09,3.026157e-09,-5.238598e-10,-3.828728e-09,-7.148670e-09,-9.963118e-09,-1.205893e-08,-1.466477e-08,-1.814473e-08,-2.095625e-08,-2.145139e-08,-1.826247e-08,-1.084626e-08,-7.110027e-11,1.259619e-08,2.547977e-08,3.802977e-08,5.060284e-08,4.957398e-07,5.003863e-07,5.050327e-07,5.096795e-07,5.143253e-07,5.189052e-07,5.233291e-07,5.274037e-07,5.308624e-07,5.334002e-07,5.343424e-07,5.343760e-07,5.337413e-07,5.326631e-07,5.313185e-07,5.298989e-07,5.284863e-07,5.270725e-07,-3.612753e-08,-3.330797e-08,-3.048825e-08,-2.765081e-08,-2.475096e-08,-2.178856e-08,-1.878882e-08,-1.581349e-08,-1.291682e-08,-1.007906e-08,-7.268922e-09,-4.444602e-09,-1.551100e-09,1.440183e-09,4.518430e-09,7.651400e-09,1.081061e-08,1.396867e-08,-5.957582e-07,-5.748029e-07,-5.538451e-07,-5.328870e-07,-5.119968e-07,-4.911977e-07,-4.705549e-07,-4.500572e-07,-4.297033e-07,-4.094385e-07,-3.893123e-07,-3.693550e-07,-3.495515e-07,-3.298475e-07,-3.102155e-07,-2.906701e-07,-2.711768e-07,-2.516793e-07,3.141801e-08,2.881042e-08,2.620308e-08,2.358877e-08,2.094799e-08,1.831469e-08,1.577464e-08,1.342756e-08,1.137342e-08,9.652649e-09,8.264165e-09,7.162476e-09,6.261882e-09,5.513304e-09,4.908607e-09,4.401853e-09,3.916976e-09,3.429053e-09
