5.714767e-09,-1.162863e-10,-3.563988e-11,2.402118e-10,2.998931e-10,3.594301e-10,4.074340e-10,4.490073e-10,4.853022e-10,5.242884e-10,5.304309e-10,5.042311e-10,4.890435e-10,5.000363e-10,5.221173e-10,5.836857e-10,7.008704e-10,8.233824e-10,9.515124e-10,1.086531e-09,1.216897e-09,-3.630809e-08,-3.624810e-08,-3.618810e-08,-3.612818e-08,-3.606796e-08,-3.600384e-08,-3.593393e-08,-3.585401e-08,-3.576691e-08,-3.567208e-08,-3.557314e-08,-3.547383e-08,-3.537315e-08,-3.526957e-08,-3.516362e-08,-3.505758e-08,-3.495285e-08,-3.484783e-08,9.653564e-10,9.753027e-10,9.852440e-10,9.940390e-10,9.995025e-10,1.001766e-09,9.985560e-10,9.901053e-10,9.756199e-10,9.537686e-10,9.269439e-10,8.967600e-10,8.669588e-10,8.387066e-10,8.097627e-10,7.797886e-10,7.505598e-10,7.214801e-10,4.750325e-08,4.590552e-08,4.430742e-08,4.270893e-08,4.111939e-08,3.954141e-08,3.798395e-08,3.644456e-08,3.492264e-08,3.341101e-08,3.191849e-08,3.045102e-08,2.900630e-08,2.757612e-08,2.615621e-08,2.474743e-08,2.334533e-08,2.194267e-08,-2.267351e-09,-2.011957e-09,-1.756617e-09,-1.500245e-09,-1.239927e-09,-9.797666e-10,-7.311737e-10,-5.080434e-10,-3.243828e-10,-1.867990e-10,-9.558683e-11,-4.385543e-11,-1.999467e-11,-1.813895e-11,-3.777768e-11,-7.258452e-11,-1.111728e-10,-1.492725e-10
-1.162863e-10,5.348281e-09,1.626548e-11,6.052274e-11,2.179256e-11,-7.446489e-12,-4.233304e-11,-7.850712e-11,-9.238778e-11,-8.870716e-11,-9.713480e-11,-1.136156e-10,-1.538095e-10,-1.788018e-10,-1.886489e-10,-1.475047e-10,-6.513682e-11,7.058792e-11,2.609914e-10,4.556091e-10,6.467765e-10,1.306007e-09,1.276633e-09,1.247284e-09,1.217854e-09,1.188716e-09,1.162576e-09,1.138423e-09,1.115779e-09,1.091959e-09,1.062736e-09,1.028150e-09,9.885433e-10,9.460581e-10,9.007998e-10,8.509663e-10,7.971818e-10,7.424658e-10,6.879250e-10,-3.380203e-08,-3.371896e-08,-3.363555e-08,-3.354936e-08,-3.346384e-08,-3.337781e-08,-3.329416e-08,-3.321422e-08,-3.313914e-08,-3.306925e-08,-3.300874e-08,-3.295501e-08,-3.290706e-08,-3.286547e-08,-3.282773e-08,-3.279082e-08,-3.275356e-08,-3.271609e-08,-2.226403e-09,-1.975080e-09,-1.723787e-09,-1.471818e-09,-1.217035e-09,-9.630866e-10,-7.206817e-10,-5.030453e-10,-3.229282e-10,-1.863319e-10,-9.316959e-11,-3.665512e-11,-5.424758e-12,6.453997e-12,-6.370864e-13,-2.131089e-11,-4.542728e-11,-6.909295e-11,3.964947e-08,3.896342e-08,3.827735e-08,3.758152e-08,3.686457e-08,3.610559e-08,3.529261e-08,3.441601e-08,3.348365e-08,3.250362e-08,3.149727e-08,3.047154e-08,2.943447e-08,2.839584e-08,2.735806e-08,2.631725e-08,2.527269e-08,2.422819e-08
-3.563988e-11,1.626548e-11,1.139960e-09,-9.591170e-09,-9.631071e-09,-9.667574e-09,-9.669865e-09,-9.668912e-09,-9.620367e-09,-9.543720e-09,-9.384856e-09,-9.168333e-09,-8.860788e-09,-8.564168e-09,-8.298981e-09,-8.062954e-09,-7.858252e-09,-7.679143e-09,-7.523498e-09,-7.380539e-09,-7.235051e-09,-4.488468e-10,-3.378604e-10,-2.268631e-10,-1.158831e-10,-4.765573e-12,1.017629e-10,2.010296e-10,2.988613e-10,3.980642e-10,4.952223e-10,5.879929e-10,6.753743e-10,7.587871e-10,8.398477e-10,9.194509e-10,9.992697e-10,1.079748e-09,1.160106e-09,-1.172334e-10,-1.421186e-10,-1.672250e-10,-1.869410e-10,-1.978747e-10,-2.047183e-10,-2.091755e-10,-2.105714e-10,-2.087652e-10,-1.997936e-10,-1.800909e-10,-1.515032e-10,-1.158340e-10,-7.558448e-11,-3.201417e-11,1.385294e-11,6.027291e-11,1.065726e-10,-1.105108e-09,-1.017990e-09,-9.309355e-10,-8.431510e-10,-7.536294e-10,-6.561523e-10,-5.456543e-10,-4.252010e-10,-2.937430e-10,-1.426291e-10,3.417801e-11,2.388435e-10,4.695716e-10,7.202961e-10,9.819717e-10,1.247661e-09,1.513687e-09,1.779592e-09,-3.158954e-11,1.140421e-12,3.433777e-11,6.228477e-11,8.192320e-11,9.819021e-11,1.130691e-10,1.267593e-10,1.403156e-10,1.501039e-10,1.546709e-10,1.590310e-10,1.703632e-10,1.933196e-10,2.287275e-10,2.731650e-10,3.205810e-10,3.677290e-10
2.402118e-10,6.052274e-11,-9.591170e-09,2.138356e-07,1.652867e-07,1.249407e-07,9.722223e-08,8.122947e-08,7.356020e-08,7.123310e-08,7.082101e-08,7.056857e-08,6.945307e-08,6.812755e-08,6.677555e-08,6.554715e-08,6.467110e-08,6.431830e-08,6.447278e-08,6.489667e-08,6.528967e-08,2.317191e-08,2.033871e-08,1.750538e-08,1.467122e-08,1.182655e-08,9.057111e-09,6.446541e-09,4.017009e-09,1.770674e-09,-3.108437e-10,-2.249451e-09,-4.069118e-09,-5.805211e-09,-7.489595e-09,-9.148251e-09,-1.080793e-08,-1.247550e-08,-1.414188e-08,-3.088498e-08,-2.637612e-08,-2.184608e-08,-1.759707e-08,-1.380945e-08,-1.042495e-08,-7.419537e-09,-4.778222e-09,-2.486713e-09,-5.172279e-10,1.161388e-09,2.605033e-09,3.864638e-09,4.998742e-09,6.053944e-09,7.059254e-09,8.045722e-09,9.034045e-09,7.797071e-09,7.239278e-09,6.682054e-09,6.115685e-09,5.531433e-09,4.870810e-09,4.082382e-09,3.181634e-09,2.155803e-09,9.387036e-10,-5.143632e-10,-2.216438e-09,-4.148261e-09,-6.255388e-09,-8.458517e-09,-1.069698e-08,-1.293857e-08,-1.517915e-08,2.205248e-09,1.692524e-09,1.173071e-09,7.266111e-10,3.970519e-10,1.387088e-10,-6.799619e-11,-2.286837e-10,-3.546191e-10,-4.230727e-10,-4.287485e-10,-4.181284e-10,-4.551769e-10,-5.825022e-10,-8.104357e-10,-1.112037e-09,-1.437594e-09,-1.760994e-09
2.998931e-10,2.179256e-11,-9.631071e-09,1.652867e-07,1.426794e-07,1.181047e-07,9.945052e-08,8.710033e-08,7.996544e-08,7.657444e-08,7.469488e-08,7.320028e-08,7.120869e-08,6.932054e-08,6.763787e-08,6.619771e-08,6.511920e-08,6.447403e-08,6.423219e-08,6.420459e-08,6.414914e-08,1.700263e-08,1.472543e-08,1.244805e-08,1.017036e-08,7.883089e-09,5.675864e-09,3.623252e-09,1.709482e-09,-8.162146e-11,-1.755889e-09,-3.324400e-09,-4.802054e-09,-6.216662e-09,-7.593023e-09,-8.949362e-09,-1.030721e-08,-1.167222e-08,-1.303608e-08,-1.912276e-08,-1.609522e-08,-1.305086e-08,-1.023273e-08,-7.783527e-09,-5.627372e-09,-3.732229e-09,-2.086599e-09,-6.760760e-10,5.080304e-10,1.477138e-09,2.271737e-09,2.927926e-09,3.489583e-09,3.989954e-09,4.450794e-09,4.897692e-09,5.346161e-09,8.552502e-09,7.938508e-09,7.325089e-09,6.703188e-09,6.064478e-09,5.349635e-09,4.508518e-09,3.562013e-09,2.499897e-09,1.253862e-09,-2.225474e-10,-1.943820e-09,-3.891908e-09,-6.013390e-09,-8.229915e-09,-1.048140e-08,-1.273591e-08,-1.498939e-08,1.702002e-09,1.265414e-09,8.227102e-10,4.465569e-10,1.766245e-10,-3.500339e-11,-2.086174e-10,-3.491455e-10,-4.678420e-10,-5.394136e-10,-5.561761e-10,-5.629686e-10,-6.222739e-10,-7.752806e-10,-1.030998e-09,-1.361631e-09,-1.716762e-09,-2.069689e-09
3.594301e-10,-7.446489e-12,-9.667574e-09,1.249407e-07,1.181047e-07,1.119538e-07,1.015836e-07,9.302611e-08,8.634339e-08,8.188568e-08,7.852935e-08,7.579732e-08,7.293631e-08,7.049174e-08,6.848290e-08,6.683377e-08,6.555291e-08,6.461148e-08,6.396586e-08,6.347747e-08,6.296438e-08,1.072513e-08,9.015825e-09,7.306257e-09,5.596936e-09,3.878944e-09,2.245784e-09,7.626256e-10,-6.245699e-10,-1.950531e-09,-3.208587e-09,-4.398899e-09,-5.527108e-09,-6.613237e-09,-7.674850e-09,-8.722256e-09,-9.771656e-09,-1.082744e-08,-1.188214e-08,-7.110880e-09,-5.596277e-09,-4.069271e-09,-2.713784e-09,-1.634338e-09,-7.368007e-10,1.916614e-11,6.417823e-10,1.145793e-09,1.520871e-09,1.758629e-09,1.883866e-09,1.917541e-09,1.888545e-09,1.816436e-09,1.715502e-09,1.605679e-09,1.497133e-09,9.297157e-09,8.628121e-09,7.959664e-09,7.283369e-09,6.591310e-09,5.823330e-09,4.930616e-09,3.939474e-09,2.842240e-09,1.568508e-09,7.007436e-11,-1.668995e-09,-3.631872e-09,-5.766184e-09,-7.994571e-09,-1.025756e-08,-1.252347e-08,-1.478835e-08,1.249917e-09,8.910710e-10,5.267291e-10,2.224509e-10,1.353918e-11,-1.502770e-10,-2.900623e-10,-4.100860e-10,-5.215922e-10,-5.967175e-10,-6.253347e-10,-6.505651e-10,-7.333235e-10,-9.132994e-10,-1.198124e-09,-1.559131e-09,-1.945196e-09,-2.329007e-09
4.074340e-10,-4.233304e-11,-9.669865e-09,9.722223e-08,9.945052e-08,1.015836e-07,1.030389e-07,9.802257e-08,9.235298e-08,8.696795e-08,8.221787e-08,7.820896e-08,7.441227e-08,7.135316e-08,6.897944e-08,6.710705e-08,6.564653e-08,6.448371e-08,6.355482e-08,6.274771e-08,6.191774e-08,5.607198e-09,4.350883e-09,3.094237e-09,1.838328e-09,5.746714e-10,-5.993627e-10,-1.624920e-09,-2.590456e-09,-3.546668e-09,-4.474049e-09,-5.362945e-09,-6.211883e-09,-7.035430e-09,-7.845643e-09,-8.646675e-09,-9.450513e-09,-1.026029e-08,-1.106901e-08,1.042660e-09,1.466623e-09,1.898865e-09,2.208861e-09,2.323473e-09,2.349050e-09,2.331048e-09,2.272995e-09,2.188112e-09,2.047208e-09,1.823707e-09,1.530547e-09,1.177584e-09,7.828323e-10,3.563753e-10,-9.230190e-11,-5.466716e-10,-9.999481e-10,9.877775e-09,9.165379e-09,8.453564e-09,7.734481e-09,7.000574e-09,6.191060e-09,5.258168e-09,4.232996e-09,3.110113e-09,1.817229e-09,3.047267e-10,-1.444427e-09,-3.414358e-09,-5.553643e-09,-7.785911e-09,-1.005233e-08,-1.232157e-08,-1.458978e-08,8.008077e-10,5.067795e-10,2.078515e-10,-3.704847e-11,-1.962323e-10,-3.214013e-10,-4.339772e-10,-5.374620e-10,-6.428821e-10,-7.199349e-10,-7.562997e-10,-7.937145e-10,-8.918210e-10,-1.089158e-09,-1.392421e-09,-1.772454e-09,-2.177827e-09,-2.580922e-09
4.490073e-10,-7.850712e-11,-9.668912e-09,8.122947e-08,8.710033e-08,9.302611e-08,9.802257e-08,1.015880e-07,9.755401e-08,9.222349e-08,8.633570e-08,8.107668e-08,7.622230e-08,7.241060e-08,6.955234e-08,6.738052e-08,6.572921e-08,6.441384e-08,6.333541e-08,6.237050e-08,6.138267e-08,4.414008e-10,-3.495045e-10,-1.140754e-09,-1.931020e-09,-2.727690e-09,-3.437618e-09,-4.011336e-09,-4.567603e-09,-5.168618e-09,-5.777636e-09,-6.373203e-09,-6.946972e-09,-7.509361e-09,-8.068233e-09,-8.623257e-09,-9.182971e-09,-9.748657e-09,-1.031325e-08,3.987445e-09,3.881725e-09,3.780921e-09,3.598662e-09,3.288214e-09,2.957940e-09,2.652490e-09,2.369496e-09,2.118410e-09,1.849993e-09,1.520462e-09,1.136784e-09,7.043317e-10,2.365293e-10,-2.602762e-10,-7.779159e-10,-1.300341e-09,-1.821706e-09,1.040188e-08,9.646675e-09,8.892043e-09,8.130639e-09,7.355068e-09,6.505103e-09,5.534426e-09,4.478309e-09,3.332927e-09,2.023534e-09,4.988825e-10,-1.259110e-09,-3.235327e-09,-5.379108e-09,-7.614814e-09,-9.884156e-09,-1.215621e-08,-1.442725e-08,4.432940e-10,1.915679e-10,-6.456939e-11,-2.716794e-10,-4.012113e-10,-5.049241e-10,-6.038981e-10,-7.008329e-10,-8.063167e-10,-8.874705e-10,-9.298974e-10,-9.746783e-10,-1.080985e-09,-1.286945e-09,-1.598967e-09,-1.987799e-09,-2.402020e-09,-2.813956e-09
4.853022e-10,-9.238778e-11,-9.620367e-09,7.356020e-08,7.996544e-08,8.634339e-08,9.235298e-08,9.755401e-08,1.009046e-07,9.663179e-08,9.074329e-08,8.450357e-08,7.859276e-08,7.382898e-08,7.020567e-08,6.742621e-08,6.530006e-08,6.360260e-08,6.220581e-08,6.094617e-08,5.966169e-08,-1.675076e-09,-2.303526e-09,-2.932272e-09,-3.560099e-09,-4.192584e-09,-4.749408e-09,-5.190833e-09,-5.656310e-09,-6.214084e-09,-6.805613e-09,-7.395139e-09,-7.967799e-09,-8.532598e-09,-9.096472e-09,-9.658684e-09,-1.022730e-08,-1.080237e-08,-1.137628e-08,4.299837e-09,4.049652e-09,3.802177e-09,3.500263e-09,3.114805e-09,2.743739e-09,2.425718e-09,2.153642e-09,1.933085e-09,1.694526e-09,1.379090e-09,9.944493e-10,5.493161e-10,5.958893e-11,-4.664405e-10,-1.017926e-09,-1.576080e-09,-2.133042e-09,1.079945e-08,1.001226e-08,9.225638e-09,8.432629e-09,7.625819e-09,6.747062e-09,5.751699e-09,4.677683e-09,3.522067e-09,2.207316e-09,6.804704e-10,-1.077437e-09,-3.051672e-09,-5.192100e-09,-7.423604e-09,-9.688275e-09,-1.195555e-08,-1.422184e-08,3.433103e-10,1.054944e-10,-1.363923e-10,-3.328012e-10,-4.575206e-10,-5.605790e-10,-6.621256e-10,-7.643884e-10,-8.775303e-10,-9.662348e-10,-1.014276e-09,-1.062694e-09,-1.170822e-09,-1.376984e-09,-1.687874e-09,-2.074715e-09,-2.486620e-09,-2.896269e-09
5.242884e-10,-8.870716e-11,-9.543720e-09,7.123310e-08,7.657444e-08,8.188568e-08,8.696795e-08,9.222349e-08,9.663179e-08,9.959841e-08,9.488398e-08,8.882549e-08,8.209896e-08,7.628936e-08,7.154501e-08,6.767019e-08,6.453285e-08,6.193161e-08,5.974546e-08,5.775468e-08,5.573546e-08,1.473403e-09,4.508916e-10,-5.718387e-10,-1.593886e-09,-2.618874e-09,-3.584376e-09,-4.463089e-09,-5.398411e-09,-6.454112e-09,-7.545299e-09,-8.619141e-09,-9.655405e-09,-1.066669e-08,-1.166505e-08,-1.265654e-08,-1.365454e-08,-1.465986e-08,-1.566396e-08,3.285724e-09,3.153822e-09,3.023432e-09,2.853461e-09,2.624158e-09,2.414218e-09,2.250324e-09,2.118349e-09,2.017048e-09,1.854956e-09,1.559377e-09,1.145882e-09,6.355712e-10,5.470469e-11,-5.805570e-10,-1.252287e-09,-1.935699e-09,-2.617619e-09,1.115238e-08,1.034398e-08,9.536128e-09,8.722154e-09,7.894534e-09,6.998076e-09,5.990244e-09,4.909362e-09,3.751984e-09,2.437334e-09,9.105428e-10,-8.480100e-10,-2.823300e-09,-4.965061e-09,-7.197950e-09,-9.463828e-09,-1.173222e-08,-1.399966e-08,4.877167e-10,2.353778e-10,-2.082380e-11,-2.337750e-10,-3.788303e-10,-5.031620e-10,-6.253874e-10,-7.470540e-10,-8.775463e-10,-9.790159e-10,-1.033545e-09,-1.082904e-09,-1.187489e-09,-1.386609e-09,-1.687870e-09,-2.063501e-09,-2.463526e-09,-2.861352e-09
5.304309e-10,-9.713480e-11,-9.384856e-09,7.082101e-08,7.469488e-08,7.852935e-08,8.221787e-08,8.633570e-08,9.074329e-08,9.488398e-08,9.757436e-08,9.293915e-08,8.664679e-08,8.007456e-08,7.407435e-08,6.862690e-08,6.382330e-08,5.958092e-08,5.586042e-08,5.239894e-08,4.890589e-08,5.257437e-09,3.627822e-09,1.998057e-09,3.687267e-10,-1.262299e-09,-2.847929e-09,-4.371116e-09,-5.960881e-09,-7.668874e-09,-9.385044e-09,-1.103898e-08,-1.260714e-08,-1.411058e-08,-1.557284e-08,-1.701478e-08,-1.846127e-08,-1.991584e-08,-2.136915e-08,2.737456e-09,2.748461e-09,2.760494e-09,2.738483e-09,2.663573e-09,2.592246e-09,2.537028e-09,2.475419e-09,2.397945e-09,2.191577e-09,1.770070e-09,1.162393e-09,4.096823e-10,-4.454558e-10,-1.375684e-09,-2.354285e-09,-3.350357e-09,-4.344610e-09,1.109655e-08,1.029681e-08,9.497602e-09,8.692473e-09,7.873841e-09,6.989516e-09,5.999120e-09,4.938817e-09,3.803921e-09,2.511322e-09,1.004610e-09,-7.361429e-10,-2.695138e-09,-4.821594e-09,-7.039537e-09,-9.290325e-09,-1.154357e-08,-1.379589e-08,5.780654e-10,2.996213e-10,1.745084e-11,-2.228730e-10,-3.974139e-10,-5.498373e-10,-6.968605e-10,-8.390282e-10,-9.846243e-10,-1.093530e-09,-1.146252e-09,-1.185724e-09,-1.273957e-09,-1.451743e-09,-1.727930e-09,-2.076206e-09,-2.447905e-09,-2.817488e-09
5.042311e-10,-1.136156e-10,-9.168333e-09,7.056857e-08,7.320028e-08,7.579732e-08,7.820896e-08,8.107668e-08,8.450357e-08,8.882549e-08,9.293915e-08,9.610579e-08,9.155540e-08,8.545974e-08,7.839558e-08,7.111584e-08,6.404728e-08,5.739419e-08,5.129848e-08,4.550195e-08,3.967316e-08,6.978054e-09,4.768519e-09,2.558883e-09,3.494705e-10,-1.860911e-09,-4.035356e-09,-6.161802e-09,-8.341454e-09,-1.060360e-08,-1.281768e-08,-1.489745e-08,-1.681693e-08,-1.860835e-08,-2.031284e-08,-2.197458e-08,-2.363618e-08,-2.530599e-08,-2.697461e-08,3.734559e-09,3.779702e-09,3.825853e-09,3.836335e-09,3.783865e-09,3.699598e-09,3.579435e-09,3.390181e-09,3.110936e-09,2.615009e-09,1.808186e-09,7.386184e-10,-5.247882e-10,-1.917806e-09,-3.400782e-09,-4.939334e-09,-6.499514e-09,-8.057671e-09,1.063765e-08,9.877567e-09,9.117979e-09,8.352627e-09,7.573941e-09,6.732256e-09,5.788814e-09,4.775838e-09,3.686173e-09,2.435648e-09,9.669285e-10,-7.400491e-10,-2.668439e-09,-4.766479e-09,-6.956896e-09,-9.180151e-09,-1.140587e-08,-1.363067e-08,6.110372e-10,2.996843e-10,-1.530607e-11,-2.892027e-10,-4.977037e-10,-6.804399e-10,-8.518674e-10,-1.011094e-09,-1.164736e-09,-1.271492e-09,-1.311022e-09,-1.327958e-09,-1.386626e-09,-1.529809e-09,-1.767679e-09,-2.075448e-09,-2.405686e-09,-2.733888e-09
4.890435e-10,-1.538095e-10,-8.860788e-09,6.945307e-08,7.120869e-08,7.293631e-08,7.441227e-08,7.622230e-08,7.859276e-08,8.209896e-08,8.664679e-08,9.155540e-08,9.495794e-08,9.057715e-08,8.372992e-08,7.497611e-08,6.561612e-08,5.619939e-08,4.720238e-08,3.847333e-08,2.971763e-08,7.163561e-09,4.522252e-09,1.880874e-09,-7.604290e-10,-3.402349e-09,-6.013739e-09,-8.583073e-09,-1.118132e-08,-1.381184e-08,-1.633054e-08,-1.863368e-08,-2.068699e-08,-2.253078e-08,-2.422714e-08,-2.584945e-08,-2.746247e-08,-2.908233e-08,-3.070125e-08,5.531574e-09,5.390536e-09,5.250666e-09,5.071319e-09,4.815353e-09,4.493453e-09,4.089204e-09,3.562666e-09,2.884441e-09,1.927213e-09,5.928721e-10,-1.053006e-09,-2.913147e-09,-4.904194e-09,-6.979772e-09,-9.104557e-09,-1.124970e-08,-1.339299e-08,1.015877e-08,9.448730e-09,8.739157e-09,8.024001e-09,7.295918e-09,6.507674e-09,5.622027e-09,4.666882e-09,3.632356e-09,2.435067e-09,1.017110e-09,-6.423545e-10,-2.525998e-09,-4.581271e-09,-6.729650e-09,-8.910810e-09,-1.109444e-08,-1.327717e-08,3.771438e-10,5.192229e-11,-2.768425e-10,-5.652836e-10,-7.885928e-10,-9.825349e-10,-1.159628e-09,-1.317945e-09,-1.462707e-09,-1.553360e-09,-1.569311e-09,-1.556285e-09,-1.580429e-09,-1.685975e-09,-1.883751e-09,-2.150005e-09,-2.438082e-09,-2.724175e-09
5.000363e-10,-1.788018e-10,-8.564168e-09,6.812755e-08,6.932054e-08,7.049174e-08,7.135316e-08,7.241060e-08,7.382898e-08,7.628936e-08,8.007456e-08,8.545974e-08,9.057715e-08,9.419401e-08,8.905700e-08,8.053230e-08,6.972312e-08,5.801840e-08,4.628141e-08,3.466282e-08,2.303143e-08,5.333426e-09,2.643694e-09,-4.609300e-11,-2.735878e-09,-5.426206e-09,-8.086996e-09,-1.070189e-08,-1.331181e-08,-1.589474e-08,-1.830095e-08,-2.041367e-08,-2.218693e-08,-2.366065e-08,-2.491794e-08,-2.606304e-08,-2.718392e-08,-2.830793e-08,-2.943156e-08,7.211111e-09,6.614214e-09,6.018681e-09,5.380273e-09,4.655153e-09,3.843979e-09,2.928193e-09,1.870996e-09,6.438491e-10,-8.649316e-10,-2.744283e-09,-4.916385e-09,-7.264077e-09,-9.695019e-09,-1.216816e-08,-1.466036e-08,-1.716170e-08,-1.966204e-08,9.872825e-09,9.210465e-09,8.548545e-09,7.881231e-09,7.201582e-09,6.464181e-09,5.632596e-09,4.730430e-09,3.745081e-09,2.594997e-09,1.222320e-09,-3.948369e-10,-2.239610e-09,-4.258691e-09,-6.372091e-09,-8.518607e-09,-1.066769e-08,-1.281584e-08,9.770301e-11,-2.113503e-10,-5.238661e-10,-7.967798e-10,-1.004974e-09,-1.181632e-09,-1.338550e-09,-1.473983e-09,-1.592901e-09,-1.657455e-09,-1.648405e-09,-1.611823e-09,-1.614531e-09,-1.701033e-09,-1.881432e-09,-2.131523e-09,-2.403849e-09,-2.674146e-09
5.221173e-10,-1.886489e-10,-8.298981e-09,6.677555e-08,6.763787e-08,6.848290e-08,6.897944e-08,6.955234e-08,7.020567e-08,7.154501e-08,7.407435e-08,7.839558e-08,8.372992e-08,8.905700e-08,9.212924e-08,8.588298e-08,7.610373e-08,6.391994e-08,5.101571e-08,3.792188e-08,2.484399e-08,2.949713e-10,-1.738368e-09,-3.771765e-09,-5.805160e-09,-7.839246e-09,-9.840855e-09,-1.178449e-08,-1.368291e-08,-1.549249e-08,-1.706651e-08,-1.828559e-08,-1.909581e-08,-1.952547e-08,-1.967385e-08,-1.967230e-08,-1.962759e-08,-1.957981e-08,-1.953247e-08,8.374579e-09,7.270102e-09,6.167149e-09,5.019114e-09,3.778853e-09,2.446432e-09,1.010006e-09,-5.559257e-10,-2.270940e-09,-4.219059e-09,-6.465935e-09,-8.921681e-09,-1.145586e-08,-1.397438e-08,-1.645121e-08,-1.889022e-08,-2.131576e-08,-2.374185e-08,9.697439e-09,9.077678e-09,8.458333e-09,7.833784e-09,7.197579e-09,6.505427e-09,5.720985e-09,4.863809e-09,3.918963e-09,2.807640e-09,1.473347e-09,-1.061287e-10,-1.915693e-09,-3.901716e-09,-5.982962e-09,-8.097829e-09,-1.021544e-08,-1.233203e-08,-2.128692e-10,-4.795918e-10,-7.497080e-10,-9.809093e-10,-1.147959e-09,-1.282684e-09,-1.397184e-09,-1.490842e-09,-1.569324e-09,-1.598845e-09,-1.563216e-09,-1.508761e-09,-1.502262e-09,-1.587740e-09,-1.773466e-09,-2.033063e-09,-2.316533e-09,-2.597824e-09
5.836857e-10,-1.475047e-10,-8.062954e-09,6.554715e-08,6.619771e-08,6.683377e-08,6.710705e-08,6.738052e-08,6.742621e-08,6.767019e-08,6.862690e-08,7.111584e-08,7.497611e-08,8.053230e-08,8.588298e-08,8.913171e-08,8.338402e-08,7.438920e-08,6.344733e-08,5.194959e-08,4.048787e-08,-9.313199e-09,-9.767585e-09,-1.022205e-08,-1.067644e-08,-1.113185e-08,-1.154817e-08,-1.188711e-08,-1.213438e-08,-1.222848e-08,-1.203233e-08,-1.143099e-08,-1.036600e-08,-8.855456e-09,-7.010062e-09,-4.981799e-09,-2.888825e-09,-7.843565e-10,1.318607e-09,8.235471e-09,6.883279e-09,5.532695e-09,4.136608e-09,2.647917e-09,1.074526e-09,-5.809353e-10,-2.325720e-09,-4.163382e-09,-6.141828e-09,-8.294004e-09,-1.052094e-08,-1.268505e-08,-1.469388e-08,-1.653879e-08,-1.826434e-08,-1.994314e-08,-2.162471e-08,9.867628e-09,9.279939e-09,8.692645e-09,8.100346e-09,7.497209e-09,6.839384e-09,6.089929e-09,5.264361e-09,4.345663e-09,3.258223e-09,1.947687e-09,3.921331e-10,-1.394658e-09,-3.358950e-09,-5.418676e-09,-7.512576e-09,-9.609459e-09,-1.170519e-08,-2.721869e-10,-4.770209e-10,-6.851837e-10,-8.552333e-10,-9.621035e-10,-1.037563e-09,-1.095106e-09,-1.136204e-09,-1.168110e-09,-1.162089e-09,-1.106052e-09,-1.046114e-09,-1.048160e-09,-1.155165e-09,-1.373219e-09,-1.672138e-09,-1.997752e-09,-2.320938e-09
7.008704e-10,-6.513682e-11,-7.858252e-09,6.467110e-08,6.511920e-08,6.555291e-08,6.564653e-08,6.572921e-08,6.530006e-08,6.453285e-08,6.382330e-08,6.404728e-08,6.561612e-08,6.972312e-08,7.610373e-08,8.338402e-08,8.957915e-08,8.770744e-08,8.342553e-08,7.786489e-08,7.243359e-08,-2.267118e-08,-2.080967e-08,-1.894826e-08,-1.708665e-08,-1.522651e-08,-1.331783e-08,-1.130708e-08,-9.154238e-09,-6.783551e-09,-4.071092e-09,-9.093269e-10,2.765566e-09,6.946212e-09,1.151188e-08,1.629377e-08,2.116680e-08,2.606150e-08,3.095342e-08,6.178178e-09,5.055813e-09,3.935021e-09,2.770978e-09,1.521464e-09,2.112268e-10,-1.134513e-09,-2.497483e-09,-3.857673e-09,-5.220510e-09,-6.579918e-09,-7.834639e-09,-8.849527e-09,-9.540862e-09,-9.917741e-09,-1.007579e-08,-1.014638e-08,-1.022247e-08,1.054712e-08,9.969761e-09,9.392773e-09,8.810994e-09,8.219340e-09,7.573836e-09,6.836456e-09,6.018761e-09,5.101930e-09,4.013580e-09,2.701735e-09,1.144860e-09,-6.443210e-10,-2.611819e-09,-4.674912e-09,-6.773081e-09,-8.874486e-09,-1.097459e-08,-1.219184e-10,-2.490541e-10,-3.794517e-10,-4.727415e-10,-5.045222e-10,-5.078920e-10,-4.989277e-10,-4.822538e-10,-4.677497e-10,-4.325184e-10,-3.692658e-10,-3.229580e-10,-3.572139e-10,-5.129464e-10,-7.940053e-10,-1.165093e-09,-1.566557e-09,-1.965266e-09
8.233824e-10,7.058792e-11,-7.679143e-09,6.431830e-08,6.447403e-08,6.461148e-08,6.448371e-08,6.441384e-08,6.360260e-08,6.193161e-08,5.958092e-08,5.739419e-08,5.619939e-08,5.801840e-08,6.391994e-08,7.438920e-08,8.770744e-08,1.016558e-07,1.087807e-07,1.148284e-07,1.208583e-07,-3.705617e-08,-3.259043e-08,-2.812483e-08,-2.365885e-08,-1.919482e-08,-1.467121e-08,-1.001814e-08,-5.172031e-09,-4.647046e-11,5.467345e-09,1.146912e-08,1.803158e-08,2.516369e-08,3.273874e-08,4.057445e-08,4.853911e-08,5.653716e-08,6.453095e-08,1.565423e-09,1.201688e-09,8.393508e-10,4.396424e-10,-2.756145e-11,-5.100513e-10,-9.504195e-10,-1.295889e-09,-1.493647e-09,-1.499636e-09,-1.262852e-09,-6.860482e-10,3.549739e-10,1.926122e-09,3.985720e-09,6.376479e-09,8.900242e-09,1.141535e-08,1.130843e-08,1.073726e-08,1.016645e-08,9.591102e-09,9.006959e-09,8.369582e-09,7.639516e-09,6.824562e-09,5.904380e-09,4.809704e-09,3.490727e-09,1.925851e-09,1.261604e-10,-1.854422e-09,-3.932659e-09,-6.048488e-09,-8.167983e-09,-1.028598e-08,3.454272e-10,3.104955e-10,2.723783e-10,2.699965e-10,3.262122e-10,4.050430e-10,4.865403e-10,5.617335e-10,6.169761e-10,6.684922e-10,7.181086e-10,7.227458e-10,6.220627e-10,3.783776e-10,-7.967779e-12,-4.951315e-10,-1.016931e-09,-1.535591e-09
9.515124e-10,2.609914e-10,-7.523498e-09,6.447278e-08,6.423219e-08,6.396586e-08,6.355482e-08,6.333541e-08,6.220581e-08,5.974546e-08,5.586042e-08,5.129848e-08,4.720238e-08,4.628141e-08,5.101571e-08,6.344733e-08,8.342553e-08,1.087807e-07,1.364706e-07,1.595469e-07,1.833847e-07,-5.042197e-08,-4.344756e-08,-3.647333e-08,-2.949852e-08,-2.252610e-08,-1.548288e-08,-8.283071e-09,-8.431103e-10,6.929893e-09,1.512764e-08,2.384120e-08,3.315422e-08,4.309694e-08,5.354283e-08,6.430233e-08,7.524021e-08,8.622474e-08,9.720328e-08,-5.245136e-09,-4.467425e-09,-3.688602e-09,-2.938192e-09,-2.227723e-09,-1.469222e-09,-5.659480e-10,5.760520e-10,2.049307e-09,3.952011e-09,6.383767e-09,9.434178e-09,1.321108e-08,1.775727e-08,2.298780e-08,2.867339e-08,3.454169e-08,4.039776e-08,1.217369e-08,1.159958e-08,1.102581e-08,1.044780e-08,9.862112e-09,9.223699e-09,8.491535e-09,7.669996e-09,6.737571e-09,5.628041e-09,4.293649e-09,2.712477e-09,8.934396e-10,-1.110172e-09,-3.215065e-09,-5.361710e-09,-7.512625e-09,-9.661817e-09,1.180836e-09,1.243418e-09,1.302899e-09,1.396407e-09,1.544419e-09,1.706784e-09,1.858674e-09,1.985837e-09,2.070010e-09,2.120235e-09,2.132543e-09,2.066152e-09,1.864610e-09,1.494201e-09,9.609380e-10,3.146185e-10,-3.711026e-10,-1.053245e-09
1.086531e-09,4.556091e-10,-7.380539e-09,6.489667e-08,6.420459e-08,6.347747e-08,6.274771e-08,6.237050e-08,6.094617e-08,5.775468e-08,5.239894e-08,4.550195e-08,3.847333e-08,3.466282e-08,3.792188e-08,5.194959e-08,7.786489e-08,1.148284e-07,1.595469e-07,2.098130e-07,2.581857e-07,-6.255884e-08,-5.323882e-08,-4.391902e-08,-3.459842e-08,-2.528064e-08,-1.588126e-08,-6.299605e-09,3.564863e-09,1.380807e-08,2.450198e-08,3.572674e-08,4.757583e-08,6.010149e-08,7.318055e-08,8.661945e-08,1.002831e-07,1.140071e-07,1.277234e-07,-1.292989e-08,-1.086396e-08,-8.797252e-09,-6.748613e-09,-4.707774e-09,-2.547441e-09,-1.287857e-10,2.685798e-09,6.031137e-09,1.006131e-08,1.492592e-08,2.070597e-08,2.749107e-08,3.529963e-08,4.400105e-08,5.329005e-08,6.281572e-08,7.232540e-08,1.311680e-08,1.253542e-08,1.195439e-08,1.136941e-08,1.077792e-08,1.013429e-08,9.396052e-09,8.564588e-09,7.617659e-09,6.492335e-09,5.143134e-09,3.547942e-09,1.713393e-09,-3.081795e-10,-2.433725e-09,-4.604666e-09,-6.780442e-09,-8.954260e-09,1.992490e-09,2.164871e-09,2.334235e-09,2.535830e-09,2.787434e-09,3.044323e-09,3.276537e-09,3.464306e-09,3.584481e-09,3.638782e-09,3.617295e-09,3.481600e-09,3.179259e-09,2.680607e-09,1.997558e-09,1.188297e-09,3.344270e-10,-5.153942e-10
1.216897e-09,6.467765e-10,-7.235051e-09,6.528967e-08,6.414914e-08,6.296438e-08,6.191774e-08,6.138267e-08,5.966169e-08,5.573546e-08,4.890589e-08,3.967316e-08,2.971763e-08,2.303143e-08,2.484399e-08,4.048787e-08,7.243359e-08,1.208583e-07,1.833847e-07,2.581857e-07,3.412617e-07,-7.471644e-08,-6.304536e-08,-5.137455e-08,-3.970272e-08,-2.803413e-08,-1.627316e-08,-4.304210e-09,7.990395e-09,2.070978e-08,3.390630e-08,4.764923e-08,6.204188e-08,7.715838e-08,9.287867e-08,1.090050e-07,1.254023e-07,1.418734e-07,1.583351e-07,-2.053729e-08,-1.719434e-08,-1.385094e-08,-1.051534e-08,-7.155682e-09,-3.605598e-09,3.156269e-10,4.789066e-09,9.991658e-09,1.613323e-08,2.341333e-08,3.190443e-08,4.167811e-08,5.272851e-08,6.487969e-08,7.775062e-08,9.091214e-08,1.040540e-07,1.401410e-08,1.342785e-08,1.284192e-08,1.225236e-08,1.165744e-08,1.101100e-08,1.026913e-08,9.430217e-09,8.471302e-09,7.332765e-09,5.971405e-09,4.364912e-09,2.517653e-09,4.810094e-10,-1.662207e-09,-3.854379e-09,-6.051903e-09,-8.247238e-09,2.776965e-09,3.059668e-09,3.339439e-09,3.649653e-09,4.005412e-09,4.357489e-09,4.670840e-09,4.920227e-09,5.077659e-09,5.137552e-09,5.084051e-09,4.881089e-09,4.480225e-09,3.855822e-09,3.025656e-09,2.056243e-09,1.037056e-09,2.238195e-11
-3.630809e-08,1.306007e-09,-4.488468e-10,2.317191e-08,1.700263e-08,1.072513e-08,5.607198e-09,4.414008e-10,-1.675076e-09,1.473403e-09,5.257437e-09,6.978054e-09,7.163561e-09,5.333426e-09,2.949713e-10,-9.313199e-09,-2.267118e-08,-3.705617e-08,-5.042197e-08,-6.255884e-08,-7.471644e-08,5.591944e-07,5.140300e-07,4.696637e-07,4.268913e-07,3.865197e-07,3.490849e-07,3.149705e-07,2.841200e-07,2.562947e-07,2.310396e-07,2.078820e-07,1.863169e-07,1.658278e-07,1.460509e-07,1.266787e-07,1.074344e-07,8.818773e-08,6.893896e-08,-5.699525e-08,-5.288987e-08,-4.878445e-08,-4.461655e-08,-4.017110e-08,-3.542180e-08,-3.052346e-08,-2.571518e-08,-2.121833e-08,-1.715670e-08,-1.361344e-08,-1.059643e-08,-8.139790e-09,-6.202303e-09,-4.631043e-09,-3.282466e-09,-2.056179e-09,-8.252153e-10,-2.717900e-07,-2.642025e-07,-2.566112e-07,-2.490336e-07,-2.415810e-07,-2.343090e-07,-2.273133e-07,-2.205784e-07,-2.140879e-07,-2.077724e-07,-2.016639e-07,-1.957726e-07,-1.900582e-07,-1.844561e-07,-1.789295e-07,-1.734689e-07,-1.680433e-07,-1.626150e-07,2.165249e-08,1.956644e-08,1.748068e-08,1.538235e-08,1.322276e-08,1.102263e-08,8.879080e-09,6.909279e-09,5.228602e-09,3.895418e-09,2.919850e-09,2.253193e-09,1.816969e-09,1.566035e-09,1.478960e-09,1.501682e-09,1.557606e-09,1.609775e-09
-3.624810e-08,1.276633e-09,-3.378604e-10,2.033871e-08,1.472543e-08,9.015825e-09,4.350883e-09,-3.495045e-10,-2.303526e-09,4.508916e-10,3.627822e-09,4.768519e-09,4.522252e-09,2.643694e-09,-1.738368e-09,-9.767585e-09,-2.080967e-08,-3.259043e-08,-4.344756e-08,-5.323882e-08,-6.304536e-08,5.140300e-07,4.775417e-07,4.408402e-07,4.049923e-07,3.707312e-07,3.386379e-07,3.091317e-07,2.822353e-07,2.577995e-07,2.354665e-07,2.148626e-07,1.955830e-07,1.772007e-07,1.594112e-07,1.419581e-07,1.246126e-07,1.072658e-07,8.991703e-08,-5.197175e-08,-4.817382e-08,-4.437587e-08,-4.052105e-08,-3.641608e-08,-3.203795e-08,-2.752623e-08,-2.309892e-08,-1.895747e-08,-1.520838e-08,-1.192034e-08,-9.096913e-09,-6.764117e-09,-4.883698e-09,-3.321292e-09,-1.952507e-09,-6.905862e-10,5.752988e-10,-2.743431e-07,-2.664075e-07,-2.584682e-07,-2.505409e-07,-2.427321e-07,-2.350942e-07,-2.277200e-07,-2.205953e-07,-2.137054e-07,-2.069824e-07,-2.004607e-07,-1.941533e-07,-1.880223e-07,-1.820034e-07,-1.760601e-07,-1.701844e-07,-1.643452e-07,-1.585030e-07,2.107183e-08,1.903557e-08,1.699961e-08,1.495151e-08,1.284571e-08,1.070360e-08,8.620017e-09,6.709453e-09,5.084928e-09,3.802422e-09,2.870272e-09,2.240070e-09,1.833552e-09,1.606421e-09,1.539805e-09,1.581500e-09,1.655207e-09,1.725238e-09
-3.618810e-08,1.247284e-09,-2.268631e-10,1.750538e-08,1.244805e-08,7.306257e-09,3.094237e-09,-1.140754e-09,-2.932272e-09,-5.718387e-10,1.998057e-09,2.558883e-09,1.880874e-09,-4.609300e-11,-3.771765e-09,-1.022205e-08,-1.894826e-08,-2.812483e-08,-3.647333e-08,-4.391902e-08,-5.137455e-08,4.696637e-07,4.408402e-07,4.120742e-07,3.830782e-07,3.549470e-07,3.281899e-07,3.032933e-07,2.803505e-07,2.593044e-07,2.398933e-07,2.218432e-07,2.048490e-07,1.885734e-07,1.727712e-07,1.572372e-07,1.417905e-07,1.263435e-07,1.108947e-07,-4.694807e-08,-4.345761e-08,-3.996716e-08,-3.642547e-08,-3.266100e-08,-2.865408e-08,-2.452901e-08,-2.048269e-08,-1.669667e-08,-1.326014e-08,-1.022735e-08,-7.597535e-09,-5.388603e-09,-3.565276e-09,-2.011750e-09,-6.227801e-10,6.747497e-10,1.975531e-09,-2.768962e-07,-2.686124e-07,-2.603250e-07,-2.520481e-07,-2.438831e-07,-2.358793e-07,-2.281266e-07,-2.206120e-07,-2.133227e-07,-2.061923e-07,-1.992574e-07,-1.925340e-07,-1.859863e-07,-1.795505e-07,-1.731905e-07,-1.668998e-07,-1.606469e-07,-1.543910e-07,2.049135e-08,1.850487e-08,1.651872e-08,1.452083e-08,1.246883e-08,1.038474e-08,8.361118e-09,6.509787e-09,4.941411e-09,3.709579e-09,2.820844e-09,2.227092e-09,1.850275e-09,1.646942e-09,1.600779e-09,1.661444e-09,1.752929e-09,1.840819e-09
-3.612818e-08,1.217854e-09,-1.158831e-10,1.467122e-08,1.017036e-08,5.596936e-09,1.838328e-09,-1.931020e-09,-3.560099e-09,-1.593886e-09,3.687267e-10,3.494705e-10,-7.604290e-10,-2.735878e-09,-5.805160e-09,-1.067644e-08,-1.708665e-08,-2.365885e-08,-2.949852e-08,-3.459842e-08,-3.970272e-08,4.268913e-07,4.049923e-07,3.830782e-07,3.612247e-07,3.391457e-07,3.177460e-07,2.974536e-07,2.784661e-07,2.608094e-07,2.443206e-07,2.288243e-07,2.141157e-07,1.999470e-07,1.861322e-07,1.725174e-07,1.589696e-07,1.454226e-07,1.318739e-07,-4.192670e-08,-3.874343e-08,-3.556019e-08,-3.233132e-08,-2.890708e-08,-2.527110e-08,-2.153243e-08,-1.786685e-08,-1.443605e-08,-1.131186e-08,-8.534114e-09,-6.097719e-09,-4.012466e-09,-2.246049e-09,-7.012231e-10,7.081092e-10,2.041426e-09,3.377281e-09,-2.794499e-07,-2.708179e-07,-2.621824e-07,-2.535559e-07,-2.450348e-07,-2.366650e-07,-2.285338e-07,-2.206293e-07,-2.129406e-07,-2.054028e-07,-1.980546e-07,-1.909151e-07,-1.839508e-07,-1.770981e-07,-1.703214e-07,-1.636156e-07,-1.569491e-07,-1.502793e-07,1.991029e-08,1.797360e-08,1.603725e-08,1.408959e-08,1.209139e-08,1.006532e-08,8.101662e-09,6.309575e-09,4.797359e-09,3.616216e-09,2.770913e-09,2.213630e-09,1.866536e-09,1.687022e-09,1.661335e-09,1.740992e-09,1.850276e-09,1.956047e-09
-3.606796e-08,1.188716e-09,-4.765573e-12,1.182655e-08,7.883089e-09,3.878944e-09,5.746714e-10,-2.727690e-09,-4.192584e-09,-2.618874e-09,-1.262299e-09,-1.860911e-09,-3.402349e-09,-5.426206e-09,-7.839246e-09,-1.113185e-08,-1.522651e-08,-1.919482e-08,-2.252610e-08,-2.528064e-08,-2.803413e-08,3.865197e-07,3.707312e-07,3.549470e-07,3.391457e-07,3.234097e-07,3.072881e-07,2.916198e-07,2.765810e-07,2.623144e-07,2.487466e-07,2.358036e-07,2.233798e-07,2.113173e-07,1.994892e-07,1.877931e-07,1.761435e-07,1.644959e-07,1.528466e-07,-3.690754e-08,-3.403137e-08,-3.115524e-08,-2.823911e-08,-2.515501e-08,-2.188988e-08,-1.853754e-08,-1.525265e-08,-1.217701e-08,-9.365145e-09,-6.842448e-09,-4.599493e-09,-2.637958e-09,-9.285041e-10,6.075572e-10,2.037182e-09,3.406212e-09,4.777069e-09,-2.820014e-07,-2.730212e-07,-2.640377e-07,-2.550617e-07,-2.461843e-07,-2.374486e-07,-2.289389e-07,-2.206447e-07,-2.125565e-07,-2.046114e-07,-1.968501e-07,-1.892945e-07,-1.819136e-07,-1.746441e-07,-1.674507e-07,-1.603300e-07,-1.532498e-07,-1.461663e-07,1.933142e-08,1.744448e-08,1.555790e-08,1.366042e-08,1.171598e-08,9.747881e-09,7.844149e-09,6.111256e-09,4.655149e-09,3.524641e-09,2.722714e-09,2.201843e-09,1.884413e-09,1.728663e-09,1.723398e-09,1.821992e-09,1.949023e-09,2.072621e-09
-3.600384e-08,1.162576e-09,1.017629e-10,9.057111e-09,5.675864e-09,2.245784e-09,-5.993627e-10,-3.437618e-09,-4.749408e-09,-3.584376e-09,-2.847929e-09,-4.035356e-09,-6.013739e-09,-8.086996e-09,-9.840855e-09,-1.154817e-08,-1.331783e-08,-1.467121e-08,-1.548288e-08,-1.588126e-08,-1.627316e-08,3.490849e-07,3.386379e-07,3.281899e-07,3.177460e-07,3.072881e-07,2.967606e-07,2.856610e-07,2.746134e-07,2.637513e-07,2.531248e-07,2.427524e-07,2.326306e-07,2.226906e-07,2.128652e-07,2.031033e-07,1.933676e-07,1.836349e-07,1.739006e-07,-3.198241e-08,-2.940806e-08,-2.683376e-08,-2.422514e-08,-2.147572e-08,-1.857586e-08,-1.560421e-08,-1.269427e-08,-9.967898e-09,-7.462339e-09,-5.188589e-09,-3.132871e-09,-1.288725e-09,3.702293e-10,1.904110e-09,3.360688e-09,4.772139e-09,6.184704e-09,-2.845124e-07,-2.751862e-07,-2.658569e-07,-2.565335e-07,-2.473022e-07,-2.382028e-07,-2.293166e-07,-2.206345e-07,-2.121487e-07,-2.037980e-07,-1.956251e-07,-1.876552e-07,-1.798594e-07,-1.721749e-07,-1.645666e-07,-1.570326e-07,-1.495406e-07,-1.420450e-07,1.877890e-08,1.694103e-08,1.510355e-08,1.325559e-08,1.136423e-08,9.453415e-09,7.608875e-09,5.934395e-09,4.533555e-09,3.452796e-09,2.693339e-09,2.207941e-09,1.919184e-09,1.786139e-09,1.800168e-09,1.916522e-09,2.060100e-09,2.200328e-09
-3.593393e-08,1.138423e-09,2.010296e-10,6.446541e-09,3.623252e-09,7.626256e-10,-1.624920e-09,-4.011336e-09,-5.190833e-09,-4.463089e-09,-4.371116e-09,-6.161802e-09,-8.583073e-09,-1.070189e-08,-1.178449e-08,-1.188711e-08,-1.130708e-08,-1.001814e-08,-8.283071e-09,-6.299605e-09,-4.304210e-09,3.149705e-07,3.091317e-07,3.032933e-07,2.974536e-07,2.916198e-07,2.856610e-07,2.794839e-07,2.724075e-07,2.650258e-07,2.573871e-07,2.496366e-07,2.418640e-07,2.340930e-07,2.263157e-07,2.185328e-07,2.107555e-07,2.029821e-07,1.952074e-07,-2.728942e-08,-2.500555e-08,-2.272173e-08,-2.040918e-08,-1.798192e-08,-1.543349e-08,-1.282750e-08,-1.027635e-08,-7.882058e-09,-5.664788e-09,-3.621400e-09,-1.733799e-09,1.259716e-11,1.641161e-09,3.193364e-09,4.697651e-09,6.172422e-09,7.647588e-09,-2.869541e-07,-2.772864e-07,-2.676158e-07,-2.579495e-07,-2.483687e-07,-2.389099e-07,-2.296514e-07,-2.205852e-07,-2.117051e-07,-2.029518e-07,-1.943704e-07,-1.859889e-07,-1.777810e-07,-1.696841e-07,-1.616635e-07,-1.537190e-07,-1.458178e-07,-1.379129e-07,1.825080e-08,1.646147e-08,1.467255e-08,1.287361e-08,1.103469e-08,9.180352e-09,7.394035e-09,5.776840e-09,4.429987e-09,3.397605e-09,2.679204e-09,2.227805e-09,1.966152e-09,1.854128e-09,1.885646e-09,2.017871e-09,2.176072e-09,2.331009e-09
-3.585401e-08,1.115779e-09,2.988613e-10,4.017009e-09,1.709482e-09,-6.245699e-10,-2.590456e-09,-4.567603e-09,-5.656310e-09,-5.398411e-09,-5.960881e-09,-8.341454e-09,-1.118132e-08,-1.331181e-08,-1.368291e-08,-1.213438e-08,-9.154238e-09,-5.172031e-09,-8.431103e-10,3.564863e-09,7.990395e-09,2.841200e-07,2.822353e-07,2.803505e-07,2.784661e-07,2.765810e-07,2.746134e-07,2.724075e-07,2.697276e-07,2.658756e-07,2.613682e-07,2.563516e-07,2.510439e-07,2.455526e-07,2.399326e-07,2.342366e-07,2.285252e-07,2.228188e-07,2.171111e-07,-2.294526e-08,-2.094088e-08,-1.893651e-08,-1.690870e-08,-1.479039e-08,-1.257763e-08,-1.031898e-08,-8.105666e-09,-6.019872e-09,-4.064747e-09,-2.223388e-09,-4.735734e-10,1.207211e-09,2.839071e-09,4.444524e-09,6.032251e-09,7.606479e-09,9.180366e-09,-2.892911e-07,-2.792883e-07,-2.692826e-07,-2.592798e-07,-2.493560e-07,-2.395440e-07,-2.299188e-07,-2.204734e-07,-2.112032e-07,-2.020509e-07,-1.930637e-07,-1.842731e-07,-1.756549e-07,-1.671472e-07,-1.587159e-07,-1.503622e-07,-1.420531e-07,-1.337401e-07,1.773885e-08,1.599888e-08,1.425932e-08,1.251016e-08,1.072421e-08,8.926556e-09,7.198358e-09,5.638018e-09,4.344386e-09,3.359306e-09,2.680647e-09,2.261720e-09,2.025457e-09,1.932579e-09,1.979574e-09,2.125559e-09,2.296228e-09,2.463721e-09
-3.576691e-08,1.091959e-09,3.980642e-10,1.770674e-09,-8.162146e-11,-1.950531e-09,-3.546668e-09,-5.168618e-09,-6.214084e-09,-6.454112e-09,-7.668874e-09,-1.060360e-08,-1.381184e-08,-1.589474e-08,-1.549249e-08,-1.222848e-08,-6.783551e-09,-4.647046e-11,6.929893e-09,1.380807e-08,2.070978e-08,2.562947e-07,2.577995e-07,2.593044e-07,2.608094e-07,2.623144e-07,2.637513e-07,2.650258e-07,2.658756e-07,2.660614e-07,2.648163e-07,2.627578e-07,2.601068e-07,2.570901e-07,2.538174e-07,2.503971e-07,2.469394e-07,2.434881e-07,2.400355e-07,-1.898845e-08,-1.726053e-08,-1.553260e-08,-1.378601e-08,-1.197074e-08,-1.008428e-08,-8.159680e-09,-6.266507e-09,-4.466574e-09,-2.746106e-09,-1.075127e-09,5.722953e-10,2.226164e-09,3.902801e-09,5.605182e-09,7.321459e-09,9.040967e-09,1.075936e-08,-2.915469e-07,-2.812150e-07,-2.708804e-07,-2.605470e-07,-2.502862e-07,-2.401268e-07,-2.301403e-07,-2.203201e-07,-2.106633e-07,-2.011144e-07,-1.917231e-07,-1.825238e-07,-1.734954e-07,-1.645764e-07,-1.557335e-07,-1.469696e-07,-1.382515e-07,-1.295296e-07,1.721646e-08,1.552820e-08,1.384037e-08,1.214330e-08,1.041233e-08,8.672967e-09,7.004099e-09,5.501362e-09,4.261189e-09,3.323161e-09,2.683605e-09,2.296180e-09,2.084065e-09,2.008866e-09,2.069688e-09,2.227671e-09,2.408979e-09,2.587205e-09
-3.567208e-08,1.062736e-09,4.952223e-10,-3.108437e-10,-1.755889e-09,-3.208587e-09,-4.474049e-09,-5.777636e-09,-6.805613e-09,-7.545299e-09,-9.385044e-09,-1.281768e-08,-1.633054e-08,-1.830095e-08,-1.706651e-08,-1.203233e-08,-4.071092e-09,5.467345e-09,1.512764e-08,2.450198e-08,3.390630e-08,2.310396e-07,2.354665e-07,2.398933e-07,2.443206e-07,2.487466e-07,2.531248e-07,2.573871e-07,2.613682e-07,2.648163e-07,2.674321e-07,2.685529e-07,2.688724e-07,2.686124e-07,2.679725e-07,2.671091e-07,2.661862e-07,2.652708e-07,2.643543e-07,-1.534776e-08,-1.390412e-08,-1.246046e-08,-1.100239e-08,-9.495098e-09,-7.936372e-09,-6.343097e-09,-4.762569e-09,-3.235600e-09,-1.731339e-09,-2.075561e-10,1.365038e-09,3.023560e-09,4.780072e-09,6.617342e-09,8.502043e-09,1.040765e-08,1.231133e-08,-2.937168e-07,-2.830623e-07,-2.724052e-07,-2.617479e-07,-2.511566e-07,-2.406561e-07,-2.303142e-07,-2.201243e-07,-2.100850e-07,-2.001425e-07,-1.903488e-07,-1.807418e-07,-1.713031e-07,-1.619724e-07,-1.527169e-07,-1.435417e-07,-1.344137e-07,-1.252816e-07,1.664686e-08,1.501377e-08,1.338112e-08,1.173955e-08,1.006672e-08,8.388490e-09,6.781420e-09,5.338339e-09,4.153186e-09,3.263293e-09,2.663558e-09,2.308013e-09,2.120090e-09,2.062298e-09,2.136401e-09,2.305651e-09,2.496777e-09,2.684921e-09
