3.153287e-05,-4.976862e-07,-1.302719e-07,8.162284e-07,1.255496e-06,1.674560e-06,1.752321e-06,1.725409e-06,1.891494e-06,2.976588e-06,3.101314e-06,1.908367e-06,1.132205e-06,9.548343e-07,3.998481e-07,9.900754e-07,3.636764e-06,5.983461e-06,8.045759e-06,1.016559e-05,1.204885e-05,-1.963695e-04,-1.968567e-04,-1.973427e-04,-1.978337e-04,-1.983068e-04,-1.985837e-04,-1.985855e-04,-1.981148e-04,-1.973515e-04,-1.962698e-04,-1.950712e-04,-1.939491e-04,-1.928304e-04,-1.916129e-04,-1.902965e-04,-1.889772e-04,-1.877252e-04,-1.864579e-04,1.468391e-06,2.255074e-06,3.041069e-06,3.787885e-06,4.417573e-06,4.969092e-06,5.339383e-06,5.563864e-06,5.621421e-06,5.451341e-06,5.193555e-06,4.908710e-06,4.766462e-06,4.802525e-06,4.894475e-06,4.990787e-06,5.155153e-06,5.326334e-06,2.707294e-04,2.596663e-04,2.485861e-04,2.374470e-04,2.266643e-04,2.162698e-04,2.066410e-04,1.975438e-04,1.888789e-04,1.802212e-04,1.720740e-04,1.648165e-04,1.583957e-04,1.524470e-04,1.468357e-04,1.417021e-04,1.368949e-04,1.320603e-04,-2.258243e-05,-1.899451e-05,-1.541379e-05,-1.173042e-05,-7.645798e-06,-3.203742e-06,1.176600e-06,4.921067e-06,7.405425e-06,8.340738e-06,7.695110e-06,5.763804e-06,3.056050e-06,-2.667767e-07,-4.374248e-06,-9.092619e-06,-1.395567e-05,-1.879848e-05
-4.976862e-07,3.001571e-05,-7.893106e-08,2.525972e-06,1.779479e-06,1.564206e-06,1.080017e-06,3.683410e-07,4.350491e-07,1.416140e-06,1.734697e-06,1.815066e-06,5.376521e-07,-9.196331e-07,-2.824789e-06,-3.218286e-06,-2.489756e-06,7.143362e-08,4.574375e-06,9.009850e-06,1.326658e-05,5.499530e-06,5.648997e-06,5.799903e-06,5.946078e-06,6.109316e-06,6.439691e-06,6.887910e-06,7.414834e-06,7.845000e-06,7.943812e-06,7.700877e-06,7.136385e-06,6.379761e-06,5.462193e-06,4.315457e-06,2.992338e-06,1.621154e-06,2.592289e-07,-1.928147e-04,-1.917646e-04,-1.906937e-04,-1.894664e-04,-1.882583e-04,-1.869653e-04,-1.857101e-04,-1.845206e-04,-1.834147e-04,-1.823950e-04,-1.816617e-04,-1.810893e-04,-1.806573e-04,-1.804247e-04,-1.802924e-04,-1.801432e-04,-1.799471e-04,-1.797404e-04,-2.149585e-05,-1.805272e-05,-1.461564e-05,-1.108891e-05,-7.206384e-06,-2.997355e-06,1.136882e-06,4.647783e-06,6.963990e-06,7.807005e-06,7.154648e-06,5.291355e-06,2.715046e-06,-4.004335e-07,-4.214013e-06,-8.580265e-06,-1.307027e-05,-1.754117e-05,1.980061e-04,2.011784e-04,2.043402e-04,2.070635e-04,2.089708e-04,2.091631e-04,2.072280e-04,2.028165e-04,1.964485e-04,1.885674e-04,1.802508e-04,1.717157e-04,1.632114e-04,1.550917e-04,1.473045e-04,1.394926e-04,1.315122e-04,1.235304e-04
-1.302719e-07,-7.893106e-08,6.404896e-06,-5.299100e-05,-5.391602e-05,-5.461132e-05,-5.399202e-05,-5.430072e-05,-5.383026e-05,-5.457980e-05,-5.385285e-05,-5.294261e-05,-4.914145e-05,-4.626772e-05,-4.454150e-05,-4.360122e-05,-4.347699e-05,-4.388055e-05,-4.459622e-05,-4.549391e-05,-4.627710e-05,-4.226723e-06,-3.454811e-06,-2.682336e-06,-1.910876e-06,-1.133394e-06,-5.960634e-07,-4.213744e-07,-2.225849e-07,2.136750e-07,7.112855e-07,1.166788e-06,1.529771e-06,1.839030e-06,2.132876e-06,2.400721e-06,2.682819e-06,2.995154e-06,3.301340e-06,2.460877e-06,1.650178e-06,8.288958e-07,2.640692e-07,7.416095e-08,-6.369144e-08,-2.924824e-07,-6.182894e-07,-1.081245e-06,-1.471713e-06,-1.616152e-06,-1.584174e-06,-1.413910e-06,-1.194937e-06,-9.517921e-07,-6.806351e-07,-4.250490e-07,-1.739360e-07,1.233448e-06,1.236533e-07,-9.870108e-07,-2.090030e-06,-3.216497e-06,-4.126099e-06,-4.649982e-06,-5.070216e-06,-5.413861e-06,-5.244029e-06,-4.223239e-06,-2.186847e-06,8.413917e-07,4.619955e-06,8.764966e-06,1.299717e-05,1.720592e-05,2.141166e-05,-2.823679e-06,-1.943581e-06,-1.037778e-06,-4.155301e-07,-2.308025e-07,-1.922661e-07,-1.854098e-07,-2.013720e-07,-1.920880e-07,-3.774557e-07,-8.561113e-07,-1.362705e-06,-1.510026e-06,-1.042897e-06,8.981093e-08,1.707228e-06,3.487311e-06,5.252904e-06
8.162284e-07,2.525972e-06,-5.299100e-05,3.027509e-03,1.582905e-03,5.865727e-04,2.282938e-04,2.497613e-04,3.374649e-04,4.344920e-04,4.735885e-04,4.725024e-04,4.357980e-04,3.888775e-04,3.431356e-04,3.078237e-04,2.976653e-04,3.130868e-04,3.470561e-04,3.922005e-04,4.357863e-04,3.042149e-04,2.721081e-04,2.400275e-04,2.077503e-04,1.752304e-04,1.416882e-04,1.094703e-04,7.980272e-05,5.206813e-05,2.736582e-05,5.822469e-06,-1.287452e-05,-2.973681e-05,-4.539475e-05,-6.026240e-05,-7.502053e-05,-9.017973e-05,-1.052736e-04,-9.967133e-04,-8.020044e-04,-6.057082e-04,-4.291097e-04,-2.819128e-04,-1.631098e-04,-7.119305e-05,-2.294888e-06,4.697440e-05,7.841055e-05,9.476840e-05,9.965658e-05,9.615448e-05,8.774341e-05,7.633246e-05,6.289858e-05,4.877169e-05,3.473034e-05,-2.203473e-05,-1.090702e-05,2.248545e-07,1.109763e-05,2.189325e-05,3.117641e-05,3.743801e-05,4.239859e-05,4.612859e-05,4.504325e-05,3.643504e-05,1.905645e-05,-6.779434e-06,-3.901593e-05,-7.440733e-05,-1.105909e-04,-1.465793e-04,-1.825449e-04,7.091996e-05,5.222654e-05,3.311443e-05,1.837717e-05,1.000600e-05,5.549100e-06,3.725885e-06,3.711553e-06,4.633015e-06,7.867953e-06,1.385118e-05,2.018601e-05,2.354593e-05,2.172607e-05,1.433451e-05,2.916741e-06,-9.828536e-06,-2.245520e-05
1.255496e-06,1.779479e-06,-5.391602e-05,1.582905e-03,1.160286e-03,6.328114e-04,4.042973e-04,3.691089e-04,3.916695e-04,4.423682e-04,4.631036e-04,4.649473e-04,4.349286e-04,3.996934e-04,3.671369e-04,3.416316e-04,3.320883e-04,3.374471e-04,3.541049e-04,3.776464e-04,3.998819e-04,2.256148e-04,1.977247e-04,1.698427e-04,1.418616e-04,1.135430e-04,8.653349e-05,6.315069e-05,4.243160e-05,2.288030e-05,5.400891e-06,-9.708422e-06,-2.251071e-05,-3.380215e-05,-4.415363e-05,-5.384908e-05,-6.352354e-05,-7.353679e-05,-8.349022e-05,-5.516899e-04,-4.351167e-04,-3.173849e-04,-2.139571e-04,-1.318268e-04,-6.746667e-05,-1.869947e-05,1.700043e-05,4.212361e-05,5.717488e-05,6.316248e-05,6.230933e-05,5.643523e-05,4.776325e-05,3.733406e-05,2.567839e-05,1.369992e-05,1.786223e-06,-1.613796e-05,-5.358228e-06,5.427767e-06,1.602393e-05,2.668769e-05,3.556189e-05,4.111028e-05,4.540578e-05,4.864682e-05,4.722282e-05,3.836175e-05,2.074775e-05,-5.352508e-06,-3.787682e-05,-7.355449e-05,-1.099979e-04,-1.462382e-04,-1.824547e-04,5.287472e-05,3.821376e-05,2.318744e-05,1.198712e-05,6.454201e-06,3.864283e-06,2.953713e-06,3.183196e-06,3.825632e-06,6.447534e-06,1.165579e-05,1.711683e-05,1.951556e-05,1.666281e-05,8.159223e-06,-4.443303e-06,-1.840775e-05,-3.225065e-05
1.674560e-06,1.564206e-06,-5.461132e-05,5.865727e-04,6.328114e-04,7.164784e-04,5.738632e-04,4.895463e-04,4.429585e-04,4.476635e-04,4.497819e-04,4.552100e-04,4.323886e-04,4.091175e-04,3.900013e-04,3.746200e-04,3.658056e-04,3.607597e-04,3.593762e-04,3.603486e-04,3.602823e-04,1.377484e-04,1.153674e-04,9.297620e-05,7.058343e-05,4.775980e-05,2.854699e-05,1.509450e-05,4.199150e-06,-6.530119e-06,-1.637386e-05,-2.481264e-05,-3.159795e-05,-3.725968e-05,-4.228485e-05,-4.680939e-05,-5.140695e-05,-5.627740e-05,-6.109384e-05,-9.155415e-05,-5.533742e-05,-1.840192e-05,9.455265e-06,2.410874e-05,3.178297e-05,3.539247e-05,3.615265e-05,3.569608e-05,3.324380e-05,2.802804e-05,2.083028e-05,1.216087e-05,2.924573e-06,-6.757600e-06,-1.682581e-05,-2.682660e-05,-3.678456e-05,-1.110916e-05,-5.635417e-07,9.990104e-06,2.041165e-05,3.102842e-05,3.956625e-05,4.447617e-05,4.817451e-05,5.098246e-05,4.927529e-05,4.022465e-05,2.245279e-05,-3.814100e-06,-3.651359e-05,-7.236650e-05,-1.089671e-04,-1.453609e-04,-1.817295e-04,3.668676e-05,2.643628e-05,1.587599e-05,8.584175e-06,6.208460e-06,5.718351e-06,5.858181e-06,6.372573e-06,6.694571e-06,8.585977e-06,1.285002e-05,1.723914e-05,1.847560e-05,1.440818e-05,4.636363e-06,-9.292456e-06,-2.461622e-05,-3.981592e-05
1.752321e-06,1.080017e-06,-5.399202e-05,2.282938e-04,4.042973e-04,5.738632e-04,7.224880e-04,5.821870e-04,4.906070e-04,4.500659e-04,4.350228e-04,4.390168e-04,4.205141e-04,4.063880e-04,3.967239e-04,3.873690e-04,3.783864e-04,3.676780e-04,3.574461e-04,3.475016e-04,3.366576e-04,1.358392e-04,1.078991e-04,7.993145e-05,5.204844e-05,2.364484e-05,1.318162e-06,-1.176588e-05,-2.045153e-05,-2.787490e-05,-3.374705e-05,-3.783967e-05,-4.013547e-05,-4.126759e-05,-4.179399e-05,-4.186111e-05,-4.206446e-05,-4.250591e-05,-4.289708e-05,1.206728e-04,1.153493e-04,1.103747e-04,1.000186e-04,8.123619e-05,6.178132e-05,4.498544e-05,3.095107e-05,2.052707e-05,1.211450e-05,3.902280e-06,-4.054947e-06,-1.192120e-05,-1.943338e-05,-2.682555e-05,-3.422358e-05,-4.138236e-05,-4.850851e-05,-1.145853e-05,-6.673779e-07,1.013278e-05,2.083536e-05,3.183963e-05,4.052492e-05,4.523379e-05,4.860501e-05,5.107012e-05,4.911085e-05,3.996602e-05,2.228406e-05,-3.723502e-06,-3.602927e-05,-7.140807e-05,-1.074932e-04,-1.433690e-04,-1.792199e-04,2.424771e-05,1.674109e-05,8.979025e-06,4.014781e-06,3.451236e-06,4.128690e-06,4.814594e-06,5.458652e-06,5.618096e-06,7.143944e-06,1.093437e-05,1.481920e-05,1.559124e-05,1.114727e-05,1.080607e-06,-1.309344e-05,-2.865018e-05,-4.408400e-05
1.725409e-06,3.683410e-07,-5.430072e-05,2.497613e-04,3.691089e-04,4.895463e-04,5.821870e-04,7.066206e-04,5.803262e-04,4.986670e-04,4.455249e-04,4.297640e-04,4.017103e-04,3.893834e-04,3.870547e-04,3.881579e-04,3.900753e-04,3.914154e-04,3.916373e-04,3.904244e-04,3.884060e-04,-8.104402e-06,-1.928261e-05,-3.049246e-05,-4.158868e-05,-5.315113e-05,-5.813187e-05,-5.338092e-05,-4.614228e-05,-4.005440e-05,-3.430856e-05,-2.855297e-05,-2.262876e-05,-1.680391e-05,-1.132164e-05,-5.939927e-06,-8.465700e-07,4.030118e-06,8.955940e-06,1.121688e-04,9.439062e-05,7.670742e-05,5.644646e-05,3.173558e-05,1.030089e-05,-4.880766e-06,-1.455508e-05,-1.863994e-05,-1.938239e-05,-1.912306e-05,-1.793691e-05,-1.617307e-05,-1.369980e-05,-1.062407e-05,-7.241758e-06,-3.470124e-06,3.259933e-07,-9.292713e-06,1.041124e-06,1.138480e-05,2.165341e-05,3.223930e-05,4.041041e-05,4.448072e-05,4.740329e-05,4.965758e-05,4.763904e-05,3.856440e-05,2.106299e-05,-4.694724e-06,-3.669534e-05,-7.172156e-05,-1.074358e-04,-1.429423e-04,-1.784233e-04,1.517893e-05,9.141758e-06,2.883838e-06,-8.938306e-07,-6.754785e-07,4.082109e-07,1.206106e-06,1.790306e-06,1.804923e-06,3.193754e-06,6.898312e-06,1.073583e-05,1.147973e-05,7.003446e-06,-3.139200e-06,-1.741664e-05,-3.308908e-05,-4.863741e-05
1.891494e-06,4.350491e-07,-5.383026e-05,3.374649e-04,3.916695e-04,4.429585e-04,4.906070e-04,5.803262e-04,7.043114e-04,5.705585e-04,4.830417e-04,4.275096e-04,3.797216e-04,3.596515e-04,3.592452e-04,3.697233e-04,3.850525e-04,4.022403e-04,4.166451e-04,4.285590e-04,4.397416e-04,-1.328869e-04,-1.243473e-04,-1.158296e-04,-1.072327e-04,-9.891729e-05,-8.517318e-05,-6.259390e-05,-4.082362e-05,-2.444032e-05,-1.146678e-05,-9.938992e-07,7.656931e-06,1.480085e-05,2.062777e-05,2.585802e-05,3.076015e-05,3.546288e-05,4.021337e-05,6.222633e-05,4.688004e-05,3.155068e-05,1.458757e-05,-5.332487e-06,-2.202243e-05,-3.272846e-05,-3.767122e-05,-3.639654e-05,-3.140967e-05,-2.502212e-05,-1.728621e-05,-8.646851e-06,9.677382e-07,1.154626e-05,2.262957e-05,3.419227e-05,4.577291e-05,-4.787007e-06,4.631583e-06,1.405908e-05,2.341810e-05,3.304263e-05,4.038055e-05,4.368413e-05,4.615221e-05,4.834812e-05,4.651367e-05,3.782169e-05,2.087530e-05,-4.195343e-06,-3.541647e-05,-6.962536e-05,-1.045347e-04,-1.392458e-04,-1.739308e-04,1.454107e-05,8.831168e-06,2.913161e-06,-6.582813e-07,-4.412995e-07,6.838400e-07,1.613248e-06,2.315691e-06,2.374231e-06,3.748559e-06,7.369726e-06,1.107774e-05,1.169529e-05,7.124570e-06,-3.090822e-06,-1.741673e-05,-3.313345e-05,-4.872646e-05
2.976588e-06,1.416140e-06,-5.457980e-05,4.344920e-04,4.423682e-04,4.476635e-04,4.500659e-04,4.986670e-04,5.705585e-04,7.012456e-04,5.759241e-04,4.759791e-04,3.838905e-04,3.377838e-04,3.263646e-04,3.382003e-04,3.635187e-04,3.964166e-04,4.283582e-04,4.605297e-04,4.918256e-04,-7.646154e-05,-6.255821e-05,-4.866346e-05,-3.474169e-05,-2.090175e-05,-4.041574e-06,1.785224e-05,3.453757e-05,4.165406e-05,4.360918e-05,4.245963e-05,3.936733e-05,3.475443e-05,2.889449e-05,2.265337e-05,1.636276e-05,9.838652e-06,3.364822e-06,-1.217997e-05,-1.640344e-05,-2.059277e-05,-2.629424e-05,-3.394121e-05,-3.904350e-05,-3.945920e-05,-3.499566e-05,-2.487862e-05,-1.278804e-05,-1.011006e-06,1.072273e-05,2.216277e-05,3.366011e-05,4.549903e-05,5.736151e-05,6.947137e-05,8.160971e-05,7.875589e-06,1.608884e-05,2.430998e-05,3.245785e-05,4.081288e-05,4.714896e-05,4.986444e-05,5.221080e-05,5.467471e-05,5.305864e-05,4.435525e-05,2.713763e-05,1.575732e-06,-3.031295e-05,-6.531911e-05,-1.010992e-04,-1.366776e-04,-1.722300e-04,2.286382e-05,1.696119e-05,1.084564e-05,7.075549e-06,6.954178e-06,7.789628e-06,8.509582e-06,8.964670e-06,8.659134e-06,9.704435e-06,1.304944e-05,1.648974e-05,1.682576e-05,1.193612e-05,1.339435e-06,-1.341089e-05,-2.956092e-05,-4.558618e-05
3.101314e-06,1.734697e-06,-5.385285e-05,4.735885e-04,4.631036e-04,4.497819e-04,4.350228e-04,4.455249e-04,4.830417e-04,5.759241e-04,6.974661e-04,5.506617e-04,4.325574e-04,3.519056e-04,3.184754e-04,3.137764e-04,3.310572e-04,3.634124e-04,4.015126e-04,4.443083e-04,4.859642e-04,1.124727e-05,1.827489e-05,2.530012e-05,3.232781e-05,3.935721e-05,4.800585e-05,5.894542e-05,6.369289e-05,5.783195e-05,4.774538e-05,3.659308e-05,2.533186e-05,1.368991e-05,1.619459e-06,-1.034501e-05,-2.219685e-05,-3.434584e-05,-4.643928e-05,-5.480670e-05,-5.065860e-05,-4.644870e-05,-4.379680e-05,-4.249111e-05,-3.874456e-05,-3.070705e-05,-1.800675e-05,5.043455e-07,1.869084e-05,3.296684e-05,4.411818e-05,5.255642e-05,5.932429e-05,6.516567e-05,7.020392e-05,7.510639e-05,8.005871e-05,1.049829e-05,1.816316e-05,2.583545e-05,3.343537e-05,4.121695e-05,4.719406e-05,4.997653e-05,5.254879e-05,5.543518e-05,5.419240e-05,4.569364e-05,2.855564e-05,3.033777e-06,-2.884096e-05,-6.386386e-05,-9.967994e-05,-1.352927e-04,-1.708812e-04,2.668057e-05,2.064749e-05,1.440111e-05,1.046794e-05,1.001633e-05,1.046763e-05,1.077273e-05,1.073989e-05,9.809778e-06,1.036194e-05,1.349639e-05,1.696855e-05,1.754806e-05,1.307944e-05,3.057918e-06,-1.101165e-05,-2.643411e-05,-4.173574e-05
1.908367e-06,1.815066e-06,-5.294261e-05,4.725024e-04,4.649473e-04,4.552100e-04,4.390168e-04,4.297640e-04,4.275096e-04,4.759791e-04,5.506617e-04,6.957947e-04,5.803968e-04,4.847403e-04,3.986105e-04,3.324796e-04,2.956921e-04,2.843004e-04,2.948618e-04,3.178882e-04,3.392066e-04,9.844070e-05,8.362536e-05,6.880890e-05,5.398853e-05,3.917322e-05,2.542615e-05,1.240287e-05,-5.254854e-06,-3.043967e-05,-5.543343e-05,-7.611497e-05,-9.196861e-05,-1.048157e-04,-1.156484e-04,-1.252969e-04,-1.349323e-04,-1.450042e-04,-1.550059e-04,-7.972905e-05,-5.641524e-05,-3.301569e-05,-1.143434e-05,8.098234e-06,2.813368e-05,4.927834e-05,7.072265e-05,9.255254e-05,1.065688e-04,1.077953e-04,9.855123e-05,8.156689e-05,5.983832e-05,3.468335e-05,7.249491e-06,-2.096716e-05,-4.908919e-05,-1.510342e-06,6.839704e-06,1.519655e-05,2.349319e-05,3.198475e-05,3.881898e-05,4.279581e-05,4.652917e-05,5.041697e-05,4.993294e-05,4.185091e-05,2.479920e-05,-8.293954e-07,-3.295400e-05,-6.828335e-05,-1.043856e-04,-1.402810e-04,-1.761550e-04,3.406474e-05,2.659715e-05,1.891849e-05,1.351996e-05,1.151502e-05,1.042764e-05,9.297940e-06,8.063814e-06,6.297699e-06,6.608885e-06,1.027416e-05,1.487826e-05,1.695286e-05,1.418054e-05,6.079449e-06,-5.927800e-06,-1.922117e-05,-3.239981e-05
1.132205e-06,5.376521e-07,-4.914145e-05,4.357980e-04,4.349286e-04,4.323886e-04,4.205141e-04,4.017103e-04,3.797216e-04,3.838905e-04,4.325574e-04,5.803968e-04,7.653525e-04,6.584041e-04,5.344876e-04,3.856914e-04,2.669242e-04,1.753087e-04,1.240295e-04,9.413744e-05,6.198995e-05,1.996691e-04,1.587867e-04,1.179038e-04,7.701422e-05,3.612655e-05,-4.204439e-06,-4.527093e-05,-9.072044e-05,-1.417635e-04,-1.899207e-04,-2.281607e-04,-2.542194e-04,-2.713070e-04,-2.819570e-04,-2.893910e-04,-2.968276e-04,-3.048378e-04,-3.127664e-04,-8.125919e-05,-4.587831e-05,-1.040175e-05,2.318124e-05,5.433981e-05,8.456768e-05,1.132387e-04,1.383263e-04,1.585742e-04,1.649760e-04,1.495462e-04,1.154333e-04,6.836257e-05,1.328864e-05,-4.821736e-05,-1.137170e-04,-1.807805e-04,-2.476992e-04,-7.716825e-06,2.980386e-07,8.318952e-06,1.628904e-05,2.444688e-05,3.116342e-05,3.551899e-05,3.987271e-05,4.450803e-05,4.515164e-05,3.839630e-05,2.263165e-05,-1.669376e-06,-3.244997e-05,-6.639579e-05,-1.010314e-04,-1.354557e-04,-1.698641e-04,3.055780e-05,2.214367e-05,1.353381e-05,7.054818e-06,3.712691e-06,1.265752e-06,-1.093744e-06,-3.291114e-06,-5.594147e-06,-5.439131e-06,-1.218356e-06,4.666161e-06,8.582043e-06,8.126551e-06,2.888312e-06,-5.892244e-06,-1.580411e-05,-2.561433e-05
9.548343e-07,-9.196331e-07,-4.626772e-05,3.888775e-04,3.996934e-04,4.091175e-04,4.063880e-04,3.893834e-04,3.596515e-04,3.377838e-04,3.519056e-04,4.847403e-04,6.584041e-04,8.693923e-04,7.477996e-04,5.596560e-04,3.451567e-04,1.313821e-04,-3.961437e-05,-1.880196e-04,-3.386998e-04,3.173648e-04,2.479966e-04,1.786281e-04,1.092509e-04,3.987342e-05,-2.921864e-05,-9.947432e-05,-1.734122e-04,-2.503092e-04,-3.214463e-04,-3.773238e-04,-4.130984e-04,-4.316819e-04,-4.377659e-04,-4.378422e-04,-4.379093e-04,-4.385386e-04,-4.390930e-04,-3.743422e-05,-1.394134e-05,9.655917e-06,3.118516e-05,4.983421e-05,6.647730e-05,8.004183e-05,8.828923e-05,8.948527e-05,7.603304e-05,3.899547e-05,-1.839608e-05,-8.879108e-05,-1.669820e-04,-2.524893e-04,-3.422122e-04,-4.336394e-04,-5.249108e-04,-9.936891e-06,-2.192387e-06,5.556968e-06,1.326263e-05,2.117079e-05,2.783519e-05,3.250992e-05,3.740424e-05,4.264824e-05,4.425386e-05,3.867655e-05,2.397332e-05,5.020212e-07,-2.963123e-05,-6.296778e-05,-9.688464e-05,-1.305809e-04,-1.642644e-04,2.187605e-05,1.317432e-05,4.287608e-06,-2.551885e-06,-6.368462e-06,-9.189151e-06,-1.171971e-05,-1.384262e-05,-1.575404e-05,-1.514090e-05,-1.031325e-05,-3.600658e-06,1.310074e-06,2.036645e-06,-1.693114e-06,-8.784671e-06,-1.692865e-05,-2.497742e-05
3.998481e-07,-2.824789e-06,-4.454150e-05,3.431356e-04,3.671369e-04,3.900013e-04,3.967239e-04,3.870547e-04,3.592452e-04,3.263646e-04,3.184754e-04,3.986105e-04,5.344876e-04,7.477996e-04,9.481497e-04,7.730710e-04,5.210725e-04,1.971742e-04,-1.038833e-04,-3.974432e-04,-6.920058e-04,3.561761e-04,2.767070e-04,1.972370e-04,1.177590e-04,3.826882e-05,-4.081751e-05,-1.204246e-04,-2.023277e-04,-2.844333e-04,-3.587962e-04,-4.164566e-04,-4.522465e-04,-4.656386e-04,-4.624530e-04,-4.516767e-04,-4.410847e-04,-4.307947e-04,-4.204616e-04,3.113587e-05,3.384176e-05,3.665680e-05,3.711940e-05,3.381899e-05,2.704353e-05,1.551732e-05,-2.956125e-06,-3.030343e-05,-7.195631e-05,-1.350458e-04,-2.145770e-04,-3.018203e-04,-3.917351e-04,-4.855354e-04,-5.809112e-04,-6.768668e-04,-7.727315e-04,-1.511831e-05,-7.388431e-06,3.458535e-07,8.035593e-06,1.592058e-05,2.262415e-05,2.742444e-05,3.244282e-05,3.769976e-05,3.953512e-05,3.463343e-05,2.106062e-05,-1.323834e-06,-3.043553e-05,-6.267347e-05,-9.534558e-05,-1.278019e-04,-1.602425e-04,9.272150e-06,1.349335e-07,-9.180854e-06,-1.646326e-05,-2.067141e-05,-2.362418e-05,-2.592412e-05,-2.740075e-05,-2.818677e-05,-2.624300e-05,-2.012151e-05,-1.228218e-05,-6.519068e-06,-5.231064e-06,-8.531706e-06,-1.532314e-05,-2.322532e-05,-3.102720e-05
9.900754e-07,-3.218286e-06,-4.360122e-05,3.078237e-04,3.416316e-04,3.746200e-04,3.873690e-04,3.881579e-04,3.697233e-04,3.382003e-04,3.137764e-04,3.324796e-04,3.856914e-04,5.596560e-04,7.730710e-04,9.594938e-04,7.473581e-04,4.181527e-04,4.637590e-05,-3.486770e-04,-7.431861e-04,2.487600e-04,1.875353e-04,1.263079e-04,6.507851e-05,3.807594e-06,-5.636134e-05,-1.151083e-04,-1.732698e-04,-2.278330e-04,-2.723251e-04,-2.999026e-04,-3.068276e-04,-2.918546e-04,-2.609644e-04,-2.237304e-04,-1.873757e-04,-1.507689e-04,-1.141775e-04,8.447258e-05,7.084016e-05,5.731236e-05,4.119477e-05,2.022607e-05,-5.676746e-06,-3.764923e-05,-7.756009e-05,-1.271919e-04,-1.895430e-04,-2.686754e-04,-3.577422e-04,-4.469027e-04,-5.302481e-04,-6.085699e-04,-6.821647e-04,-7.535770e-04,-8.250555e-04,-1.243379e-05,-4.452529e-06,3.531755e-06,1.147480e-05,1.964884e-05,2.663030e-05,3.157629e-05,3.645642e-05,4.116061e-05,4.229954e-05,3.692465e-05,2.335777e-05,1.369350e-06,-2.697668e-05,-5.805104e-05,-8.932168e-05,-1.203843e-04,-1.514226e-04,4.222794e-06,-4.843835e-06,-1.408591e-05,-2.129111e-05,-2.528442e-05,-2.776227e-05,-2.929241e-05,-2.970332e-05,-2.909557e-05,-2.570827e-05,-1.844918e-05,-9.911389e-06,-3.950995e-06,-3.072766e-06,-7.498922e-06,-1.593839e-05,-2.572977e-05,-3.540147e-05
3.636764e-06,-2.489756e-06,-4.347699e-05,2.976653e-04,3.320883e-04,3.658056e-04,3.783864e-04,3.900753e-04,3.850525e-04,3.635187e-04,3.310572e-04,2.956921e-04,2.669242e-04,3.451567e-04,5.210725e-04,7.473581e-04,9.296717e-04,7.241375e-04,4.387595e-04,7.518519e-05,-2.818817e-04,3.820910e-05,1.398548e-05,-1.024369e-05,-3.446390e-05,-5.876206e-05,-8.088491e-05,-9.885300e-05,-1.123403e-04,-1.177767e-04,-1.099799e-04,-8.431375e-05,-3.837194e-05,2.838862e-05,1.092848e-04,1.948168e-04,2.794584e-04,3.651097e-04,4.506610e-04,9.996643e-05,8.022125e-05,6.056490e-05,3.833088e-05,1.076765e-05,-2.178720e-05,-5.950997e-05,-1.031732e-04,-1.535650e-04,-2.112051e-04,-2.766338e-04,-3.427636e-04,-4.006380e-04,-4.443091e-04,-4.711153e-04,-4.849505e-04,-4.930842e-04,-5.014935e-04,6.906301e-06,1.475984e-05,2.261391e-05,3.043428e-05,3.857354e-05,4.548541e-05,5.013453e-05,5.429728e-05,5.773977e-05,5.719093e-05,5.004461e-05,3.491335e-05,1.175047e-05,-1.724842e-05,-4.845490e-05,-7.961762e-05,-1.105547e-04,-1.414576e-04,2.290148e-06,-5.638218e-06,-1.374239e-05,-1.979645e-05,-2.247587e-05,-2.348572e-05,-2.348200e-05,-2.240940e-05,-2.046119e-05,-1.615851e-05,-8.808794e-06,-9.350204e-07,3.831221e-06,3.001403e-06,-4.176399e-06,-1.611838e-05,-2.974129e-05,-4.321756e-05
5.983461e-06,7.143362e-08,-4.388055e-05,3.130868e-04,3.374471e-04,3.607597e-04,3.676780e-04,3.914154e-04,4.022403e-04,3.964166e-04,3.634124e-04,2.843004e-04,1.753087e-04,1.313821e-04,1.971742e-04,4.181527e-04,7.241375e-04,1.070551e-03,1.052193e-03,9.523606e-04,8.523982e-04,-1.810640e-04,-1.645228e-04,-1.479900e-04,-1.314348e-04,-1.149886e-04,-9.516026e-05,-6.801444e-05,-3.191677e-05,1.714488e-05,8.345028e-05,1.697602e-04,2.779255e-04,4.086888e-04,5.554830e-04,7.094453e-04,8.662348e-04,1.025009e-03,1.183556e-03,7.413664e-05,5.179338e-05,2.951403e-05,5.029853e-06,-2.401499e-05,-5.556224e-05,-8.742773e-05,-1.178077e-04,-1.449791e-04,-1.660444e-04,-1.769342e-04,-1.710941e-04,-1.415420e-04,-8.361489e-05,5.355737e-06,1.162616e-04,2.364191e-04,3.560417e-04,2.175629e-05,3.005023e-05,3.834192e-05,4.662384e-05,5.536391e-05,6.288425e-05,6.789721e-05,7.196554e-05,7.471843e-05,7.288343e-05,6.408691e-05,4.711232e-05,2.198804e-05,-9.044004e-06,-4.239994e-05,-7.598677e-05,-1.093631e-04,-1.426903e-04,6.035761e-06,1.009030e-06,-4.197181e-06,-7.356408e-06,-7.042681e-06,-5.110245e-06,-2.414149e-06,8.565131e-07,4.298310e-06,9.033244e-06,1.523148e-05,2.046659e-05,2.137741e-05,1.559647e-05,2.225593e-06,-1.669015e-05,-3.760535e-05,-5.834523e-05
8.045759e-06,4.574375e-06,-4.459622e-05,3.470561e-04,3.541049e-04,3.593762e-04,3.574461e-04,3.916373e-04,4.166451e-04,4.283582e-04,4.015126e-04,2.948618e-04,1.240295e-04,-3.961437e-05,-1.038833e-04,4.637590e-05,4.387595e-04,1.052193e-03,1.709651e-03,2.079908e-03,2.494422e-03,-3.368178e-04,-2.892312e-04,-2.416551e-04,-1.940450e-04,-1.465570e-04,-9.472816e-05,-3.292977e-05,4.138336e-05,1.322093e-04,2.430084e-04,3.748346e-04,5.293284e-04,7.083021e-04,9.071056e-04,1.119311e-03,1.342444e-03,1.568827e-03,1.794797e-03,1.457649e-05,-9.715343e-06,-3.396879e-05,-5.980213e-05,-8.835197e-05,-1.149750e-04,-1.343316e-04,-1.411882e-04,-1.304309e-04,-9.535048e-05,-2.695577e-05,8.086655e-05,2.330773e-04,4.330037e-04,6.811283e-04,9.610823e-04,1.253873e-03,1.545804e-03,3.444096e-05,4.324982e-05,5.205414e-05,6.087724e-05,7.030419e-05,7.854490e-05,8.404675e-05,8.816933e-05,9.041495e-05,8.744396e-05,7.705319e-05,5.814161e-05,3.071259e-05,-3.134245e-06,-4.002468e-05,-7.803588e-05,-1.159006e-04,-1.536942e-04,1.908370e-05,1.811580e-05,1.696220e-05,1.782466e-05,2.214562e-05,2.780623e-05,3.368294e-05,3.925837e-05,4.386638e-05,4.826544e-05,5.210713e-05,5.300246e-05,4.779884e-05,3.423933e-05,1.155090e-05,-1.751645e-05,-4.889474e-05,-8.006570e-05
1.016559e-05,9.009850e-06,-4.549391e-05,3.922005e-04,3.776464e-04,3.603486e-04,3.475016e-04,3.904244e-04,4.285590e-04,4.605297e-04,4.443083e-04,3.178882e-04,9.413744e-05,-1.880196e-04,-3.974432e-04,-3.486770e-04,7.518519e-05,9.523606e-04,2.079908e-03,3.449483e-03,4.721417e-03,-4.587356e-04,-3.841682e-04,-3.096126e-04,-2.350135e-04,-1.605372e-04,-8.097605e-05,1.070318e-05,1.173768e-04,2.422246e-04,3.872153e-04,5.509795e-04,7.342828e-04,9.395980e-04,1.164979e-03,1.407299e-03,1.667039e-03,1.931315e-03,2.195011e-03,-5.754816e-05,-8.299953e-05,-1.084384e-04,-1.347026e-04,-1.612404e-04,-1.804147e-04,-1.834313e-04,-1.613348e-04,-1.053080e-04,-4.711559e-06,1.545423e-04,3.782658e-04,6.694229e-04,1.030283e-03,1.459057e-03,1.931475e-03,2.421370e-03,2.910048e-03,4.961411e-05,5.855960e-05,6.749909e-05,7.647887e-05,8.617712e-05,9.469247e-05,1.002139e-04,1.039470e-04,1.053474e-04,1.010618e-04,8.913430e-05,6.866514e-05,3.969409e-05,4.123297e-06,-3.492477e-05,-7.579407e-05,-1.165761e-04,-1.572638e-04,2.948056e-05,3.306343e-05,3.645305e-05,4.183209e-05,5.063230e-05,6.045801e-05,6.992569e-05,7.819306e-05,8.432006e-05,8.871218e-05,9.048378e-05,8.724575e-05,7.601453e-05,5.458004e-05,2.227328e-05,-1.740962e-05,-5.981115e-05,-1.019683e-04
1.204885e-05,1.326658e-05,-4.627710e-05,4.357863e-04,3.998819e-04,3.602823e-04,3.366576e-04,3.884060e-04,4.397416e-04,4.918256e-04,4.859642e-04,3.392066e-04,6.198995e-05,-3.386998e-04,-6.920058e-04,-7.431861e-04,-2.818817e-04,8.523982e-04,2.494422e-03,4.721417e-03,7.404453e-03,-5.813735e-04,-4.795201e-04,-3.776797e-04,-2.757863e-04,-1.740171e-04,-6.641397e-05,5.547355e-05,1.948833e-04,3.542157e-04,5.339618e-04,7.303427e-04,9.432569e-04,1.175828e-03,1.428747e-03,1.702124e-03,1.999320e-03,2.302254e-03,2.604457e-03,-1.276411e-04,-1.543537e-04,-1.810799e-04,-2.078817e-04,-2.325444e-04,-2.444698e-04,-2.314315e-04,-1.807737e-04,-7.999954e-05,8.546004e-05,3.347891e-04,6.735036e-04,1.102583e-03,1.623242e-03,2.231468e-03,2.895140e-03,3.580993e-03,4.265290e-03,6.276488e-05,7.190441e-05,8.103661e-05,9.023119e-05,1.002562e-04,1.091041e-04,1.147092e-04,1.181242e-04,1.187618e-04,1.132701e-04,9.994547e-05,7.809027e-05,4.778174e-05,1.073018e-05,-3.019317e-05,-7.360267e-05,-1.169607e-04,-1.602030e-04,3.888211e-05,4.694909e-05,5.481581e-05,6.464293e-05,7.785213e-05,9.178442e-05,1.048066e-04,1.157618e-04,1.234439e-04,1.279048e-04,1.277189e-04,1.205019e-04,1.034441e-04,7.438549e-05,3.275872e-05,-1.720497e-05,-7.028205e-05,-1.230803e-04
-1.963695e-04,5.499530e-06,-4.226723e-06,3.042149e-04,2.256148e-04,1.377484e-04,1.358392e-04,-8.104402e-06,-1.328869e-04,-7.646154e-05,1.124727e-05,9.844070e-05,1.996691e-04,3.173648e-04,3.561761e-04,2.487600e-04,3.820910e-05,-1.810640e-04,-3.368178e-04,-4.587356e-04,-5.813735e-04,6.510031e-03,5.436866e-03,4.407047e-03,3.463590e-03,2.650881e-03,1.986011e-03,1.475932e-03,1.106630e-03,8.596669e-04,7.110245e-04,6.382234e-04,6.175364e-04,6.284964e-04,6.589422e-04,6.985387e-04,7.386764e-04,7.787200e-04,8.187067e-04,-4.331345e-04,-4.577527e-04,-4.821230e-04,-5.031952e-04,-4.995106e-04,-4.665804e-04,-4.127408e-04,-3.496893e-04,-2.883587e-04,-2.371251e-04,-2.056510e-04,-1.933749e-04,-2.004901e-04,-2.243632e-04,-2.601168e-04,-3.023296e-04,-3.479408e-04,-3.933947e-04,-1.534431e-03,-1.472557e-03,-1.410498e-03,-1.348888e-03,-1.293127e-03,-1.243616e-03,-1.202728e-03,-1.167417e-03,-1.135653e-03,-1.103646e-03,-1.073807e-03,-1.047769e-03,-1.025073e-03,-1.003867e-03,-9.835929e-04,-9.651320e-04,-9.482427e-04,-9.312297e-04,1.710595e-04,1.512349e-04,1.314178e-04,1.107124e-04,8.429296e-05,5.200494e-05,1.794292e-05,-1.288650e-05,-3.532669e-05,-4.638111e-05,-4.470255e-05,-3.266427e-05,-1.411634e-05,9.330374e-06,3.813325e-05,7.076789e-05,1.044131e-04,1.379224e-04
-1.968567e-04,5.648997e-06,-3.454811e-06,2.721081e-04,1.977247e-04,1.153674e-04,1.078991e-04,-1.928261e-05,-1.243473e-04,-6.255821e-05,1.827489e-05,8.362536e-05,1.587867e-04,2.479966e-04,2.767070e-04,1.875353e-04,1.398548e-05,-1.645228e-04,-2.892312e-04,-3.841682e-04,-4.795201e-04,5.436866e-03,4.661506e-03,3.874596e-03,3.133905e-03,2.479705e-03,1.933740e-03,1.507564e-03,1.193500e-03,9.787928e-04,8.445100e-04,7.728717e-04,7.448191e-04,7.433821e-04,7.583261e-04,7.810479e-04,8.044357e-04,8.278019e-04,8.511046e-04,-3.873572e-04,-4.053264e-04,-4.230869e-04,-4.379055e-04,-4.312708e-04,-3.993366e-04,-3.494215e-04,-2.920518e-04,-2.370082e-04,-1.913769e-04,-1.629581e-04,-1.512106e-04,-1.563561e-04,-1.761228e-04,-2.062159e-04,-2.419827e-04,-2.807991e-04,-3.194860e-04,-1.559323e-03,-1.494825e-03,-1.430150e-03,-1.365823e-03,-1.306916e-03,-1.253931e-03,-1.209425e-03,-1.170653e-03,-1.135757e-03,-1.101002e-03,-1.068842e-03,-1.040970e-03,-1.016874e-03,-9.945687e-04,-9.734320e-04,-9.543330e-04,-9.368838e-04,-9.193031e-04,1.705422e-04,1.502668e-04,1.300052e-04,1.088704e-04,8.243916e-05,5.059797e-05,1.726940e-05,-1.268949e-05,-3.424722e-05,-4.459693e-05,-4.263451e-05,-3.066439e-05,-1.243637e-05,1.053679e-05,3.881521e-05,7.094393e-05,1.040749e-04,1.370707e-04
-1.973427e-04,5.799903e-06,-2.682336e-06,2.400275e-04,1.698427e-04,9.297620e-05,7.993145e-05,-3.049246e-05,-1.158296e-04,-4.866346e-05,2.530012e-05,6.880890e-05,1.179038e-04,1.786281e-04,1.972370e-04,1.263079e-04,-1.024369e-05,-1.479900e-04,-2.416551e-04,-3.096126e-04,-3.776797e-04,4.407047e-03,3.874596e-03,3.345294e-03,2.803418e-03,2.308773e-03,1.881423e-03,1.539217e-03,1.280365e-03,1.097914e-03,9.779858e-04,9.075083e-04,8.720883e-04,8.582530e-04,8.576945e-04,8.635408e-04,8.701781e-04,8.768662e-04,8.834844e-04,-3.415869e-04,-3.529071e-04,-3.640580e-04,-3.726228e-04,-3.630382e-04,-3.321001e-04,-2.861094e-04,-2.344212e-04,-1.856644e-04,-1.456355e-04,-1.202723e-04,-1.090541e-04,-1.122307e-04,-1.278921e-04,-1.523261e-04,-1.816482e-04,-2.136715e-04,-2.455931e-04,-1.584207e-03,-1.517084e-03,-1.449794e-03,-1.382750e-03,-1.320697e-03,-1.264239e-03,-1.216114e-03,-1.173881e-03,-1.135854e-03,-1.098351e-03,-1.063869e-03,-1.034164e-03,-1.008667e-03,-9.852638e-04,-9.632653e-04,-9.435283e-04,-9.255195e-04,-9.073712e-04,1.700332e-04,1.493076e-04,1.286018e-04,1.070380e-04,8.059529e-05,4.920115e-05,1.660607e-05,-1.248241e-05,-3.315795e-05,-4.280336e-05,-4.055756e-05,-2.865614e-05,-1.074852e-05,1.175065e-05,3.950423e-05,7.112669e-05,1.037431e-04,1.362251e-04
-1.978337e-04,5.946078e-06,-1.910876e-06,2.077503e-04,1.418616e-04,7.058343e-05,5.204844e-05,-4.158868e-05,-1.072327e-04,-3.474169e-05,3.232781e-05,5.398853e-05,7.701422e-05,1.092509e-04,1.177590e-04,6.507851e-05,-3.446390e-05,-1.314348e-04,-1.940450e-04,-2.350135e-04,-2.757863e-04,3.463590e-03,3.133905e-03,2.803418e-03,2.476154e-03,2.136875e-03,1.829303e-03,1.570792e-03,1.367256e-03,1.217058e-03,1.111503e-03,1.042194e-03,9.994132e-04,9.731838e-04,9.571259e-04,9.460990e-04,9.359880e-04,9.260003e-04,9.159360e-04,-2.958922e-04,-3.005467e-04,-3.050710e-04,-3.073668e-04,-2.948180e-04,-2.648642e-04,-2.227894e-04,-1.767765e-04,-1.343019e-04,-9.987131e-05,-7.755981e-05,-6.686664e-05,-6.806971e-05,-7.962071e-05,-9.838987e-05,-1.212613e-04,-1.464851e-04,-1.716351e-04,-1.609127e-03,-1.539379e-03,-1.469474e-03,-1.399712e-03,-1.334513e-03,-1.274581e-03,-1.222838e-03,-1.177144e-03,-1.135984e-03,-1.095732e-03,-1.058926e-03,-1.027386e-03,-1.000487e-03,-9.759835e-04,-9.531215e-04,-9.327451e-04,-9.141751e-04,-8.954577e-04,1.694971e-04,1.483193e-04,1.271674e-04,1.051731e-04,7.871760e-05,4.776965e-05,1.590791e-05,-1.230965e-05,-3.210194e-05,-4.104148e-05,-3.851046e-05,-2.667574e-05,-9.086576e-06,1.294041e-05,4.017086e-05,7.128874e-05,1.033922e-04,1.353621e-04
-1.983068e-04,6.109316e-06,-1.133394e-06,1.752304e-04,1.135430e-04,4.775980e-05,2.364484e-05,-5.315113e-05,-9.891729e-05,-2.090175e-05,3.935721e-05,3.917322e-05,3.612655e-05,3.987342e-05,3.826882e-05,3.807594e-06,-5.876206e-05,-1.149886e-04,-1.465570e-04,-1.605372e-04,-1.740171e-04,2.650881e-03,2.479705e-03,2.308773e-03,2.136875e-03,1.968661e-03,1.776491e-03,1.602697e-03,1.454076e-03,1.336140e-03,1.244884e-03,1.176712e-03,1.126545e-03,1.087904e-03,1.056335e-03,1.028425e-03,1.001557e-03,9.748837e-04,9.481278e-04,-2.505498e-04,-2.485050e-04,-2.463694e-04,-2.423607e-04,-2.268154e-04,-1.978149e-04,-1.596240e-04,-1.192574e-04,-8.304104e-05,-5.419241e-05,-3.492421e-05,-2.475487e-05,-2.398940e-05,-3.143995e-05,-4.455800e-05,-6.099476e-05,-7.943621e-05,-9.783162e-05,-1.633920e-03,-1.561549e-03,-1.489029e-03,-1.416551e-03,-1.348205e-03,-1.284800e-03,-1.229438e-03,-1.180284e-03,-1.135996e-03,-1.092999e-03,-1.053877e-03,-1.020508e-03,-9.922124e-04,-9.666132e-04,-9.428926e-04,-9.218813e-04,-9.027546e-04,-8.834727e-04,1.690724e-04,1.474453e-04,1.258503e-04,1.034275e-04,7.696083e-05,4.645991e-05,1.533079e-05,-1.201816e-05,-3.093088e-05,-3.916954e-05,-3.635901e-05,-2.459703e-05,-7.331969e-06,1.421797e-05,4.092105e-05,7.153034e-05,1.031170e-04,1.345708e-04
-1.985837e-04,6.439691e-06,-5.960634e-07,1.416882e-04,8.653349e-05,2.854699e-05,1.318162e-06,-5.813187e-05,-8.517318e-05,-4.041574e-06,4.800585e-05,2.542615e-05,-4.204439e-06,-2.921864e-05,-4.081751e-05,-5.636134e-05,-8.088491e-05,-9.516026e-05,-9.472816e-05,-8.097605e-05,-6.641397e-05,1.986011e-03,1.933740e-03,1.881423e-03,1.829303e-03,1.776491e-03,1.718787e-03,1.628231e-03,1.537878e-03,1.453577e-03,1.377937e-03,1.311757e-03,1.254815e-03,1.204191e-03,1.157417e-03,1.112864e-03,1.069462e-03,1.026328e-03,9.831055e-04,-2.068328e-04,-1.982877e-04,-1.896871e-04,-1.795802e-04,-1.611327e-04,-1.331237e-04,-9.882816e-05,-6.406447e-05,-3.399500e-05,-1.053794e-05,5.959478e-06,1.595959e-05,1.912837e-05,1.628547e-05,9.391236e-06,1.636004e-09,-1.102413e-05,-2.203245e-05,-1.656552e-03,-1.581707e-03,-1.506724e-03,-1.431684e-03,-1.360351e-03,-1.293616e-03,-1.234748e-03,-1.182204e-03,-1.134821e-03,-1.089112e-03,-1.047719e-03,-1.012593e-03,-9.830019e-04,-9.564323e-04,-9.319917e-04,-9.104890e-04,-8.909482e-04,-8.712441e-04,1.698523e-04,1.477921e-04,1.257688e-04,1.029410e-04,7.648134e-05,4.643869e-05,1.604370e-05,-1.045218e-05,-2.852066e-05,-3.610592e-05,-3.306716e-05,-2.143972e-05,-4.581026e-06,1.638267e-05,4.241836e-05,7.235551e-05,1.032525e-04,1.340181e-04
-1.985855e-04,6.887910e-06,-4.213744e-07,1.094703e-04,6.315069e-05,1.509450e-05,-1.176588e-05,-5.338092e-05,-6.259390e-05,1.785224e-05,5.894542e-05,1.240287e-05,-4.527093e-05,-9.947432e-05,-1.204246e-04,-1.151083e-04,-9.885300e-05,-6.801444e-05,-3.292977e-05,1.070318e-05,5.547355e-05,1.475932e-03,1.507564e-03,1.539217e-03,1.570792e-03,1.602697e-03,1.628231e-03,1.643570e-03,1.612722e-03,1.567457e-03,1.510396e-03,1.448746e-03,1.386845e-03,1.325649e-03,1.264774e-03,1.204514e-03,1.145471e-03,1.086774e-03,1.027981e-03,-1.675740e-04,-1.536611e-04,-1.397220e-04,-1.246090e-04,-1.039297e-04,-7.705721e-05,-4.636892e-05,-1.656122e-05,8.283789e-06,2.748974e-05,4.252357e-05,5.382485e-05,6.102539e-05,6.456274e-05,6.581395e-05,6.548542e-05,6.393627e-05,6.237387e-05,-1.675363e-03,-1.598395e-03,-1.521298e-03,-1.444051e-03,-1.370109e-03,-1.300405e-03,-1.238315e-03,-1.182547e-03,-1.132148e-03,-1.083772e-03,-1.040153e-03,-1.003336e-03,-9.725450e-04,-9.451277e-04,-9.201030e-04,-8.982497e-04,-8.784344e-04,-8.584473e-04,1.714312e-04,1.490604e-04,1.267293e-04,1.036258e-04,7.726541e-05,4.771460e-05,1.803637e-05,-7.663428e-06,-2.497436e-05,-3.200116e-05,-2.882235e-05,-1.742302e-05,-1.087898e-06,1.913514e-05,4.430191e-05,7.333027e-05,1.032871e-04,1.331151e-04
-1.981148e-04,7.414834e-06,-2.225849e-07,7.980272e-05,4.243160e-05,4.199150e-06,-2.045153e-05,-4.614228e-05,-4.082362e-05,3.453757e-05,6.369289e-05,-5.254854e-06,-9.072044e-05,-1.734122e-04,-2.023277e-04,-1.732698e-04,-1.123403e-04,-3.191677e-05,4.138336e-05,1.173768e-04,1.948833e-04,1.106630e-03,1.193500e-03,1.280365e-03,1.367256e-03,1.454076e-03,1.537878e-03,1.612722e-03,1.667975e-03,1.666287e-03,1.636025e-03,1.584237e-03,1.521949e-03,1.453848e-03,1.382002e-03,1.308819e-03,1.236816e-03,1.165245e-03,1.093573e-03,-1.349811e-04,-1.176097e-04,-1.002348e-04,-8.195164e-05,-6.029524e-05,-3.506581e-05,-7.834145e-06,1.773485e-05,3.853425e-05,5.510288e-05,7.062211e-05,8.549809e-05,9.933382e-05,1.121597e-04,1.247663e-04,1.369046e-04,1.483353e-04,1.597175e-04,-1.687884e-03,-1.609436e-03,-1.530867e-03,-1.452065e-03,-1.376197e-03,-1.304177e-03,-1.239397e-03,-1.180758e-03,-1.127534e-03,-1.076562e-03,-1.030684e-03,-9.920554e-04,-9.598847e-04,-9.314015e-04,-9.055515e-04,-8.830988e-04,-8.627603e-04,-8.422414e-04,1.730704e-04,1.506516e-04,1.282746e-04,1.051491e-04,7.906691e-05,5.010451e-05,2.117469e-05,-3.753682e-06,-2.037613e-05,-2.695091e-05,-2.375814e-05,-1.272776e-05,2.932767e-06,2.225427e-05,4.637082e-05,7.429361e-05,1.031044e-04,1.317898e-04
-1.973515e-04,7.845000e-06,2.136750e-07,5.206813e-05,2.288030e-05,-6.530119e-06,-2.787490e-05,-4.005440e-05,-2.444032e-05,4.165406e-05,5.783195e-05,-3.043967e-05,-1.417635e-04,-2.503092e-04,-2.844333e-04,-2.278330e-04,-1.177767e-04,1.714488e-05,1.322093e-04,2.422246e-04,3.542157e-04,8.596669e-04,9.787928e-04,1.097914e-03,1.217058e-03,1.336140e-03,1.453577e-03,1.567457e-03,1.666287e-03,1.738352e-03,1.742803e-03,1.712233e-03,1.657830e-03,1.590280e-03,1.513955e-03,1.433821e-03,1.354628e-03,1.275974e-03,1.197212e-03,-1.064049e-04,-8.898442e-05,-7.157707e-05,-5.345239e-05,-3.353049e-05,-1.181757e-05,1.094999e-05,3.219882e-05,4.984430e-05,6.558319e-05,8.404058e-05,1.055468e-04,1.296558e-04,1.559321e-04,1.845596e-04,2.141687e-04,2.437515e-04,2.732422e-04,-1.695284e-03,-1.616042e-03,-1.536685e-03,-1.457023e-03,-1.379962e-03,-1.306338e-03,-1.239476e-03,-1.178411e-03,-1.122617e-03,-1.069108e-03,-1.020837e-03,-9.800878e-04,-9.460977e-04,-9.160144e-04,-8.887456e-04,-8.650791e-04,-8.436059e-04,-8.219430e-04,1.732351e-04,1.510878e-04,1.289845e-04,1.061429e-04,8.056255e-05,5.233644e-05,2.424521e-05,1.195186e-07,-1.584331e-05,-2.204858e-05,-1.894418e-05,-8.393548e-06,6.483785e-06,2.480139e-05,4.775999e-05,7.446536e-05,1.020108e-04,1.294346e-04
-1.962698e-04,7.943812e-06,7.112855e-07,2.736582e-05,5.400891e-06,-1.637386e-05,-3.374705e-05,-3.430856e-05,-1.146678e-05,4.360918e-05,4.774538e-05,-5.543343e-05,-1.899207e-04,-3.214463e-04,-3.587962e-04,-2.723251e-04,-1.099799e-04,8.345028e-05,2.430084e-04,3.872153e-04,5.339618e-04,7.110245e-04,8.445100e-04,9.779858e-04,1.111503e-03,1.244884e-03,1.377937e-03,1.510396e-03,1.636025e-03,1.742803e-03,1.815506e-03,1.817315e-03,1.785278e-03,1.729739e-03,1.659625e-03,1.582373e-03,1.505528e-03,1.429345e-03,1.353049e-03,-7.866489e-05,-6.491519e-05,-5.119035e-05,-3.687944e-05,-2.181697e-05,-5.997833e-06,1.074037e-05,2.701034e-05,4.183144e-05,5.807941e-05,8.145062e-05,1.121990e-04,1.498765e-04,1.935754e-04,2.428524e-04,2.950154e-04,3.480652e-04,4.009696e-04,-1.697349e-03,-1.618006e-03,-1.538556e-03,-1.458737e-03,-1.381227e-03,-1.306737e-03,-1.238467e-03,-1.175515e-03,-1.117502e-03,-1.061583e-03,-1.010813e-03,-9.676266e-04,-9.313433e-04,-8.990751e-04,-8.697227e-04,-8.441398e-04,-8.208304e-04,-7.973218e-04,1.703729e-04,1.487375e-04,1.271479e-04,1.048286e-04,7.993741e-05,5.259064e-05,2.545218e-05,2.213512e-06,-1.304498e-05,-1.887211e-05,-1.583708e-05,-5.741873e-06,8.367910e-06,2.567410e-05,4.742925e-05,7.284447e-05,9.903480e-05,1.251086e-04
-1.950712e-04,7.700877e-06,1.166788e-06,5.822469e-06,-9.708422e-06,-2.481264e-05,-3.783967e-05,-2.855297e-05,-9.938992e-07,4.245963e-05,3.659308e-05,-7.611497e-05,-2.281607e-04,-3.773238e-04,-4.164566e-04,-2.999026e-04,-8.431375e-05,1.697602e-04,3.748346e-04,5.509795e-04,7.303427e-04,6.382234e-04,7.728717e-04,9.075083e-04,1.042194e-03,1.176712e-03,1.311757e-03,1.448746e-03,1.584237e-03,1.712233e-03,1.817315e-03,1.888151e-03,1.892559e-03,1.866543e-03,1.817271e-03,1.756936e-03,1.695920e-03,1.635739e-03,1.575435e-03,-5.057554e-05,-4.358141e-05,-3.661959e-05,-2.916755e-05,-2.161999e-05,-1.381942e-05,-4.690173e-06,5.599708e-06,1.719773e-05,3.416533e-05,6.304621e-05,1.042160e-04,1.573731e-04,2.212363e-04,2.947161e-04,3.735643e-04,4.545121e-04,5.352493e-04,-1.696052e-03,-1.617163e-03,-1.538172e-03,-1.458759e-03,-1.381402e-03,-1.306660e-03,-1.237567e-03,-1.173218e-03,-1.113323e-03,-1.055130e-03,-1.001764e-03,-9.557988e-04,-9.167023e-04,-8.816005e-04,-8.494167e-04,-8.211191e-04,-7.951779e-04,-7.690270e-04,1.648259e-04,1.437997e-04,1.228206e-04,1.011246e-04,7.699169e-05,5.057063e-05,2.442848e-05,2.127790e-06,-1.236570e-05,-1.773032e-05,-1.462601e-05,-4.827876e-06,8.655628e-06,2.504289e-05,4.562555e-05,6.973679e-05,9.453227e-05,1.192180e-04
