3.701061e-05,-5.841257e-07,-1.530487e-07,9.568779e-07,1.472630e-06,1.964664e-06,2.056216e-06,2.025041e-06,2.220599e-06,3.494310e-06,3.640270e-06,2.239507e-06,1.328414e-06,1.120447e-06,4.692205e-07,1.162073e-06,4.268707e-06,7.023133e-06,9.443606e-06,1.193154e-05,1.414182e-05,-2.304847e-04,-2.310563e-04,-2.316266e-04,-2.322027e-04,-2.327578e-04,-2.330826e-04,-2.330845e-04,-2.325319e-04,-2.316358e-04,-2.303660e-04,-2.289590e-04,-2.276418e-04,-2.263285e-04,-2.248994e-04,-2.233542e-04,-2.218055e-04,-2.203359e-04,-2.188483e-04,1.723400e-06,2.646664e-06,3.569120e-06,4.445600e-06,5.184631e-06,5.831951e-06,6.266598e-06,6.530132e-06,6.597760e-06,6.398205e-06,6.095701e-06,5.761444e-06,5.594575e-06,5.637025e-06,5.745086e-06,5.858277e-06,6.051348e-06,6.252415e-06,3.177554e-04,3.047716e-04,2.917676e-04,2.786945e-04,2.660396e-04,2.538402e-04,2.425393e-04,2.318621e-04,2.216920e-04,2.115302e-04,2.019674e-04,1.934487e-04,1.859121e-04,1.789292e-04,1.723424e-04,1.663161e-04,1.606730e-04,1.549978e-04,-2.650708e-05,-2.229551e-05,-1.809239e-05,-1.376879e-05,-8.974242e-06,-3.760177e-06,1.381423e-06,5.776671e-06,8.692888e-06,9.790897e-06,9.033224e-06,6.766407e-06,3.588143e-06,-3.121329e-07,-5.133410e-06,-1.067173e-05,-1.637985e-05,-2.206423e-05
-5.841257e-07,3.523034e-05,-9.236725e-08,2.965612e-06,2.089155e-06,1.836150e-06,1.267714e-06,4.321233e-07,5.101141e-07,1.661605e-06,2.035694e-06,2.130269e-06,6.308548e-07,-1.079607e-06,-3.315795e-06,-3.777951e-06,-2.923188e-06,8.266714e-08,5.367401e-06,1.057272e-05,1.556825e-05,6.450215e-06,6.626295e-06,6.804065e-06,6.976282e-06,7.168530e-06,7.556930e-06,8.083592e-06,8.702558e-06,9.207832e-06,9.324034e-06,9.038957e-06,8.376310e-06,7.488009e-06,6.410696e-06,5.064334e-06,3.510928e-06,1.901106e-06,3.021525e-07,-2.263093e-04,-2.250773e-04,-2.238209e-04,-2.223810e-04,-2.209634e-04,-2.194464e-04,-2.179735e-04,-2.165776e-04,-2.152799e-04,-2.140833e-04,-2.132227e-04,-2.125510e-04,-2.120441e-04,-2.117711e-04,-2.116158e-04,-2.114406e-04,-2.112105e-04,-2.109677e-04,-2.523222e-05,-2.119080e-05,-1.715649e-05,-1.301695e-05,-8.459768e-06,-3.519327e-06,1.333405e-06,5.454567e-06,8.173503e-06,9.163318e-06,8.397971e-06,6.211300e-06,3.187722e-06,-4.687183e-07,-4.944568e-06,-1.006913e-05,-1.533895e-05,-2.058634e-05,2.324050e-04,2.361289e-04,2.398405e-04,2.430374e-04,2.452765e-04,2.455026e-04,2.432317e-04,2.380538e-04,2.305794e-04,2.213290e-04,2.115676e-04,2.015496e-04,1.915677e-04,1.820373e-04,1.728971e-04,1.637280e-04,1.543610e-04,1.449923e-04
-1.530487e-07,-9.236725e-08,7.517725e-06,-6.219686e-05,-6.328291e-05,-6.409934e-05,-6.337283e-05,-6.373542e-05,-6.318329e-05,-6.406309e-05,-6.320971e-05,-6.214126e-05,-5.767963e-05,-5.430660e-05,-5.228053e-05,-5.117697e-05,-5.103125e-05,-5.150497e-05,-5.234497e-05,-5.339861e-05,-5.431787e-05,-4.958888e-06,-4.052930e-06,-3.146312e-06,-2.240885e-06,-1.328392e-06,-6.977866e-07,-4.928562e-07,-2.596560e-07,2.522715e-07,8.362076e-07,1.370718e-06,1.796629e-06,2.159477e-06,2.504230e-06,2.818458e-06,3.149415e-06,3.515861e-06,3.875090e-06,2.885568e-06,1.934190e-06,9.703915e-07,3.075923e-07,8.483080e-08,-7.684879e-08,-3.452906e-07,-7.276315e-07,-1.270984e-06,-1.729289e-06,-1.898842e-06,-1.861344e-06,-1.661548e-06,-1.404590e-06,-1.119265e-06,-8.010623e-07,-5.011362e-07,-2.064600e-07,1.446128e-06,1.436607e-07,-1.159826e-06,-2.454340e-06,-3.776378e-06,-4.843874e-06,-5.458655e-06,-5.951805e-06,-6.355082e-06,-6.155681e-06,-4.957482e-06,-2.567232e-06,9.871910e-07,5.422302e-06,1.028752e-05,1.525507e-05,2.019509e-05,2.513157e-05,-3.310519e-06,-2.277665e-06,-1.214640e-06,-4.844270e-07,-2.677419e-07,-2.226508e-07,-2.147514e-07,-2.336519e-07,-2.229349e-07,-4.407096e-07,-1.002740e-06,-1.597572e-06,-1.770717e-06,-1.222650e-06,1.066413e-07,2.004857e-06,4.093997e-06,6.166130e-06
9.568779e-07,2.965612e-06,-6.219686e-05,3.553536e-03,1.857934e-03,6.884877e-04,2.679541e-04,2.931479e-04,3.960883e-04,5.099744e-04,5.558638e-04,5.545892e-04,5.115082e-04,4.564360e-04,4.027472e-04,3.613006e-04,3.493776e-04,3.674784e-04,4.073492e-04,4.603365e-04,5.114945e-04,3.570717e-04,3.193868e-04,2.817327e-04,2.438478e-04,2.056780e-04,1.663081e-04,1.284929e-04,9.367136e-05,6.111875e-05,3.212530e-05,6.839678e-06,-1.510502e-05,-3.489621e-05,-5.327381e-05,-7.072380e-05,-8.804524e-05,-1.058374e-04,-1.235530e-04,-1.169879e-03,-9.413419e-04,-7.109422e-04,-5.036624e-04,-3.308924e-04,-1.914494e-04,-8.356375e-05,-2.695797e-06,5.513317e-05,9.203091e-05,1.112308e-04,1.169685e-04,1.128583e-04,1.029863e-04,8.959327e-05,7.382588e-05,5.724511e-05,4.076473e-05,-2.587599e-05,-1.281440e-05,2.520774e-07,1.301441e-05,2.568614e-05,3.658259e-05,4.393257e-05,4.975555e-05,5.413408e-05,5.286061e-05,4.275719e-05,2.235957e-05,-7.964713e-06,-4.580165e-05,-8.734159e-05,-1.298114e-04,-1.720520e-04,-2.142659e-04,8.323265e-05,6.129270e-05,3.886133e-05,2.156477e-05,1.174017e-05,6.509736e-06,4.370435e-06,4.354236e-06,5.436451e-06,9.234196e-06,1.625784e-05,2.369434e-05,2.763923e-05,2.550456e-05,1.683028e-05,3.430399e-06,-1.152758e-05,-2.634634e-05
1.472630e-06,2.089155e-06,-6.328291e-05,1.857934e-03,1.361883e-03,7.427588e-04,4.745384e-04,4.332342e-04,4.597140e-04,5.192222e-04,5.435599e-04,5.457239e-04,5.104900e-04,4.691332e-04,4.309207e-04,4.009846e-04,3.897837e-04,3.960737e-04,4.156255e-04,4.432569e-04,4.693553e-04,2.648110e-04,2.320757e-04,1.993500e-04,1.665080e-04,1.332696e-04,1.015680e-04,7.412329e-05,4.980527e-05,2.685800e-05,6.342592e-06,-1.139094e-05,-2.641660e-05,-3.966889e-05,-5.181790e-05,-6.319690e-05,-7.455124e-05,-8.630325e-05,-9.798504e-05,-6.475344e-04,-5.107089e-04,-3.725234e-04,-2.511270e-04,-1.547284e-04,-7.918738e-05,-2.194821e-05,1.995352e-05,4.944117e-05,6.710730e-05,7.413523e-05,7.313405e-05,6.623972e-05,5.606148e-05,4.382078e-05,3.014055e-05,1.608144e-05,2.098344e-06,-1.895191e-05,-6.298989e-06,6.361279e-06,1.879871e-05,3.131546e-05,4.173170e-05,4.824436e-05,5.328653e-05,5.709102e-05,5.541992e-05,4.501957e-05,2.434549e-05,-6.289296e-06,-4.446427e-05,-8.634046e-05,-1.291153e-04,-1.716519e-04,-2.141606e-04,6.204962e-05,4.484281e-05,2.720717e-05,1.406214e-05,7.568996e-06,4.530015e-06,3.462027e-06,3.732119e-06,4.486944e-06,7.565264e-06,1.367942e-05,2.009042e-05,2.290722e-05,1.956025e-05,9.580745e-06,-5.209755e-06,-2.159876e-05,-3.784508e-05
1.964664e-06,1.836150e-06,-6.409934e-05,6.884877e-04,7.427588e-04,8.409613e-04,6.735667e-04,5.745999e-04,5.199178e-04,5.254407e-04,5.279264e-04,5.342975e-04,5.075110e-04,4.801969e-04,4.577598e-04,4.397068e-04,4.293617e-04,4.234393e-04,4.218155e-04,4.229567e-04,4.228789e-04,1.616739e-04,1.354052e-04,1.091247e-04,8.284219e-05,5.605398e-05,3.350401e-05,1.771534e-05,4.928214e-06,-7.663987e-06,-1.921686e-05,-2.912072e-05,-3.708383e-05,-4.372813e-05,-4.962527e-05,-5.493478e-05,-6.033000e-05,-6.604552e-05,-7.169765e-05,-1.074516e-04,-6.494383e-05,-2.159239e-05,1.110352e-05,2.830172e-05,3.730816e-05,4.154378e-05,4.243524e-05,4.189883e-05,3.902030e-05,3.289838e-05,2.445027e-05,1.427495e-05,3.434348e-06,-7.929560e-06,-1.974655e-05,-3.148441e-05,-4.317199e-05,-1.304660e-05,-6.687234e-07,1.171858e-05,2.395083e-05,3.641221e-05,4.643342e-05,5.219648e-05,5.653757e-05,5.983359e-05,5.783001e-05,4.720703e-05,2.634750e-05,-4.483050e-06,-4.286384e-05,-8.494593e-05,-1.279056e-04,-1.706226e-04,-2.133100e-04,4.304633e-05,3.101632e-05,1.862270e-05,1.006530e-05,7.277959e-06,6.703694e-06,6.868701e-06,7.473314e-06,7.852144e-06,1.007318e-05,1.507921e-05,2.023218e-05,2.168486e-05,1.691223e-05,5.444179e-06,-1.090306e-05,-2.888757e-05,-4.672646e-05
2.056216e-06,1.267714e-06,-6.337283e-05,2.679541e-04,4.745384e-04,6.735667e-04,8.480160e-04,6.833399e-04,5.758488e-04,5.282641e-04,5.106063e-04,5.152939e-04,4.935761e-04,4.769957e-04,4.656530e-04,4.546735e-04,4.441311e-04,4.315627e-04,4.195533e-04,4.078810e-04,3.951531e-04,1.594285e-04,1.266352e-04,9.380951e-05,6.108315e-05,2.774576e-05,1.541219e-06,-1.381465e-05,-2.400786e-05,-3.271956e-05,-3.961062e-05,-4.441303e-05,-4.710647e-05,-4.843403e-05,-4.905063e-05,-4.912816e-05,-4.936559e-05,-4.988248e-05,-5.034035e-05,1.416499e-04,1.353999e-04,1.295594e-04,1.174026e-04,9.535541e-05,7.251910e-05,5.280396e-05,3.633036e-05,2.409475e-05,1.422038e-05,4.581411e-06,-4.758078e-06,-1.399065e-05,-2.280754e-05,-3.148353e-05,-4.016637e-05,-4.856838e-05,-5.693210e-05,-1.345311e-05,-7.872486e-07,1.188918e-05,2.445108e-05,3.736709e-05,4.756119e-05,5.308809e-05,5.704504e-05,5.993851e-05,5.763887e-05,4.690516e-05,2.615095e-05,-4.375456e-06,-4.229440e-05,-8.382030e-05,-1.261752e-04,-1.682844e-04,-2.103645e-04,2.844555e-05,1.963609e-05,1.052681e-05,4.701321e-06,4.040978e-06,4.837126e-06,5.643094e-06,6.399921e-06,6.587975e-06,8.379964e-06,1.283011e-05,1.739121e-05,1.829879e-05,1.308414e-05,1.269911e-06,-1.536529e-05,-3.362339e-05,-5.173722e-05
2.025041e-06,4.321233e-07,-6.373542e-05,2.931479e-04,4.332342e-04,5.745999e-04,6.833399e-04,8.293955e-04,6.811589e-04,5.853118e-04,5.229351e-04,5.044355e-04,4.715072e-04,4.570386e-04,4.543058e-04,4.556016e-04,4.578529e-04,4.594262e-04,4.596869e-04,4.582632e-04,4.558942e-04,-9.528106e-06,-2.264726e-05,-3.580356e-05,-4.882649e-05,-6.239662e-05,-6.824137e-05,-6.266341e-05,-5.416547e-05,-4.701833e-05,-4.027276e-05,-3.351583e-05,-2.656104e-05,-1.972284e-05,-1.328674e-05,-6.968666e-06,-9.890498e-07,4.736257e-06,1.051923e-05,1.316700e-04,1.108013e-04,9.004410e-05,6.626142e-05,3.725579e-05,1.209570e-05,-5.724737e-06,-1.708071e-05,-2.187576e-05,-2.274733e-05,-2.244284e-05,-2.105032e-05,-1.897962e-05,-1.607615e-05,-1.246549e-05,-8.494970e-06,-4.067478e-06,3.887494e-07,-1.090642e-05,1.222417e-06,1.336280e-05,2.541507e-05,3.783977e-05,4.743013e-05,5.220729e-05,5.563742e-05,5.828325e-05,5.591386e-05,4.526235e-05,2.471986e-05,-5.513514e-06,-4.307451e-05,-8.418680e-05,-1.261067e-04,-1.677826e-04,-2.094287e-04,1.779918e-05,1.071446e-05,3.370645e-06,-1.062109e-06,-8.046880e-07,4.683185e-07,1.405797e-06,2.092448e-06,2.110598e-06,3.741853e-06,8.091304e-06,1.259693e-05,1.347153e-05,8.218957e-06,-3.684480e-06,-2.044109e-05,-3.883505e-05,-5.708334e-05
2.220599e-06,5.101141e-07,-6.318329e-05,3.960883e-04,4.597140e-04,5.199178e-04,5.758488e-04,6.811589e-04,8.266866e-04,6.696946e-04,5.669708e-04,5.017900e-04,4.456989e-04,4.221419e-04,4.216657e-04,4.339650e-04,4.519582e-04,4.721325e-04,4.890399e-04,5.030234e-04,5.161488e-04,-1.559929e-04,-1.459688e-04,-1.359703e-04,-1.258789e-04,-1.161178e-04,-9.998473e-05,-7.348116e-05,-4.792699e-05,-2.869579e-05,-1.346682e-05,-1.173039e-06,8.982114e-06,1.736856e-05,2.420921e-05,3.034953e-05,3.610474e-05,4.162591e-05,4.720313e-05,7.305187e-05,5.503762e-05,3.704324e-05,1.713135e-05,-6.251076e-06,-2.584204e-05,-3.840919e-05,-4.421147e-05,-4.271574e-05,-3.686252e-05,-2.936504e-05,-2.028480e-05,-1.014401e-05,1.141507e-06,1.355847e-05,2.656794e-05,4.014009e-05,5.373331e-05,-5.612149e-06,5.442179e-06,1.650697e-05,2.749137e-05,3.878745e-05,4.739961e-05,5.127660e-05,5.417304e-05,5.675013e-05,5.459658e-05,4.439401e-05,2.450279e-05,-4.924304e-06,-4.157055e-05,-8.172364e-05,-1.226988e-04,-1.634413e-04,-2.041533e-04,1.704826e-05,1.034769e-05,3.402871e-06,-7.877934e-07,-5.319301e-07,7.898025e-07,1.881737e-06,2.707279e-06,2.777080e-06,4.391393e-06,8.643023e-06,1.299669e-05,1.372299e-05,8.359568e-06,-3.629287e-06,-2.044284e-05,-3.888883e-05,-5.718961e-05
3.494310e-06,1.661605e-06,-6.406309e-05,5.099744e-04,5.192222e-04,5.254407e-04,5.282641e-04,5.853118e-04,6.696946e-04,8.230875e-04,6.759911e-04,5.586812e-04,4.505927e-04,3.964756e-04,3.830729e-04,3.969657e-04,4.266834e-04,4.652970e-04,5.027879e-04,5.405484e-04,5.772812e-04,-8.976254e-05,-7.344303e-05,-5.713359e-05,-4.079243e-05,-2.454729e-05,-4.757024e-06,2.094173e-05,4.052727e-05,4.888148e-05,5.117753e-05,4.982948e-05,4.620113e-05,4.078802e-05,3.391122e-05,2.658705e-05,1.920480e-05,1.154849e-05,3.951195e-06,-1.428285e-05,-1.924159e-05,-2.416026e-05,-3.085367e-05,-3.983047e-05,-4.582032e-05,-4.630908e-05,-4.107063e-05,-2.919610e-05,-1.500486e-05,-1.181474e-06,1.259122e-05,2.601927e-05,3.951464e-05,5.341097e-05,6.733497e-05,8.154932e-05,9.579711e-05,9.251177e-06,1.889073e-05,2.853954e-05,3.810236e-05,4.790835e-05,5.534460e-05,5.853129e-05,6.128485e-05,6.417646e-05,6.227921e-05,5.206319e-05,3.185359e-05,1.849834e-06,-3.558000e-05,-7.666894e-05,-1.186662e-04,-1.604268e-04,-2.021568e-04,2.681624e-05,1.988952e-05,1.271291e-05,8.289150e-06,8.147945e-06,9.129724e-06,9.975876e-06,1.051114e-05,1.015366e-05,1.138182e-05,1.530934e-05,1.934880e-05,1.974468e-05,1.400695e-05,1.570544e-06,-1.574118e-05,-3.469577e-05,-5.350391e-05
3.640270e-06,2.035694e-06,-6.320971e-05,5.558638e-04,5.435599e-04,5.279264e-04,5.106063e-04,5.229351e-04,5.669708e-04,6.759911e-04,8.186498e-04,6.463387e-04,5.077141e-04,4.130497e-04,3.738116e-04,3.682968e-04,3.885805e-04,4.265574e-04,4.712769e-04,5.215077e-04,5.704008e-04,1.318915e-05,2.143830e-05,2.968466e-05,3.793390e-05,4.618518e-05,5.633715e-05,6.917836e-05,7.475182e-05,6.787377e-05,5.603587e-05,4.294704e-05,2.973037e-05,1.606684e-05,1.900350e-06,-1.214171e-05,-2.605156e-05,-4.031019e-05,-5.450362e-05,-6.431812e-05,-5.945054e-05,-5.451044e-05,-5.139892e-05,-4.986735e-05,-4.547068e-05,-3.603735e-05,-2.113087e-05,5.962649e-07,2.194263e-05,3.869921e-05,5.178835e-05,6.169308e-05,6.963729e-05,7.649408e-05,8.240822e-05,8.816298e-05,9.397627e-05,1.232561e-05,2.132161e-05,3.032633e-05,3.924610e-05,4.837913e-05,5.539417e-05,5.865963e-05,6.167849e-05,6.506614e-05,6.360720e-05,5.363156e-05,3.351559e-05,3.559018e-06,-3.385425e-05,-7.496266e-05,-1.170020e-04,-1.588027e-04,-2.005749e-04,3.129769e-05,2.421787e-05,1.688769e-05,1.227250e-05,1.174367e-05,1.227450e-05,1.263366e-05,1.259617e-05,1.150552e-05,1.215481e-05,1.583512e-05,1.991192e-05,2.059355e-05,1.534997e-05,3.588665e-06,-1.292400e-05,-3.102459e-05,-4.898335e-05
2.239507e-06,2.130269e-06,-6.214126e-05,5.545892e-04,5.457239e-04,5.342975e-04,5.152939e-04,5.044355e-04,5.017900e-04,5.586812e-04,6.463387e-04,8.166865e-04,6.812381e-04,5.689616e-04,4.678673e-04,3.902473e-04,3.470692e-04,3.336993e-04,3.460964e-04,3.731240e-04,3.981470e-04,1.155346e-04,9.814600e-05,8.075610e-05,6.336161e-05,4.597308e-05,2.983850e-05,1.455370e-05,-6.170565e-06,-3.572968e-05,-6.506458e-05,-8.933811e-05,-1.079450e-04,-1.230230e-04,-1.357367e-04,-1.470604e-04,-1.583687e-04,-1.701895e-04,-1.819278e-04,-9.357221e-05,-6.620890e-05,-3.874496e-05,-1.341501e-05,9.510345e-06,3.302608e-05,5.784391e-05,8.301364e-05,1.086362e-04,1.250877e-04,1.265276e-04,1.156778e-04,9.574300e-05,7.023985e-05,4.071506e-05,8.515497e-06,-2.460285e-05,-5.761014e-05,-1.774442e-06,8.025955e-06,1.783434e-05,2.757205e-05,3.753859e-05,4.555986e-05,5.022738e-05,5.460929e-05,5.917254e-05,5.860440e-05,4.911810e-05,2.910360e-05,-9.780272e-07,-3.868437e-05,-8.015225e-05,-1.225273e-04,-1.646596e-04,-2.067666e-04,3.996714e-05,3.120350e-05,2.219212e-05,1.585693e-05,1.350479e-05,1.222951e-05,1.090448e-05,9.456862e-06,7.384862e-06,7.751206e-06,1.205450e-05,1.745987e-05,1.989631e-05,1.664373e-05,7.136535e-06,-6.955470e-06,-2.255702e-05,-3.802392e-05
1.328414e-06,6.308548e-07,-5.767963e-05,5.115082e-04,5.104900e-04,5.075110e-04,4.935761e-04,4.715072e-04,4.456989e-04,4.505927e-04,5.077141e-04,6.812381e-04,8.983272e-04,7.727958e-04,6.273493e-04,4.527013e-04,3.133009e-04,2.057701e-04,1.455837e-04,1.105002e-04,7.276943e-05,2.343510e-04,1.863666e-04,1.383815e-04,9.038863e-05,4.239804e-05,-4.939068e-06,-5.313923e-05,-1.064838e-04,-1.663936e-04,-2.229162e-04,-2.677986e-04,-2.983833e-04,-3.184383e-04,-3.309373e-04,-3.396616e-04,-3.483890e-04,-3.577897e-04,-3.670947e-04,-9.536846e-05,-5.384137e-05,-1.220200e-05,2.721492e-05,6.378632e-05,9.926544e-05,1.329174e-04,1.623635e-04,1.861292e-04,1.936434e-04,1.755331e-04,1.354938e-04,8.024553e-05,1.560372e-05,-5.658757e-05,-1.334663e-04,-2.121806e-04,-2.907249e-04,-9.060077e-06,3.469446e-07,9.761067e-06,1.911554e-05,2.869042e-05,3.657359e-05,4.168570e-05,4.679579e-05,5.223648e-05,5.299195e-05,4.506290e-05,2.655917e-05,-1.964140e-06,-3.809283e-05,-7.793668e-05,-1.185901e-04,-1.589955e-04,-1.993823e-04,3.585178e-05,2.597699e-05,1.587248e-05,8.268940e-06,4.347154e-06,1.475995e-06,-1.292597e-06,-3.870885e-06,-6.573140e-06,-6.390145e-06,-1.434872e-06,5.473326e-06,1.007093e-05,9.537678e-06,3.390717e-06,-6.913986e-06,-1.854653e-05,-3.005977e-05
1.120447e-06,-1.079607e-06,-5.430660e-05,4.564360e-04,4.691332e-04,4.801969e-04,4.769957e-04,4.570386e-04,4.221419e-04,3.964756e-04,4.130497e-04,5.689616e-04,7.727958e-04,1.020440e-03,8.777199e-04,6.568882e-04,4.051238e-04,1.542110e-04,-4.649037e-05,-2.206758e-04,-3.975314e-04,3.724938e-04,2.910745e-04,2.096549e-04,1.282249e-04,4.679478e-05,-3.430031e-05,-1.167610e-04,-2.035434e-04,-2.937990e-04,-3.772938e-04,-4.428778e-04,-4.848661e-04,-5.066765e-04,-5.138158e-04,-5.139037e-04,-5.139810e-04,-5.147182e-04,-5.153675e-04,-4.392971e-05,-1.635603e-05,1.134016e-05,3.660914e-05,5.849765e-05,7.803179e-05,9.395263e-05,1.036327e-04,1.050366e-04,8.924736e-05,4.577526e-05,-2.158703e-05,-1.042119e-04,-1.959869e-04,-2.963494e-04,-4.016599e-04,-5.089706e-04,-6.160987e-04,-1.166415e-05,-2.574491e-06,6.520866e-06,1.556494e-05,2.484672e-05,3.266868e-05,3.815537e-05,4.389994e-05,5.005503e-05,5.193959e-05,4.539318e-05,2.813524e-05,5.857872e-07,-3.478311e-05,-7.391183e-05,-1.137216e-04,-1.532725e-04,-1.928084e-04,2.566254e-05,1.545009e-05,5.020522e-06,-3.006238e-06,-7.484985e-06,-1.079489e-05,-1.376432e-05,-1.625525e-05,-1.849789e-05,-1.777721e-05,-1.210969e-05,-4.229598e-06,1.535647e-06,2.389783e-06,-1.986661e-06,-1.030896e-05,-1.986651e-05,-2.931231e-05
4.692205e-07,-3.315795e-06,-5.228053e-05,4.027472e-04,4.309207e-04,4.577598e-04,4.656530e-04,4.543058e-04,4.216657e-04,3.830729e-04,3.738116e-04,4.678673e-04,6.273493e-04,8.777199e-04,1.112878e-03,9.073816e-04,6.116037e-04,2.314352e-04,-1.219226e-04,-4.664807e-04,-8.122155e-04,4.180467e-04,3.247716e-04,2.314956e-04,1.382101e-04,4.491033e-05,-4.791532e-05,-1.413519e-04,-2.374833e-04,-3.338523e-04,-4.211331e-04,-4.888095e-04,-5.308155e-04,-5.465321e-04,-5.427911e-04,-5.301406e-04,-5.177064e-04,-5.056269e-04,-4.934968e-04,3.655434e-05,3.972939e-05,4.303253e-05,4.357463e-05,3.970006e-05,3.174680e-05,1.821751e-05,-3.465878e-06,-3.556465e-05,-8.445421e-05,-1.585046e-04,-2.518531e-04,-3.542535e-04,-4.597893e-04,-5.698857e-04,-6.818313e-04,-7.944574e-04,-9.069767e-04,-1.774422e-05,-8.671753e-06,4.058877e-07,9.431245e-06,1.868580e-05,2.655368e-05,3.218771e-05,3.807786e-05,4.424806e-05,4.640220e-05,4.064873e-05,2.471751e-05,-1.556345e-06,-3.572628e-05,-7.356558e-05,-1.119145e-04,-1.500100e-04,-1.880871e-04,1.086925e-05,1.455476e-07,-1.078774e-05,-1.933447e-05,-2.427291e-05,-2.773792e-05,-3.043671e-05,-3.216911e-05,-3.309086e-05,-3.080840e-05,-2.362227e-05,-1.441974e-05,-7.654072e-06,-6.141006e-06,-1.001383e-05,-1.798392e-05,-2.725771e-05,-3.641378e-05
1.162073e-06,-3.777951e-06,-5.117697e-05,3.613006e-04,4.009846e-04,4.397068e-04,4.546735e-04,4.556016e-04,4.339650e-04,3.969657e-04,3.682968e-04,3.902473e-04,4.527013e-04,6.568882e-04,9.073816e-04,1.126196e-03,8.772070e-04,4.908099e-04,5.444612e-05,-4.092382e-04,-8.722843e-04,2.919669e-04,2.201062e-04,1.482422e-04,7.637608e-05,4.461147e-06,-6.616024e-05,-1.351124e-04,-2.033772e-04,-2.674183e-04,-3.196385e-04,-3.520052e-04,-3.601311e-04,-3.425544e-04,-3.062950e-04,-2.625899e-04,-2.199169e-04,-1.769481e-04,-1.339973e-04,9.916065e-05,8.315857e-05,6.727927e-05,4.836033e-05,2.374756e-05,-6.656461e-06,-4.418456e-05,-9.103012e-05,-1.492853e-04,-2.224695e-04,-3.153503e-04,-4.198914e-04,-5.245423e-04,-6.223678e-04,-7.142967e-04,-8.006774e-04,-8.844964e-04,-9.683930e-04,-1.459265e-05,-5.225107e-06,4.145986e-06,1.346868e-05,2.306251e-05,3.125656e-05,3.706156e-05,4.278939e-05,4.831077e-05,4.964744e-05,4.333848e-05,2.741416e-05,1.605053e-06,-3.166629e-05,-6.813997e-05,-1.048440e-04,-1.413038e-04,-1.777351e-04,4.941110e-06,-5.699835e-06,-1.654670e-05,-2.500289e-05,-2.968922e-05,-3.259685e-05,-3.439211e-05,-3.487365e-05,-3.415945e-05,-3.018265e-05,-2.166127e-05,-1.163892e-05,-4.641713e-06,-3.609650e-06,-8.803582e-06,-1.870809e-05,-3.019939e-05,-4.155021e-05
4.268707e-06,-2.923188e-06,-5.103125e-05,3.493776e-04,3.897837e-04,4.293617e-04,4.441311e-04,4.578529e-04,4.519582e-04,4.266834e-04,3.885805e-04,3.470692e-04,3.133009e-04,4.051238e-04,6.116037e-04,8.772070e-04,1.091200e-03,8.499603e-04,5.150052e-04,8.826729e-05,-3.308326e-04,4.483412e-05,1.640305e-05,-1.203454e-05,-4.046162e-05,-6.898017e-05,-9.494537e-05,-1.160338e-04,-1.318627e-04,-1.382419e-04,-1.290886e-04,-9.896128e-05,-4.503537e-05,3.332648e-05,1.282799e-04,2.286745e-04,3.280239e-04,4.285584e-04,5.289755e-04,1.173493e-04,9.417229e-05,7.109957e-05,4.500143e-05,1.264831e-05,-2.556356e-05,-6.984110e-05,-1.210910e-04,-1.802384e-04,-2.478931e-04,-3.246895e-04,-4.023088e-04,-4.702383e-04,-5.214970e-04,-5.529606e-04,-5.691996e-04,-5.787465e-04,-5.886169e-04,8.108305e-06,1.732599e-05,2.654428e-05,3.572303e-05,4.527606e-05,5.338843e-05,5.884497e-05,6.373073e-05,6.777116e-05,6.712676e-05,5.873854e-05,4.097795e-05,1.379020e-05,-2.024758e-05,-5.687653e-05,-9.345407e-05,-1.297668e-04,-1.660394e-04,2.670394e-06,-6.634537e-06,-1.614580e-05,-2.325086e-05,-2.639502e-05,-2.757958e-05,-2.757446e-05,-2.631469e-05,-2.402711e-05,-1.897587e-05,-1.034811e-05,-1.105165e-06,4.490377e-06,3.517568e-06,-4.906182e-06,-1.892185e-05,-3.491049e-05,-5.072700e-05
7.023133e-06,8.266714e-08,-5.150497e-05,3.674784e-04,3.960737e-04,4.234393e-04,4.315627e-04,4.594262e-04,4.721325e-04,4.652970e-04,4.265574e-04,3.336993e-04,2.057701e-04,1.542110e-04,2.314352e-04,4.908099e-04,8.499603e-04,1.256564e-03,1.235018e-03,1.117842e-03,1.000513e-03,-2.125348e-04,-1.931187e-04,-1.737126e-04,-1.542801e-04,-1.349755e-04,-1.117011e-04,-7.983770e-05,-3.746699e-05,2.012011e-05,9.794697e-05,1.992541e-04,3.262139e-04,4.796982e-04,6.519988e-04,8.327128e-04,1.016745e-03,1.203108e-03,1.389203e-03,8.703404e-05,6.080754e-05,3.465604e-05,5.916731e-06,-2.817550e-05,-6.520476e-05,-1.026074e-04,-1.382662e-04,-1.701588e-04,-1.948844e-04,-2.076663e-04,-2.008117e-04,-1.661255e-04,-9.813449e-05,6.293561e-06,1.364678e-04,2.775012e-04,4.179066e-04,2.553828e-05,3.527291e-05,4.500491e-05,5.472542e-05,6.498368e-05,7.381025e-05,7.969383e-05,8.446874e-05,8.769972e-05,8.554567e-05,7.522050e-05,5.529626e-05,2.580626e-05,-1.061804e-05,-4.977003e-05,-8.919304e-05,-1.283690e-04,-1.674872e-04,7.064298e-06,1.165192e-06,-4.944567e-06,-8.651769e-06,-8.282686e-06,-6.013693e-06,-2.848378e-06,9.913789e-07,5.032066e-06,1.059067e-05,1.786689e-05,2.401269e-05,2.508290e-05,1.829867e-05,2.605733e-06,-1.959547e-05,-4.414351e-05,-6.848576e-05
9.443606e-06,5.367401e-06,-5.234497e-05,4.073492e-04,4.156255e-04,4.218155e-04,4.195533e-04,4.596869e-04,4.890399e-04,5.027879e-04,4.712769e-04,3.460964e-04,1.455837e-04,-4.649037e-05,-1.219226e-04,5.444612e-05,5.150052e-04,1.235018e-03,2.006701e-03,2.441284e-03,2.927812e-03,-3.953463e-04,-3.394915e-04,-2.836490e-04,-2.277667e-04,-1.720275e-04,-1.111933e-04,-3.865723e-05,4.856799e-05,1.551749e-04,2.852253e-04,4.399561e-04,6.212931e-04,8.313634e-04,1.064709e-03,1.313786e-03,1.575688e-03,1.841406e-03,2.106639e-03,1.712938e-05,-1.138433e-05,-3.985299e-05,-7.017595e-05,-1.036873e-04,-1.349368e-04,-1.576574e-04,-1.657060e-04,-1.530804e-04,-1.119055e-04,-3.162838e-05,9.492648e-05,2.735817e-04,5.082426e-04,7.994756e-04,1.128068e-03,1.471728e-03,1.814378e-03,4.042570e-05,5.076475e-05,6.109847e-05,7.145422e-05,8.251872e-05,9.219081e-05,9.864821e-05,1.034868e-04,1.061224e-04,1.026350e-04,9.043856e-05,6.824079e-05,3.604559e-05,-3.682615e-06,-4.698328e-05,-9.159947e-05,-1.360438e-04,-1.804045e-04,2.237500e-05,2.123998e-05,1.988701e-05,2.090032e-05,2.597293e-05,3.261791e-05,3.951651e-05,4.606154e-05,5.147111e-05,5.663557e-05,6.114586e-05,6.219795e-05,5.609141e-05,4.017712e-05,1.354773e-05,-2.056892e-05,-5.739800e-05,-9.398373e-05
1.193154e-05,1.057272e-05,-5.339861e-05,4.603365e-04,4.432569e-04,4.229567e-04,4.078810e-04,4.582632e-04,5.030234e-04,5.405484e-04,5.215077e-04,3.731240e-04,1.105002e-04,-2.206758e-04,-4.664807e-04,-4.092382e-04,8.826729e-05,1.117842e-03,2.441284e-03,4.048802e-03,5.541716e-03,-5.384428e-04,-4.509200e-04,-3.634110e-04,-2.758510e-04,-1.884351e-04,-9.505081e-05,1.255713e-05,1.377647e-04,2.843040e-04,4.544859e-04,6.467031e-04,8.618545e-04,1.102843e-03,1.367383e-03,1.651806e-03,1.956676e-03,2.266871e-03,2.576385e-03,-6.752161e-05,-9.739637e-05,-1.272565e-04,-1.580852e-04,-1.892350e-04,-2.117418e-04,-2.152836e-04,-1.893488e-04,-1.235887e-04,-5.515237e-06,1.814067e-04,4.439991e-04,7.857408e-04,1.209296e-03,1.712564e-03,2.267059e-03,2.842067e-03,3.415647e-03,5.823360e-05,6.873302e-05,7.922541e-05,8.976509e-05,1.011480e-04,1.111425e-04,1.176228e-04,1.220042e-04,1.236478e-04,1.186174e-04,1.046173e-04,8.059133e-05,4.658619e-05,4.834484e-06,-4.099873e-05,-8.896968e-05,-1.368382e-04,-1.845960e-04,3.457240e-05,3.877888e-05,4.275853e-05,4.907321e-05,5.940338e-05,7.093720e-05,8.205076e-05,9.175552e-05,9.894812e-05,1.041045e-04,1.061852e-04,1.023859e-04,8.920457e-05,6.404709e-05,2.612823e-05,-2.044839e-05,-7.021597e-05,-1.196968e-04
1.414182e-05,1.556825e-05,-5.431787e-05,5.114945e-04,4.693553e-04,4.228789e-04,3.951531e-04,4.558942e-04,5.161488e-04,5.772812e-04,5.704008e-04,3.981470e-04,7.276943e-05,-3.975314e-04,-8.122155e-04,-8.722843e-04,-3.308326e-04,1.000513e-03,2.927812e-03,5.541716e-03,8.690895e-03,-6.823846e-04,-5.628355e-04,-4.433018e-04,-3.237058e-04,-2.042555e-04,-7.795774e-05,6.510642e-05,2.287372e-04,4.157520e-04,6.267272e-04,8.572274e-04,1.107134e-03,1.380113e-03,1.676975e-03,1.997851e-03,2.346685e-03,2.702255e-03,3.056966e-03,-1.497880e-04,-1.811431e-04,-2.125143e-04,-2.439742e-04,-2.729231e-04,-2.869217e-04,-2.716192e-04,-2.121610e-04,-9.387923e-05,1.003265e-04,3.929730e-04,7.905346e-04,1.294161e-03,1.905278e-03,2.619176e-03,3.398153e-03,4.203165e-03,5.006350e-03,7.366793e-05,8.439512e-05,9.511370e-05,1.059055e-04,1.176720e-04,1.280567e-04,1.346353e-04,1.386433e-04,1.393914e-04,1.329454e-04,1.173055e-04,9.165273e-05,5.607773e-05,1.258797e-05,-3.544640e-05,-8.639897e-05,-1.372912e-04,-1.880475e-04,4.560170e-05,5.507140e-05,6.430608e-05,7.584172e-05,9.134698e-05,1.077009e-04,1.229866e-04,1.358463e-04,1.448642e-04,1.501015e-04,1.498847e-04,1.414152e-04,1.213951e-04,8.728884e-05,3.843064e-05,-2.021303e-05,-8.251103e-05,-1.444818e-04
-2.304847e-04,6.450215e-06,-4.958888e-06,3.570717e-04,2.648110e-04,1.616739e-04,1.594285e-04,-9.528106e-06,-1.559929e-04,-8.976254e-05,1.318915e-05,1.155346e-04,2.343510e-04,3.724938e-04,4.180467e-04,2.919669e-04,4.483412e-05,-2.125348e-04,-3.953463e-04,-5.384428e-04,-6.823846e-04,7.641116e-03,6.381493e-03,5.172746e-03,4.065366e-03,3.111452e-03,2.331062e-03,1.732358e-03,1.298891e-03,1.009018e-03,8.345495e-04,7.490994e-04,7.248182e-04,7.376830e-04,7.734191e-04,8.198959e-04,8.670078e-04,9.140092e-04,9.609438e-04,-5.083794e-04,-5.372721e-04,-5.658738e-04,-5.906044e-04,-5.862770e-04,-5.476231e-04,-4.844275e-04,-4.104199e-04,-3.384327e-04,-2.782971e-04,-2.413541e-04,-2.269448e-04,-2.352958e-04,-2.633163e-04,-3.052814e-04,-3.548280e-04,-4.083634e-04,-4.617141e-04,-1.800971e-03,-1.728356e-03,-1.655524e-03,-1.583218e-03,-1.517779e-03,-1.459672e-03,-1.411686e-03,-1.370243e-03,-1.332962e-03,-1.295395e-03,-1.260370e-03,-1.229805e-03,-1.203163e-03,-1.178268e-03,-1.154465e-03,-1.132790e-03,-1.112960e-03,-1.092985e-03,2.007522e-04,1.774815e-04,1.542197e-04,1.299152e-04,9.890384e-05,6.100467e-05,2.102377e-05,-1.516251e-05,-4.150165e-05,-5.447632e-05,-5.250523e-05,-3.837381e-05,-1.660104e-05,1.092220e-05,4.473252e-05,8.304050e-05,1.225347e-04,1.618694e-04
-2.310563e-04,6.626295e-06,-4.052930e-06,3.193868e-04,2.320757e-04,1.354052e-04,1.266352e-04,-2.264726e-05,-1.459688e-04,-7.344303e-05,2.143830e-05,9.814600e-05,1.863666e-04,2.910745e-04,3.247716e-04,2.201062e-04,1.640305e-05,-1.931187e-04,-3.394915e-04,-4.509200e-04,-5.628355e-04,6.381493e-03,5.471416e-03,4.547783e-03,3.678398e-03,2.910533e-03,2.269708e-03,1.769485e-03,1.400853e-03,1.148841e-03,9.912262e-04,9.071408e-04,8.742142e-04,8.725276e-04,8.900685e-04,9.167384e-04,9.441901e-04,9.716162e-04,9.989679e-04,-4.546496e-04,-4.757384e-04,-4.965823e-04,-5.139731e-04,-5.061833e-04,-4.686988e-04,-4.101098e-04,-3.427715e-04,-2.781638e-04,-2.246039e-04,-1.912473e-04,-1.774585e-04,-1.834976e-04,-2.066984e-04,-2.420197e-04,-2.840004e-04,-3.295607e-04,-3.749690e-04,-1.830187e-03,-1.754492e-03,-1.678590e-03,-1.603095e-03,-1.533962e-03,-1.471779e-03,-1.419545e-03,-1.374040e-03,-1.333084e-03,-1.292290e-03,-1.254541e-03,-1.221824e-03,-1.193537e-03,-1.167352e-03,-1.142538e-03,-1.120114e-03,-1.099627e-03,-1.078986e-03,2.001499e-04,1.763502e-04,1.525665e-04,1.277580e-04,9.673284e-05,5.935809e-05,2.023798e-05,-1.492665e-05,-4.023021e-05,-5.237797e-05,-5.007394e-05,-3.602279e-05,-1.462575e-05,1.234140e-05,4.553588e-05,8.324979e-05,1.221401e-04,1.608718e-04
-2.316266e-04,6.804065e-06,-3.146312e-06,2.817327e-04,1.993500e-04,1.091247e-04,9.380951e-05,-3.580356e-05,-1.359703e-04,-5.713359e-05,2.968466e-05,8.075610e-05,1.383815e-04,2.096549e-04,2.314956e-04,1.482422e-04,-1.203454e-05,-1.737126e-04,-2.836490e-04,-3.634110e-04,-4.433018e-04,5.172746e-03,4.547783e-03,3.926516e-03,3.290490e-03,2.709902e-03,2.208300e-03,1.806637e-03,1.502809e-03,1.288657e-03,1.147892e-03,1.065168e-03,1.023594e-03,1.007355e-03,1.006700e-03,1.013562e-03,1.021352e-03,1.029203e-03,1.036971e-03,-4.009281e-04,-4.142130e-04,-4.272992e-04,-4.373501e-04,-4.260983e-04,-3.897833e-04,-3.358007e-04,-2.751312e-04,-2.179028e-04,-1.709188e-04,-1.411488e-04,-1.279813e-04,-1.317096e-04,-1.500919e-04,-1.787710e-04,-2.131876e-04,-2.507745e-04,-2.882422e-04,-1.859394e-03,-1.780618e-03,-1.701646e-03,-1.622962e-03,-1.550137e-03,-1.483876e-03,-1.427395e-03,-1.377828e-03,-1.333196e-03,-1.289177e-03,-1.248703e-03,-1.213835e-03,-1.183904e-03,-1.156430e-03,-1.130604e-03,-1.107432e-03,-1.086288e-03,-1.064980e-03,1.995575e-04,1.752292e-04,1.509242e-04,1.256121e-04,9.457350e-05,5.772343e-05,1.946416e-05,-1.467898e-05,-3.894727e-05,-5.026860e-05,-4.763219e-05,-3.366193e-05,-1.264123e-05,1.376933e-05,4.634754e-05,8.346696e-05,1.217530e-04,1.598814e-04
-2.322027e-04,6.976282e-06,-2.240885e-06,2.438478e-04,1.665080e-04,8.284219e-05,6.108315e-05,-4.882649e-05,-1.258789e-04,-4.079243e-05,3.793390e-05,6.336161e-05,9.038863e-05,1.282249e-04,1.382101e-04,7.637608e-05,-4.046162e-05,-1.542801e-04,-2.277667e-04,-2.758510e-04,-3.237058e-04,4.065366e-03,3.678398e-03,3.290490e-03,2.906364e-03,2.508136e-03,2.147123e-03,1.843697e-03,1.604796e-03,1.428500e-03,1.304605e-03,1.223253e-03,1.173040e-03,1.142253e-03,1.123405e-03,1.110462e-03,1.098594e-03,1.086871e-03,1.075058e-03,-3.472953e-04,-3.527568e-04,-3.580654e-04,-3.607584e-04,-3.460277e-04,-3.108684e-04,-2.614824e-04,-2.074745e-04,-1.576198e-04,-1.172070e-04,-9.101885e-05,-7.846770e-05,-7.987971e-05,-9.343763e-05,-1.154679e-04,-1.423131e-04,-1.719195e-04,-2.014392e-04,-1.888643e-03,-1.806786e-03,-1.724744e-03,-1.642871e-03,-1.566352e-03,-1.496014e-03,-1.435286e-03,-1.381656e-03,-1.333347e-03,-1.286101e-03,-1.242900e-03,-1.205878e-03,-1.174302e-03,-1.145536e-03,-1.118697e-03,-1.094774e-03,-1.072972e-03,-1.050997e-03,1.989331e-04,1.740741e-04,1.492455e-04,1.234281e-04,9.237446e-05,5.604806e-05,1.864946e-05,-1.447160e-05,-3.770336e-05,-4.819642e-05,-4.522549e-05,-3.133377e-05,-1.068711e-05,1.516898e-05,4.713291e-05,8.365982e-05,1.213436e-04,1.588706e-04
-2.327578e-04,7.168530e-06,-1.328392e-06,2.056780e-04,1.332696e-04,5.605398e-05,2.774576e-05,-6.239662e-05,-1.161178e-04,-2.454729e-05,4.618518e-05,4.597308e-05,4.239804e-05,4.679478e-05,4.491033e-05,4.461147e-06,-6.898017e-05,-1.349755e-04,-1.720275e-04,-1.884351e-04,-2.042555e-04,3.111452e-03,2.910533e-03,2.709902e-03,2.508136e-03,2.310694e-03,2.085134e-03,1.881143e-03,1.706700e-03,1.568271e-03,1.461159e-03,1.381143e-03,1.322258e-03,1.276904e-03,1.239848e-03,1.207089e-03,1.175552e-03,1.144245e-03,1.112840e-03,-2.940762e-04,-2.916747e-04,-2.891666e-04,-2.844601e-04,-2.662126e-04,-2.321725e-04,-1.873455e-04,-1.399651e-04,-9.745621e-05,-6.359524e-05,-4.097924e-05,-2.904303e-05,-2.814458e-05,-3.688977e-05,-5.228719e-05,-7.157998e-05,-9.322573e-05,-1.148175e-04,-1.917744e-03,-1.832807e-03,-1.747696e-03,-1.662635e-03,-1.582422e-03,-1.508007e-03,-1.443032e-03,-1.385341e-03,-1.333360e-03,-1.282893e-03,-1.236972e-03,-1.197804e-03,-1.164589e-03,-1.134537e-03,-1.106690e-03,-1.082023e-03,-1.059567e-03,-1.036929e-03,1.984397e-04,1.730532e-04,1.477045e-04,1.213841e-04,9.031737e-05,5.451563e-05,1.797685e-05,-1.412482e-05,-3.632439e-05,-4.599502e-05,-4.269628e-05,-2.889019e-05,-8.624198e-06,1.667171e-05,4.801638e-05,8.394608e-05,1.210230e-04,1.579439e-04
-2.330826e-04,7.556930e-06,-6.977866e-07,1.663081e-04,1.015680e-04,3.350401e-05,1.541219e-06,-6.824137e-05,-9.998473e-05,-4.757024e-06,5.633715e-05,2.983850e-05,-4.939068e-06,-3.430031e-05,-4.791532e-05,-6.616024e-05,-9.494537e-05,-1.117011e-04,-1.111933e-04,-9.505081e-05,-7.795774e-05,2.331062e-03,2.269708e-03,2.208300e-03,2.147123e-03,2.085134e-03,2.017403e-03,1.911112e-03,1.805061e-03,1.706112e-03,1.617329e-03,1.539649e-03,1.472814e-03,1.413393e-03,1.358491e-03,1.306197e-03,1.255254e-03,1.204625e-03,1.153892e-03,-2.427648e-04,-2.327339e-04,-2.226380e-04,-2.107740e-04,-1.891204e-04,-1.562443e-04,-1.159898e-04,-7.518594e-05,-3.989206e-05,-1.235951e-05,7.004232e-06,1.874174e-05,2.246094e-05,1.912382e-05,1.103140e-05,1.001538e-08,-1.293180e-05,-2.585313e-05,-1.944307e-03,-1.856467e-03,-1.768465e-03,-1.680396e-03,-1.596677e-03,-1.518354e-03,-1.449264e-03,-1.387593e-03,-1.331979e-03,-1.278329e-03,-1.229743e-03,-1.188513e-03,-1.153777e-03,-1.122587e-03,-1.093895e-03,-1.068651e-03,-1.045709e-03,-1.022576e-03,1.993597e-04,1.734649e-04,1.476136e-04,1.208178e-04,8.975925e-05,5.449536e-05,1.881820e-05,-1.228231e-05,-3.349116e-05,-4.239508e-05,-3.882869e-05,-2.518076e-05,-5.391978e-06,1.921558e-05,4.977668e-05,8.491719e-05,1.211843e-04,1.572973e-04
-2.330845e-04,8.083592e-06,-4.928562e-07,1.284929e-04,7.412329e-05,1.771534e-05,-1.381465e-05,-6.266341e-05,-7.348116e-05,2.094173e-05,6.917836e-05,1.455370e-05,-5.313923e-05,-1.167610e-04,-1.413519e-04,-1.351124e-04,-1.160338e-04,-7.983770e-05,-3.865723e-05,1.255713e-05,6.510642e-05,1.732358e-03,1.769485e-03,1.806637e-03,1.843697e-03,1.881143e-03,1.911112e-03,1.929116e-03,1.892907e-03,1.839777e-03,1.772801e-03,1.700439e-03,1.627782e-03,1.555952e-03,1.484500e-03,1.413769e-03,1.344467e-03,1.275570e-03,1.206562e-03,-1.966863e-04,-1.803553e-04,-1.639935e-04,-1.462540e-04,-1.219810e-04,-9.043920e-05,-5.441884e-05,-1.943220e-05,9.729400e-06,3.227219e-05,4.991801e-05,6.318268e-05,7.163402e-05,7.578553e-05,7.725361e-05,7.686743e-05,7.504855e-05,7.321413e-05,-1.966386e-03,-1.876055e-03,-1.785570e-03,-1.694911e-03,-1.608130e-03,-1.526322e-03,-1.453449e-03,-1.387995e-03,-1.328841e-03,-1.272060e-03,-1.220863e-03,-1.177647e-03,-1.141503e-03,-1.109318e-03,-1.079940e-03,-1.054285e-03,-1.031021e-03,-1.007556e-03,2.012171e-04,1.749578e-04,1.487451e-04,1.216258e-04,9.068375e-05,5.599715e-05,2.116121e-05,-9.005020e-06,-2.932485e-05,-3.757350e-05,-3.384293e-05,-2.046295e-05,-1.288923e-06,2.244909e-05,5.199006e-05,8.606365e-05,1.212270e-04,1.562392e-04
-2.325319e-04,8.702558e-06,-2.596560e-07,9.367136e-05,4.980527e-05,4.928214e-06,-2.400786e-05,-5.416547e-05,-4.792699e-05,4.052727e-05,7.475182e-05,-6.170565e-06,-1.064838e-04,-2.035434e-04,-2.374833e-04,-2.033772e-04,-1.318627e-04,-3.746699e-05,4.856799e-05,1.377647e-04,2.287372e-04,1.298891e-03,1.400853e-03,1.502809e-03,1.604796e-03,1.706700e-03,1.805061e-03,1.892907e-03,1.957760e-03,1.955777e-03,1.920256e-03,1.859469e-03,1.786358e-03,1.706423e-03,1.622094e-03,1.536193e-03,1.451679e-03,1.367673e-03,1.283547e-03,-1.584318e-04,-1.380416e-04,-1.176473e-04,-9.618697e-05,-7.076742e-05,-4.115428e-05,-9.191240e-06,2.082015e-05,4.523318e-05,6.468039e-05,8.289591e-05,1.003563e-04,1.165955e-04,1.316493e-04,1.464454e-04,1.606919e-04,1.741079e-04,1.874668e-04,-1.981082e-03,-1.889013e-03,-1.796801e-03,-1.704316e-03,-1.615275e-03,-1.530749e-03,-1.454718e-03,-1.385894e-03,-1.323425e-03,-1.263597e-03,-1.209748e-03,-1.164405e-03,-1.126642e-03,-1.093206e-03,-1.062860e-03,-1.036501e-03,-1.012624e-03,-9.885345e-04,2.031446e-04,1.768290e-04,1.505624e-04,1.234174e-04,9.280189e-05,5.880593e-05,2.484838e-05,-4.412486e-06,-2.392436e-05,-3.164261e-05,-2.789584e-05,-1.494911e-05,3.432918e-06,2.611255e-05,5.442063e-05,8.719633e-05,1.210143e-04,1.546852e-04
-2.316358e-04,9.207832e-06,2.522715e-07,6.111875e-05,2.685800e-05,-7.663987e-06,-3.271956e-05,-4.701833e-05,-2.869579e-05,4.888148e-05,6.787377e-05,-3.572968e-05,-1.663936e-04,-2.937990e-04,-3.338523e-04,-2.674183e-04,-1.382419e-04,2.012011e-05,1.551749e-04,2.843040e-04,4.157520e-04,1.009018e-03,1.148841e-03,1.288657e-03,1.428500e-03,1.568271e-03,1.706112e-03,1.839777e-03,1.955777e-03,2.040362e-03,2.045585e-03,2.009702e-03,1.945845e-03,1.866557e-03,1.776969e-03,1.682912e-03,1.589957e-03,1.497637e-03,1.405189e-03,-1.248919e-04,-1.044441e-04,-8.401182e-05,-6.273759e-05,-3.935399e-05,-1.386842e-05,1.285483e-05,3.779541e-05,5.850652e-05,7.697983e-05,9.864396e-05,1.238865e-04,1.521837e-04,1.830245e-04,2.166250e-04,2.513775e-04,2.860990e-04,3.207126e-04,-1.989767e-03,-1.896765e-03,-1.803630e-03,-1.710135e-03,-1.619693e-03,-1.533284e-03,-1.454810e-03,-1.383138e-03,-1.317652e-03,-1.254847e-03,-1.198188e-03,-1.150357e-03,-1.110459e-03,-1.075145e-03,-1.043134e-03,-1.015350e-03,-9.901412e-04,-9.647095e-04,2.033407e-04,1.773438e-04,1.513985e-04,1.245865e-04,9.456019e-05,6.142843e-05,2.845515e-05,1.363464e-07,-1.860140e-05,-2.588609e-05,-2.224320e-05,-9.859735e-06,7.602852e-06,2.910398e-05,5.605273e-05,8.739928e-05,1.197318e-04,1.519217e-04
-2.303660e-04,9.324034e-06,8.362076e-07,3.212530e-05,6.342592e-06,-1.921686e-05,-3.961062e-05,-4.027276e-05,-1.346682e-05,5.117753e-05,5.603587e-05,-6.506458e-05,-2.229162e-04,-3.772938e-04,-4.211331e-04,-3.196385e-04,-1.290886e-04,9.794697e-05,2.852253e-04,4.544859e-04,6.267272e-04,8.345495e-04,9.912262e-04,1.147892e-03,1.304605e-03,1.461159e-03,1.617329e-03,1.772801e-03,1.920256e-03,2.045585e-03,2.130917e-03,2.133039e-03,2.095434e-03,2.030244e-03,1.947946e-03,1.857271e-03,1.767073e-03,1.677652e-03,1.588098e-03,-9.233288e-05,-7.619375e-05,-6.008377e-05,-4.328595e-05,-2.560612e-05,-7.038362e-06,1.260796e-05,3.170463e-05,4.910064e-05,6.817147e-05,9.560312e-05,1.316935e-04,1.759165e-04,2.272067e-04,2.850440e-04,3.462688e-04,4.085342e-04,4.706291e-04,-1.992190e-03,-1.899070e-03,-1.805824e-03,-1.712146e-03,-1.621176e-03,-1.533750e-03,-1.453624e-03,-1.379738e-03,-1.311647e-03,-1.246012e-03,-1.186422e-03,-1.135730e-03,-1.093140e-03,-1.055262e-03,-1.020805e-03,-9.907727e-04,-9.634086e-04,-9.358106e-04,1.999828e-04,1.745867e-04,1.492444e-04,1.230456e-04,9.382813e-05,6.172850e-05,2.987351e-05,2.595800e-06,-1.531532e-05,-2.215627e-05,-1.859490e-05,-6.746112e-06,9.815435e-06,3.012928e-05,5.566532e-05,8.549739e-05,1.162392e-04,1.468443e-04
-2.289590e-04,9.038957e-06,1.370718e-06,6.839678e-06,-1.139094e-05,-2.912072e-05,-4.441303e-05,-3.351583e-05,-1.173039e-06,4.982948e-05,4.294704e-05,-8.933811e-05,-2.677986e-04,-4.428778e-04,-4.888095e-04,-3.520052e-04,-9.896128e-05,1.992541e-04,4.399561e-04,6.467031e-04,8.572274e-04,7.490994e-04,9.071408e-04,1.065168e-03,1.223253e-03,1.381143e-03,1.539649e-03,1.700439e-03,1.859469e-03,2.009702e-03,2.133039e-03,2.216180e-03,2.221352e-03,2.190814e-03,2.132979e-03,2.062159e-03,1.990540e-03,1.919901e-03,1.849118e-03,-5.936325e-05,-5.115339e-05,-4.298146e-05,-3.423418e-05,-2.537491e-05,-1.621886e-05,-5.503481e-06,6.574110e-06,2.018706e-05,4.010252e-05,7.400105e-05,1.223233e-04,1.847152e-04,2.596729e-04,3.459178e-04,4.384637e-04,5.334739e-04,6.282369e-04,-1.990666e-03,-1.898079e-03,-1.805372e-03,-1.712170e-03,-1.621380e-03,-1.533659e-03,-1.452567e-03,-1.377040e-03,-1.306741e-03,-1.238438e-03,-1.175800e-03,-1.121846e-03,-1.075955e-03,-1.034751e-03,-9.969708e-04,-9.637521e-04,-9.332990e-04,-9.025998e-04,1.934727e-04,1.687917e-04,1.441658e-04,1.186986e-04,9.037118e-05,5.935810e-05,2.867251e-05,2.495733e-06,-1.451750e-05,-2.081564e-05,-1.717303e-05,-5.673007e-06,1.015336e-05,2.938850e-05,5.354821e-05,8.184959e-05,1.109541e-04,1.399298e-04
